date,Close,High,Low,Open,Volume,aVWAP_BoS_CHoCH_bull_33,aVWAP_BoS_CHoCH_bull_82,aVWAP_BoS_CHoCH_bull_117,aVWAP_BoS_CHoCH_bull_152,aVWAP_BoS_CHoCH_bear_28,aVWAP_BoS_CHoCH_bear_41,Peaks_Valleys_avg,color,StDev,StDev_Mean,StdDev_ZScore,MA_Cross_Count,MA_Avg_Deviation_Z,MA_Oscillation_Score,BoS,CHoCH,BoS_CHoCH_Price,BoS_CHoCH_Break_Index,QQEMOD,QQE1_Value,QQE1_Above_Upper,QQE1_Below_Lower,QQE2_Above_Threshold,QQE2_Below_Threshold,QQE2_Above_TL,banker_RSI
2021-12-31 00:00:00+00:00,19.0257174612,19.3794164888,18.5404094931,18.8283040505,18187068,,,,,,,,#000000,,,,0,,,0.0,0.0,0.0,0.0,,,False,False,False,False,False,
2022-01-07 00:00:00+00:00,21.6743473888,21.7566029766,19.2642586659,19.2889353422,45913327,,,,,,,,"rgba(38, 166, 154, 0.5)",,,,0,,,0.0,0.0,0.0,0.0,100.0,,False,False,True,False,False,
2022-01-14 00:00:00+00:00,22.2172342684,22.2254598272,21.3370994788,21.9211141523,49097387,,,,,,,,"rgba(38, 166, 154, 0.5)",,,,0,,,0.0,0.0,0.0,0.0,100.0,50.0,False,False,True,False,True,
2022-01-21 00:00:00+00:00,20.3911602189,22.3488432089,20.2842279548,22.3323920913,41044369,,,,,,,,"rgba(38, 166, 154, 0.5)",,,,0,,,0.0,0.0,0.0,0.0,88.75574875000657,39.37066874024059,False,False,True,False,False,
2022-01-28 00:00:00+00:00,20.6708292175,21.2137160971,19.675536605,20.0292356326,51486587,,,,,,,,"rgba(38, 166, 154, 0.5)",,,,0,,,0.0,0.0,0.0,0.0,81.40622903632203,32.884265878573686,False,False,True,False,False,
2022-02-04 00:00:00+00:00,21.5262873308,21.6743473888,20.1690701318,20.4158368953,33537019,,,,,,,,"rgba(38, 166, 154, 0.5)",,,,0,,,0.0,0.0,0.0,0.0,77.90816011864509,30.215227118998015,False,False,True,False,False,
2022-02-11 00:00:00+00:00,21.5674151247,22.2912642974,21.402903949,21.5221745514,44712415,,,,,,,,"rgba(38, 166, 154, 0.5)",,,,0,,,0.0,0.0,0.0,0.0,75.48416527809331,28.5224727892047,False,False,True,False,False,
2022-02-18 00:00:00+00:00,21.0903327154,22.0609486515,21.0163026863,21.6496707125,33629132,,,,,,,,"rgba(38, 166, 154, 0.5)",,,,0,,,0.0,0.0,0.0,0.0,71.86353038973851,25.61222383249512,False,False,True,False,False,
2022-02-25 00:00:00+00:00,20.8106637168,21.2712950085,19.1449880636,21.1067838329,37671398,,,,,,,,"rgba(38, 166, 154, 0.5)",,,,0,,,0.0,0.0,0.0,0.0,68.26439990615731,22.695236691107567,False,False,True,False,False,
2022-03-04 00:00:00+00:00,19.2483095469,20.7818742611,18.9333070651,20.0938425244,58175859,,,,,,,,"rgba(38, 166, 154, 0.5)",,,,0,,,0.0,0.0,0.0,0.0,61.417435891571685,16.675750192671757,False,False,True,False,False,
2022-03-11 00:00:00+00:00,18.9996233771,19.6503521882,18.3198811795,19.0410710721,53155469,,,,,,,,"rgba(38, 166, 154, 0.5)",,,,0,,,0.0,0.0,0.0,0.0,56.004145622524035,12.109875547560172,False,False,True,False,False,
2022-03-18 00:00:00+00:00,19.8368668156,20.4834508572,19.3809421709,19.3975212488,62111411,,,,,,,,"rgba(38, 166, 154, 0.5)",,,,0,,,0.0,0.0,0.0,0.0,54.26820798352628,11.022272555192465,False,False,True,False,False,
2022-03-25 00:00:00+00:00,19.8037086596,20.4088450063,19.4472584828,19.9114726666,30039854,,,,,,,,#000000,,,,0,,,0.0,0.0,0.0,0.0,52.950215377783074,10.16720662496968,False,False,False,False,False,
2022-04-01 00:00:00+00:00,17.9551414637,19.8575906631,17.8639565347,19.6296283407,43221893,,,,,,,,#000000,,,,0,,,0.0,0.0,0.0,0.0,48.51469880832184,6.2159201156088955,False,False,False,False,False,
2022-04-08 00:00:00+00:00,17.2173724931,18.0504711621,16.9438177063,17.9219833077,49380416,,,,,,,,"rgba(239, 83, 80, 0.5)",,,,0,,,0.0,0.0,0.0,0.0,44.32763612878796,2.508244483200066,False,False,False,True,False,
2022-04-15 00:00:00+00:00,16.9769758622,17.7064552938,16.7448687704,17.2256620321,38477096,,,,,,,,"rgba(239, 83, 80, 0.5)",,,,0,,,0.0,0.0,0.0,0.0,41.025433848688316,-0.37415990728919724,False,False,False,True,False,
2022-04-22 00:00:00+00:00,17.1676352591,18.3779079524,16.9230938588,16.9603967842,64934071,,,,,,,,"rgba(239, 83, 80, 0.5)",,,,0,,,0.0,0.0,0.0,0.0,39.17819698676237,-1.9333495916584695,False,False,False,True,False,
2022-04-29 00:00:00+00:00,16.0070997998,17.1593457201,15.9697139789,17.0350026352,57852238,,,,,,,,"rgba(239, 83, 80, 0.5)",,,,0,,,0.0,0.0,0.0,0.0,36.39770564872938,-4.4801287740381355,False,False,False,True,False,
2022-05-06 00:00:00+00:00,16.1977591967,16.8609223163,15.7667031689,16.0734161118,47021901,,,,,,,,"rgba(239, 83, 80, 0.5)",,,,0,,,0.0,0.0,0.0,0.0,34.92332400901925,-5.83747813579879,False,False,False,True,False,
2022-05-13 00:00:00+00:00,15.4351216091,16.1646010407,15.0455132763,15.9822311828,51836312,,,,,,,,"rgba(239, 83, 80, 0.5)",,,,0,,,0.0,0.0,0.0,0.0,32.99454006628585,-7.71554133534611,False,False,False,True,False,
2022-05-20 00:00:00+00:00,15.1864354393,16.0236788778,14.8631434185,15.4599902261,41406025,,,,,,,,"rgba(239, 83, 80, 0.5)",,,,0,,,0.0,0.0,0.0,0.0,31.35006299413932,-9.376407976707284,False,False,False,True,False,
2022-05-27 00:00:00+00:00,16.591512299,16.6752232591,15.2568965207,15.584333311,60586753,,,,,,,,"rgba(239, 83, 80, 0.5)",,,,0,,,0.0,0.0,0.0,0.0,33.649350148539966,-9.376407976707284,False,False,False,True,False,
2022-06-03 00:00:00+00:00,16.4408325707,16.8426451794,16.0808754421,16.3320083225,43100300,,,,,,,,"rgba(239, 83, 80, 0.5)",,,,0,,,0.0,0.0,0.0,0.0,35.07964362665936,-9.376407976707284,False,False,False,True,False,
2022-06-10 00:00:00+00:00,14.8754376162,16.7296353832,14.8503243281,16.624996683,33894794,,,,,,,,"rgba(239, 83, 80, 0.5)",,,,0,,,0.0,0.0,0.0,0.0,34.18682275669635,-9.376407976707284,False,False,False,True,False,
2022-06-17 00:00:00+00:00,14.4485117195,15.0930861125,14.1890077431,14.4819961035,71887301,,,,,,,,"rgba(239, 83, 80, 0.5)",,,,0,,,0.0,0.0,0.0,0.0,33.10893941231676,-9.376407976707284,False,False,False,True,False,
2022-06-24 00:00:00+00:00,14.9256641923,15.0093751524,13.9713592467,14.8503243281,51979377,,,,,,,,"rgba(239, 83, 80, 0.5)",,,,0,,,0.0,0.0,0.0,0.0,33.424154360047496,-9.376407976707284,False,False,False,True,False,
2022-07-01 00:00:00+00:00,14.6494180238,15.1684259766,14.0215858228,15.0177462484,42928197,,,,,,,,"rgba(239, 83, 80, 0.5)",,,,0,,,0.0,0.0,0.0,0.0,33.32920820715695,-9.376407976707284,False,False,False,True,False,
2022-07-08 00:00:00+00:00,14.6410469278,14.9590648653,14.0634413029,14.2810897992,24618956,,,,,,,,"rgba(239, 83, 80, 0.5)",,,,0,,,0.0,0.0,0.0,0.0,33.25134769145025,-9.376407976707284,False,False,False,True,False,
2022-07-15 00:00:00+00:00,14.6661602158,14.8084688481,13.7327830103,14.4987382956,34544280,,,,,,,14.4024706914,"rgba(239, 83, 80, 0.5)",,14.4024706914,,0,,,-1.0,0.0,13.732783,39.0,33.26080646124737,-9.376407976707284,False,False,False,True,False,
2022-07-22 00:00:00+00:00,15.1014572085,15.8883402338,14.74150008,14.8921798082,75030030,,,,,,,14.978540030060087,"rgba(239, 83, 80, 0.5)",,14.978540030060087,,0,,,0.0,0.0,0.0,0.0,34.40038109491119,-9.376407976707284,False,False,False,True,False,
2022-07-29 00:00:00+00:00,15.3191057049,15.377703377,14.6829024079,15.2772502248,68664385,,,,,,,15.035567046254446,"rgba(239, 83, 80, 0.5)",,15.035567046254446,,0,,,0.0,0.0,0.0,0.0,35.76755224203097,-9.376407976707284,False,False,False,True,False,
2022-08-05 00:00:00+00:00,15.1181994006,15.3274768009,14.78335556,15.1516837846,38701453,,,,,,,15.042841514796345,"rgba(239, 83, 80, 0.5)",,15.042841514796345,,0,,,0.0,0.0,0.0,0.0,36.4125699301723,-9.376407976707284,False,False,False,True,False,
2022-08-12 00:00:00+00:00,16.2482973624,16.2524829104,15.0051896044,15.2772502248,40694322,,,,,,,15.168016956719685,"rgba(239, 83, 80, 0.5)",,15.168016956719685,,0,,,0.0,0.0,0.0,0.0,39.55484859311508,-9.376407976707284,False,False,False,True,True,
2022-08-19 00:00:00+00:00,16.1562153063,16.633367779,15.988793386,16.0557621541,38632452,,,,,16.259458823766668,,15.310338196144054,"rgba(239, 83, 80, 0.5)",,15.784898509955362,,0,,,0.0,1.0,16.633368,45.0,41.62258173302827,-14.46103409343226,False,False,False,True,True,
2022-08-26 00:00:00+00:00,15.4279299531,16.0808754421,15.4279299531,15.8715980418,31137037,,,,,15.985493567561468,,15.342220486762773,"rgba(239, 83, 80, 0.5)",,15.66385702716212,,0,,,0.0,0.0,0.0,0.0,41.76845989566619,-14.142697456205077,False,False,False,True,True,
2022-09-02 00:00:00+00:00,14.8503405962,15.3918914784,14.6218738178,15.3326593506,45199706,,,,,15.580241730995855,,15.29521149319207,"rgba(239, 83, 80, 0.5)",,15.437726612093963,,0,,,0.0,0.0,0.0,0.0,40.93365802452109,-14.142697456205077,False,False,False,True,True,
2022-09-09 00:00:00+00:00,15.7895929074,15.8995954304,14.5161021612,14.9688048517,34679870,,,,,15.538880952294523,,15.304284312039949,"rgba(239, 83, 80, 0.5)",,15.421582632167237,,0,,,0.0,0.0,0.0,0.0,42.42785235387275,-13.159849446433185,False,False,False,True,True,
2022-09-16 00:00:00+00:00,14.9772665842,16.1238313425,14.799570201,15.9080571629,62781257,,,,,15.468348344935425,,15.303741849524197,"rgba(239, 83, 80, 0.5)",,15.386045097229811,,0,,,0.0,0.0,0.0,0.0,42.17878103035402,-13.159849446433185,False,False,False,True,True,
2022-09-23 00:00:00+00:00,13.8941648199,15.1591938337,13.6233893789,14.7064911432,62126630,,,,,15.187135859747785,,15.177880377143206,"rgba(239, 83, 80, 0.5)",,15.182508118445496,,0,,,0.0,0.0,0.0,0.0,40.51928652172928,-13.159849446433185,False,False,False,True,True,
2022-09-30 00:00:00+00:00,13.5556955186,13.974551279,13.3187670077,13.7418536343,53478331,,,,,14.931054713292491,,15.035293734827507,"rgba(239, 83, 80, 0.5)",,14.983174224059999,,0,,,0.0,0.0,0.0,0.0,38.917179973071306,-13.159849446433185,False,False,False,True,False,
2022-10-07 00:00:00+00:00,13.6656980415,14.52879476,13.5260794547,13.7757005645,53307657,,,,,14.787882905578712,,14.941152228190065,"rgba(239, 83, 80, 0.5)",,14.864517566884388,,0,,,0.0,0.0,0.0,0.0,38.02894451926784,-13.159849446433185,False,False,False,True,False,
2022-10-14 00:00:00+00:00,13.9449352151,14.5541799576,12.9083729798,13.7080067042,68222358,13.80249605083333,,,,14.638348644211117,,14.316902027765089,"rgba(239, 83, 80, 0.5)",,14.424050899913766,,0,,,0.0,-1.0,12.908373,63.0,38.05669829679728,-13.159849446433185,False,False,False,True,False,
2022-10-21 00:00:00+00:00,14.3003279815,14.7318763408,13.2426114149,14.2749427839,85244181,13.963083998534557,,,,14.551202295744103,,14.357410628813717,"rgba(239, 83, 80, 0.5)",,14.422007851123846,,0,,,0.0,0.0,0.0,0.0,38.90608419993712,-13.159849446433185,False,False,False,True,False,
2022-10-28 00:00:00+00:00,15.3157358856,15.3241976181,14.3680218418,14.3680218418,61948385,14.262039818667933,,,,14.598066473427245,,14.515984915824735,"rgba(239, 83, 80, 0.5)",,14.543345435025572,,0,,,0.0,0.0,0.0,0.0,41.62909107016404,-13.079828963314448,False,False,False,True,True,
2022-11-04 00:00:00+00:00,15.4257384085,15.7049755821,14.6641824805,15.2141950952,55842681,14.468507977786949,,,,14.655132667054408,,14.63440414415997,"rgba(239, 83, 80, 0.5)",,14.64131365179145,,0,,,0.0,0.0,0.0,0.0,43.78579757508897,-10.935314814409622,False,False,False,True,True,
2022-11-11 00:00:00+00:00,16.7796156139,16.9530811308,15.1211160373,15.5188174664,51056363,14.756187942875084,,,,14.77336485128482,,15.306642419908313,#000000,,15.17332302775244,,0,,,0.0,0.0,0.0,0.0,47.63951997871128,-7.227910246227395,False,False,False,False,True,
2022-11-18 00:00:00+00:00,15.7472842448,16.718268053,15.5526643965,16.6357661608,63511347,14.961933475048033,,,,14.875416657599555,,15.347035939820111,#000000,,15.229131119264974,,0,,,0.0,0.0,0.0,0.0,48.507724580254894,-6.443156579324835,False,False,False,False,True,
2022-11-25 00:00:00+00:00,16.1026770112,16.1492165401,15.6457434544,15.688052117,27364719,15.028422705118889,,,,14.912973557826913,,15.367454563749229,#000000,,15.253834312268651,,0,,,0.0,0.0,0.0,0.0,49.70205904774872,-5.300671881738211,False,False,False,False,True,
2022-12-02 00:00:00+00:00,15.8720613312,16.2485414922,15.2388901515,15.9747377388,51614245,15.112603226102976,,,,14.966257768804416,,15.380420975968093,#000000,,15.276880174177172,,0,,,0.0,0.0,0.0,0.0,50.140451210962496,-4.8477840992621495,False,False,False,False,True,
2022-12-09 00:00:00+00:00,14.905191827,15.7522721891,14.4517043604,15.7009339854,62168740,15.10361203734952,,,,14.971057859301526,,15.298502749394466,#000000,,15.21664152687123,,0,,,0.0,0.0,0.0,0.0,48.84153470835055,-4.8477840992621495,False,False,False,False,True,0.0
2022-12-16 00:00:00+00:00,14.2206824434,15.3986375288,14.0581114648,14.8709663578,69796765,15.039932337454692,,,,14.941664245221071,,15.181634171138429,#000000,,15.014213808166224,,0,,,0.0,0.0,0.0,0.0,46.909481261785714,-4.8477840992621495,False,False,False,False,False,0.0
2022-12-23 00:00:00+00:00,14.6998390119,14.7425352847,14.1137278522,14.2634642799,39834623,15.007317003823012,,,,14.925112708672248,,15.129618166872747,#000000,,14.971060732339453,,0,,,0.0,0.0,0.0,0.0,46.43396296812995,-4.8477840992621495,False,False,False,False,False,0.0
2022-12-30 00:00:00+00:00,14.905191827,14.9736427653,14.5886062371,14.7340644811,18337658,15.00214177860351,,,,14.92329656887247,,15.117858581486084,#000000,,14.972284774267752,,0,,,0.0,0.0,0.0,0.0,46.4773329785738,-4.8477840992621495,False,False,False,False,False,0.0
2023-01-06 00:00:00+00:00,15.7180467199,15.7693849237,15.0164246018,15.0848755402,38388413,15.029778429051506,,,,14.943942910512655,,15.135849011353272,#000000,,15.040027852769935,,0,,,0.0,0.0,0.0,0.0,47.94391236656142,-4.8477840992621495,False,False,False,False,False,0.0
2023-01-13 00:00:00+00:00,15.5554757414,15.8806176985,15.0335373364,15.6752648835,45116757,15.057888971109836,,,,14.96593879227614,,15.153905799069364,#000000,,15.091968031838102,,0,,,0.0,0.0,0.0,0.0,48.700102658743056,-4.8477840992621495,False,False,False,False,False,0.0
2023-01-20 00:00:00+00:00,14.9223045616,15.5340848231,13.9768259755,15.5126939049,76099437,15.034829950161583,,,,14.95608395967836,,15.11535541588155,#000000,,15.01806936988541,,0,,,0.0,0.0,0.0,0.0,48.13919601055087,-4.8477840992621495,False,False,False,False,False,0.0
2023-01-27 00:00:00+00:00,16.2485414922,16.3854433689,14.8795227251,14.9736427653,69118435,15.097639391755418,,,,15.004261765104886,,15.168637841059146,#000000,,15.215633424766068,,0,,,0.0,0.0,0.0,0.0,49.9602514608071,-4.538137775161729,False,False,False,False,True,0.0
2023-02-03 00:00:00+00:00,17.1298473235,17.3694256078,15.9576250042,16.1030832482,84060787,15.24716114007579,,,,15.117336398886106,16.818965978500003,15.685504475921014,#000000,,15.911235728081532,,0,,,0.0,0.0,0.0,0.0,52.48469174074244,-2.037240599325358,False,False,False,False,True,0.48360689929391754
2023-02-10 00:00:00+00:00,16.6335780205,17.1897418946,16.4966761437,16.9416072431,40769898,15.308858800673239,,,,15.165913813654077,16.80406185577017,15.724304694554583,#000000,,15.98768276937093,,0,,,0.0,0.0,0.0,0.0,53.384866514155156,-1.133664130095866,False,False,False,False,True,0.0
2023-02-17 00:00:00+00:00,16.3854433689,16.8132617336,16.068857779,16.5736834494,39845723,15.35118725309176,,,,15.200935821564936,16.711742785839355,15.729536170235038,#000000,,16.0056399082016,,0,,,0.0,0.0,0.0,0.0,53.582915967297154,-0.8732390417464231,False,False,False,False,True,0.0
2023-02-24 00:00:00+00:00,15.6752648835,16.1287523501,15.2217774169,16.1287523501,50436509,15.366063182502215,,,,15.21709902888591,16.46872471059453,15.676222011502762,#000000,,15.933640618122775,,0,,,0.0,0.0,0.0,0.0,52.50301658988277,-0.8732390417464231,False,False,False,False,True,0.0
2023-03-03 00:00:00+00:00,15.8528024139,15.995581475,15.2384197876,15.8268425846,56397526,15.382151759124147,,,,15.234662332061388,16.308133274883787,15.644477241762777,#000000,,15.885805286277705,,0,,,0.0,0.0,0.0,0.0,52.02902226663635,-0.8732390417464231,False,False,False,False,True,0.0
2023-03-10 00:00:00+00:00,13.5510308844,16.0604810482,12.9487628451,15.8614556904,113413304,15.275282204047052,,,,15.162631316229904,15.683094805776372,15.404111789270132,#000000,,15.538291849049857,,0,,,0.0,0.0,0.0,0.0,48.442086981574796,2.8143205404049496,False,False,False,False,False,0.0
2023-03-17 00:00:00+00:00,9.9772277201,11.8896018104,8.311472008,10.5916103464,390197952,14.048353378820137,,,,14.186586922301316,12.852131626687173,13.79083206071791,"rgba(239, 83, 80, 0.5)",,12.426732103293311,,0,,,0.0,0.0,0.0,0.0,42.822064215898685,-2.519314683890485,False,False,False,True,False,0.0
2023-03-24 00:00:00+00:00,10.2627858422,11.0935003792,9.3888049231,10.3493186065,152139703,13.729108342641794,,,,13.913281052256375,12.424920404548573,13.44952516665234,"rgba(239, 83, 80, 1.0)",,12.129127891692251,,0,,,0.0,0.0,0.0,0.0,39.26941988370284,-5.731199272490585,False,True,False,True,False,0.0
2023-03-31 00:00:00+00:00,10.8339020864,11.231952802,10.4358513707,11.1627265906,96330369,13.582879331639067,,,,13.783665682307502,12.275189441465026,13.30446097834815,"rgba(239, 83, 80, 1.0)",,12.03742594389649,,0,,,0.0,0.0,0.0,0.0,37.65382252179646,-7.0756648006616985,False,True,False,True,False,0.0
2023-04-07 00:00:00+00:00,10.3060522243,10.9637012328,9.7046495127,10.8512086392,91564146,13.43362977033398,,,,13.650604264490491,12.11504533048439,13.154655323921306,"rgba(239, 83, 80, 1.0)",,11.916745880510295,,0,,,0.0,0.0,0.0,0.0,36.078287242624256,-8.43980444463719,False,True,False,True,False,0.0
2023-04-14 00:00:00+00:00,10.4618112,10.8771684685,10.2022129072,10.34066533,73556041,13.329992161282458,,,,13.556569089984938,12.015957950940864,13.053541472878454,"rgba(239, 83, 80, 1.0)",,11.8436050615159,,0,,,0.0,0.0,0.0,0.0,35.2182696263788,-9.176594881683286,False,True,False,True,False,0.0
2023-04-21 00:00:00+00:00,10.0291473787,10.8382287246,9.8993482323,10.3925849886,206004532,13.05201242560524,,,,13.300896076180182,11.755943163582547,12.783578857789685,"rgba(239, 83, 80, 1.0)",,11.634934902040367,,0,,,0.0,0.0,0.0,0.0,34.2341791002541,-10.100102390147555,False,True,False,True,False,0.0
2023-04-28 00:00:00+00:00,9.7435892566,10.0248207405,8.9431611871,9.994534273,118733133,12.879568422241727,,,,13.141484327377803,11.58449266232071,12.613583119577694,"rgba(239, 83, 80, 1.0)",,11.483413218116167,,0,,,0.0,0.0,0.0,0.0,33.286763088802054,-11.037849567289534,False,True,False,True,False,0.0
2023-05-05 00:00:00+00:00,8.5061707276,9.812815468,7.3855714303,9.7003228745,192456728,12.559146842224177,,,,12.845224678548178,11.244199342858064,11.547570442031219,"rgba(239, 83, 80, 1.0)",,10.331369748401062,,0,,,0.0,0.0,0.0,0.0,31.62822382206427,-12.686962693857517,False,True,False,True,False,0.0
2023-05-12 00:00:00+00:00,7.7792955077,8.7830755732,7.5586369588,8.6965428089,108546013,12.377353831259986,,,,12.675860102317287,11.052534575279923,11.363921117477926,"rgba(239, 83, 80, 1.0)",,10.150829981105094,,0,,,0.0,0.0,0.0,0.0,29.930214499416913,-14.373720453793808,False,True,False,True,False,0.0
2023-05-19 00:00:00+00:00,8.4975174511,8.8523017846,7.7792955077,7.8312151663,111222529,12.218953863885728,,,,12.525986236525863,10.897965588943142,11.2392546393345,"rgba(239, 83, 80, 1.0)",,10.046136101733072,,0,,,0.0,0.0,0.0,0.0,30.09180585271296,-14.373720453793808,False,True,False,True,False,0.0
2023-05-26 00:00:00+00:00,8.7354825529,9.3325586263,8.5234772804,8.5840502154,81116577,12.124797322701228,,,,12.435191917592944,10.815744117962984,11.18294095574277,"rgba(239, 83, 80, 1.0)",,10.013011202126972,,0,,,0.0,0.0,0.0,0.0,30.653312857705934,-14.373720453793808,False,True,False,True,False,0.0
2023-06-02 00:00:00+00:00,9.0799555757,9.0976208589,8.1171976401,8.8061436858,89657186,12.02371503209676,,,,12.337298099398035,10.728038321668574,11.114833950140493,"rgba(239, 83, 80, 1.0)",3.3545703372485507,9.96764657847514,-0.2646213713030184,0,,,0.0,0.0,0.0,0.0,31.707944407571922,-14.373720453793808,False,True,False,True,False,0.0
2023-06-09 00:00:00+00:00,9.4332612401,9.8042321877,8.7001519864,9.1506167086,85738160,11.947895834625472,,,,12.262066939608147,10.672423699505673,11.079195587015183,"rgba(239, 83, 80, 1.0)",3.396782871716485,9.548132095086935,-0.03381754422498223,0,,,0.0,0.0,0.0,0.0,33.130505380531275,-14.373720453793808,False,True,False,True,False,0.0
2023-06-16 00:00:00+00:00,8.7708131193,9.7777342629,8.6471561368,9.4244285985,127449973,11.83284404170881,,,,12.148087446260126,10.583736066778625,11.007457509829706,"rgba(239, 83, 80, 0.75)",3.394533947522654,9.498443416913933,-0.21435351917601556,0,,,0.0,0.0,0.0,0.0,33.44559656474117,-14.373720453793808,False,True,False,True,True,0.0
2023-06-23 00:00:00+00:00,8.2585199059,8.7663967985,8.236261649,8.7266499113,54660461,11.775415371558466,,,,12.091945156756596,10.533721483750867,10.959925941468153,"rgba(239, 83, 80, 0.75)",3.3812729680226408,9.435879863617162,-0.3482002100545223,0,,,0.0,0.0,0.0,0.0,33.15711750167242,-14.373720453793808,False,True,False,True,True,0.0
2023-06-30 00:00:00+00:00,8.1613608482,8.4440053797,8.1525282066,8.302683114,96218384,11.674058238181152,,,,11.99278794036122,10.444519533125968,10.873384313814267,"rgba(239, 83, 80, 0.75)",3.4079938608066778,9.338057351118316,-0.34527541743863077,0,,,0.0,0.0,0.0,0.0,32.85323060647078,-14.373720453793808,False,True,False,True,True,0.0
2023-07-07 00:00:00+00:00,8.4705033046,8.6118255703,8.0377038656,8.2055240562,67717906,11.60854707770295,,,,11.92817271821175,10.389043782516834,10.819899761178691,"rgba(239, 83, 80, 0.75)",3.4124213711993128,8.79022096811529,-0.09369231660945934,0,,,0.0,0.0,0.0,0.0,33.31014222806241,-14.373720453793808,False,True,False,True,True,0.0
2023-07-14 00:00:00+00:00,8.9739638764,9.5215876562,8.3556789636,8.4793359462,113206530,11.523182686855801,,,,11.841878940418882,10.32738699098677,10.76331692907551,"rgba(239, 83, 80, 0.75)",3.3747885585752027,8.89377358992937,0.02376157352639715,0,,,0.0,0.0,0.0,0.0,34.706797003803736,-14.373720453793808,False,True,False,True,True,0.0
2023-07-21 00:00:00+00:00,10.0957093609,10.6874963488,8.9121353851,8.982796518,137309207,11.462268999594627,,,,11.775888062906368,10.3061913379059,10.7493026067385,"rgba(239, 83, 80, 0.75)",3.3054252116811487,9.116366721389332,0.29628340585342505,0,,,0.0,0.0,0.0,0.0,37.824203451257816,-16.62577707103408,False,True,False,True,True,0.0
2023-07-28 00:00:00+00:00,11.1026305045,11.5177646602,10.1222072857,10.1575378522,118525872,11.445088019498975,,,,11.751350512858311,10.331064658513736,10.802083233380328,"rgba(239, 83, 80, 0.5)",3.2268073201870275,9.714545269769324,0.43017295332347943,0,,,1.0,0.0,11.517765,100.0,41.6592065916749,-12.92229981305745,False,False,False,True,True,0.0
2023-08-04 00:00:00+00:00,10.5285087998,11.1997895622,10.2811948347,11.1644589958,68280047,11.431335992572816,,,,11.733895106934602,10.338864542402861,10.794632726004977,"rgba(239, 83, 80, 0.5)",3.1566872937628734,9.772430174745615,0.23951647873018028,0,,,0.0,0.0,0.0,0.0,43.527702169794026,-11.185101053036249,True,False,False,True,True,0.0
2023-08-11 00:00:00+00:00,10.2105337018,10.7095779528,9.9897176616,10.502010875,52126020,11.416263950770741,,,,11.716482576458647,10.338249810073348,10.775081739361177,"rgba(239, 83, 80, 0.5)",3.125607556698672,9.778903234831882,0.1380949012754545,0,,,0.0,0.0,0.0,0.0,44.392906456920606,-10.3940992013614,True,False,False,True,True,0.0
2023-08-18 00:00:00+00:00,9.5657508643,10.1752031354,9.185947275,10.1310399273,74550494,11.383001051032958,,,,11.680994213947436,10.321471193420566,10.717473785217374,"rgba(239, 83, 80, 0.5)",3.1061421234680298,9.718836355947449,-0.049284767265101136,0,,,0.0,0.0,0.0,0.0,44.09370149770322,-10.3940992013614,True,False,False,True,True,0.0
2023-08-25 00:00:00+00:00,9.6099140723,9.8042321877,9.141784067,9.6099140723,67287529,11.351974017406391,,,,11.648109516702254,10.304373561946612,10.674081069678053,"rgba(239, 83, 80, 0.5)",3.059179040514121,9.772420980122243,-0.053121084339977725,0,,,0.0,0.0,0.0,0.0,43.9614811519224,-10.3940992013614,True,False,False,True,True,0.0
2023-09-01 00:00:00+00:00,10.4025666751,10.5015530362,9.6916646273,9.7006633874,59213094,11.335326397513711,,,,11.628966960462998,10.302427612939908,10.669292440639566,"rgba(239, 83, 80, 0.5)",2.993773198418995,9.866068636342407,0.17920463682449828,0,,,0.0,0.0,0.0,0.0,45.288719391101,-9.374104140123677,True,False,False,True,True,0.0
2023-09-08 00:00:00+00:00,10.123605112,10.6005393973,9.6826658672,10.3665716347,50991788,11.320597217465883,,,,11.612174507841564,10.299825967790447,10.66349645136456,"rgba(239, 83, 80, 0.5)",2.972157674580978,9.895268436744189,0.07682522270222504,0,,,0.0,0.0,0.0,0.0,45.78938072207306,-8.786794013569391,True,False,False,True,True,0.0
2023-09-15 00:00:00+00:00,10.5465468367,10.7580176991,10.0516150312,10.2225914731,79099762,11.304365374035516,,,,11.592285445068585,10.303421756855517,10.668973941727751,#000000,2.955473999622058,10.185120853851867,0.12229036117196462,0,,,0.0,0.0,0.0,0.0,46.89940429126156,-7.599631643958837,True,False,False,False,True,0.0
2023-09-22 00:00:00+00:00,9.5476844657,10.5105517963,9.484693145,10.4925542761,64785903,11.282403766276461,,,,11.568126979585601,10.294771667538656,10.652206930113165,#000000,2.954696181675458,10.092689917678076,-0.18445397376492062,0,,,0.0,0.0,0.0,0.0,46.10605490739514,-7.599631643958837,True,False,False,False,True,0.0
2023-09-29 00:00:00+00:00,9.6826658672,9.9076348697,9.1787353016,9.4936919051,67786484,11.25611687770812,,,,11.539871473926668,10.281042757973244,10.627883643057865,"rgba(239, 83, 80, 0.5)",2.9449186797227194,10.004830694176352,-0.10939684996893867,0,,,0.0,0.0,0.0,0.0,45.793606745719714,-7.599631643958837,True,False,False,True,True,0.0
2023-10-06 00:00:00+00:00,9.1877340617,9.6916646273,8.9177712587,9.5656819859,75942737,11.22208044565115,,,,11.504057992746214,10.25936752904268,10.592102474640065,"rgba(239, 83, 80, 0.5)",2.9588804249373215,9.895541230784962,-0.23921452287141867,0,,,0.0,0.0,0.0,0.0,44.81323830102213,-7.599631643958837,True,False,False,True,True,0.0
2023-10-13 00:00:00+00:00,9.4127030642,9.664668347,8.9988500872,9.0257563799,70472793,11.192973620320327,,,,11.473158323363155,10.241872216241307,10.564743555344629,"rgba(239, 83, 80, 0.5)",2.9634853135181296,9.835270274555333,-0.1425912956031078,0,,,0.0,0.0,0.0,0.0,44.5720061505165,-7.599631643958837,True,False,False,True,True,0.0
2023-10-20 00:00:00+00:00,8.8997737385,10.1955951928,8.8907749784,9.6106757864,101227730,11.152061678215093,,,,11.429691143048936,10.217083830873142,10.52776997366986,"rgba(239, 83, 80, 0.5)",2.9842051530139186,9.767680646684239,-0.29083352641077304,0,,,0.0,0.0,0.0,0.0,43.59881196233824,-7.599631643958837,True,False,False,True,False,0.0
2023-10-27 00:00:00+00:00,8.9267700188,9.2687229026,8.5488220946,8.8367824178,90912602,11.108818819462229,8.914771671999999,,,11.384727590752547,10.186089571550472,10.259160564693588,"rgba(239, 83, 80, 0.5)",3.004636218286787,9.475343243811379,-0.18257558824348138,0,,,0.0,0.0,0.0,0.0,42.963888349154246,-7.599631643958837,True,False,False,True,False,0.0
2023-11-03 00:00:00+00:00,10.2495877534,10.5105517963,8.8997737385,9.0527526602,73377491,11.090045388767969,9.348839813442895,,,11.363417222974187,10.180445810416913,10.314985322276986,"rgba(239, 83, 80, 0.5)",2.9838934773890298,9.60159613570654,0.21716312013271552,0,,,0.0,0.0,0.0,0.0,45.16171951489192,-7.599631643958837,True,False,False,True,True,0.0
2023-11-10 00:00:00+00:00,9.8536423091,10.5195505564,9.7366584278,10.5195505564,56981909,11.077627795656001,9.52595604266924,,,11.34892077594912,10.17837112983807,10.338139234174118,#000000,2.9678124746156787,9.664678791061228,0.06367097640265906,0,,,0.0,0.0,0.0,0.0,46.03236562408415,-7.599631643958837,True,False,False,False,True,0.0
2023-11-17 00:00:00+00:00,11.0864724427,11.1224674831,9.6556695869,9.8086485086,79969488,11.070205372594437,9.816795822322714,,,11.337935814211928,10.187164488890168,10.39017927363182,#000000,2.9602031924833163,9.796734069420168,0.4356925148093869,0,,,0.0,0.0,0.0,0.0,48.708149197832356,-5.135275393983868,True,False,False,False,True,0.0
2023-11-24 00:00:00+00:00,10.8345071599,11.0954712028,10.7265220387,11.0774736826,35150793,11.068893509901136,9.928468431741479,,,11.334952294396365,10.19320248259609,10.413040546764885,#000000,2.9577209013494996,9.854591480359396,0.33130769001683147,0,,,0.0,0.0,0.0,0.0,50.15253625042231,-3.758198574439497,True,False,False,False,True,0.0
2023-12-01 00:00:00+00:00,12.1037378903,12.1586716478,10.6571489443,10.7944833379,86531999,11.078704846655956,10.278624521430146,,,11.339822848150288,10.223352443401117,10.496906545038259,#000000,2.9439384018765216,10.05283166365036,0.6966539195733011,8,0.20765210943624146,1.6612168754899317,0.0,0.0,0.0,0.0,52.998541431573855,-1.0582634671692333,True,False,False,False,True,0.0
2023-12-08 00:00:00+00:00,12.1403603953,12.3692510513,11.6825790832,11.9480922442,81052486,11.094313746827504,10.565769242790614,,,11.35049968448572,10.258597809222326,10.57626701236398,"rgba(38, 166, 154, 1.0)",2.9326040561157725,10.23506391102294,0.649694417595746,8,0.21199322120754802,1.6959457696603841,0.0,0.0,0.0,0.0,55.07958376344034,0.86052453840081,True,False,True,False,True,0.0
2023-12-15 00:00:00+00:00,13.1108567768,13.6235718463,11.8428025425,12.131204769,94865303,11.126437570205132,10.929062590122056,,,11.3760878255682,10.315599195664571,10.688976298110882,"rgba(38, 166, 154, 1.0)",2.9220774448324875,10.481695064089363,0.8997577108574402,8,0.2176792743912527,1.7414341951300216,0.0,0.0,0.0,0.0,57.78227082914333,3.3571052370186933,True,False,True,False,True,0.214697698495538
2023-12-22 00:00:00+00:00,13.0833898981,13.307702741,12.8544992421,13.2207242917,67533290,11.151452606448702,11.1472365619706,,,11.396439074167544,10.358101431564117,10.764370289462097,"rgba(38, 166, 154, 1.0)",2.9110052374177475,10.641737787140313,0.8387659628965809,8,0.22150006690122598,1.7720005352098078,0.0,0.0,0.0,0.0,59.65302761589169,5.0368980370691645,True,False,True,False,True,0.13687788052271443
2023-12-29 00:00:00+00:00,13.1841017867,13.3489030591,13.0009892619,13.120012403,31589902,11.163507276145818,11.239148809395447,,,11.406326485631704,10.378223446684128,10.798141529036071,"rgba(38, 166, 154, 1.0)",2.894929416056523,10.712058223222455,0.8539218779451163,8,0.22599769864348046,1.8079815891478437,0.0,0.0,0.0,0.0,61.117352022512605,6.347062425056535,True,False,True,False,True,0.4255619644738431
2024-01-05 00:00:00+00:00,13.4038368165,13.651038725,12.8865439339,13.0925455243,72039235,11.192285704745942,11.433247353904594,,,11.430166207867758,10.425228356067763,10.87347909524894,"rgba(38, 166, 154, 1.0)",2.8765847365999555,11.539779057452414,0.648010724429711,8,0.23220327510568273,1.8576262008454618,0.0,0.0,0.0,0.0,62.450482925383966,7.5637947423710585,True,False,True,False,True,1.060344267526311
2024-01-12 00:00:00+00:00,13.0009892619,13.4862374527,12.7446317272,13.3122805541,79271302,11.21964326141842,11.58670173902698,,,11.45251125600599,10.471147446155335,10.940571156964475,"rgba(38, 166, 154, 1.0)",2.8589220811676817,11.61460246739642,0.48493339627407106,8,0.2391516551761382,1.9132132414091056,0.0,0.0,0.0,0.0,62.40505823109378,7.5637947423710585,True,False,True,False,True,0.0
2024-01-19 00:00:00+00:00,12.7629429797,12.8544992421,11.8473803556,12.7537873534,107172501,11.244056731696583,11.687725259657224,,,11.47116605497056,10.517285762171415,10.997947269482987,"rgba(38, 166, 154, 1.0)",2.8215482921005326,12.023624747317577,0.26202572341302366,9,0.22993066122213068,2.0693759509991763,0.0,0.0,0.0,0.0,61.7939501662655,7.5637947423710585,True,False,True,False,True,0.0
2024-01-26 00:00:00+00:00,13.4313036952,13.5228599576,12.7721901622,12.8270323633,86388692,11.274577220355294,11.816491261694521,,,11.496508632756282,10.566615346975958,11.063094942255729,"rgba(38, 166, 154, 1.0)",2.7876306887912072,12.193372235911406,0.4440801517454219,9,0.2365721451530946,2.1291493063778515,0.0,0.0,0.0,0.0,62.36889001255238,7.567228533434495,True,False,True,False,True,1.1481788204508057
2024-02-02 00:00:00+00:00,13.156634908,13.7425949874,12.39671793,13.4038368165,116793275,11.311484183069632,11.945625036130473,,,11.526916342965853,10.62710716726654,11.137260826731795,"rgba(38, 166, 154, 1.0)",2.7642440336429592,12.746447218863361,0.14839054878814636,9,0.24115869729300135,2.170428275637012,0.0,0.0,0.0,0.0,62.091391628483876,7.567228533434495,True,False,True,False,True,0.3230420644428733
2024-02-09 00:00:00+00:00,12.7171648484,13.2390355442,12.2960060414,13.0009892619,86744377,11.332792472463963,12.001658592313868,,,11.543927920813095,10.664131786386644,11.177924695108953,"rgba(38, 166, 154, 1.0)",2.7471306015005084,12.703317838298966,0.005040535784308797,9,0.24569361285565686,2.2112425157009117,0.0,0.0,0.0,0.0,60.826986926075705,7.567228533434495,True,False,True,False,True,0.0
2024-02-16 00:00:00+00:00,12.8819661208,13.156634908,12.1348670195,12.7263204747,87089930,11.353175811597986,12.048867405520909,,,11.560176805004765,10.699575984004872,11.215378830611547,"rgba(38, 166, 154, 1.0)",2.7151692355760058,12.682310890152554,0.073533254587385,10,0.23720576973356305,2.3720576973356304,0.0,0.0,0.0,0.0,60.21217050276556,7.567228533434495,True,False,True,False,True,0.0
2024-02-23 00:00:00+00:00,13.0559230194,13.4313036952,12.6805423435,12.6805423435,67641168,11.372327697451462,12.09748501936041,,,11.575997226487798,10.730644512711859,11.249602106332796,"rgba(38, 166, 154, 1.0)",2.696605968716339,12.711492637707575,0.12772736754579794,10,0.243899046039046,2.43899046039046,0.0,0.0,0.0,0.0,60.08297362989815,7.567228533434495,True,False,True,False,True,0.04921998221310275
2024-03-01 00:00:00+00:00,13.1865212011,13.446720351,12.7032942085,12.9634933584,70820878,11.392578352314969,12.146306399670067,,,11.592822798223441,10.763073551706109,11.284853631006984,"rgba(38, 166, 154, 1.0)",2.6913671118700333,12.742039182840973,0.1651510179710077,10,0.24776568865048332,2.477656886504833,0.0,0.0,0.0,0.0,60.22844676633407,7.567228533434495,True,False,True,False,True,0.4528148542232202
2024-03-08 00:00:00+00:00,13.8648975561,14.2087321469,13.3491456698,13.4560131777,88509448,11.427204406789468,12.240536119087796,,,11.62273026181318,10.814017851143065,11.343893878495033,"rgba(38, 166, 154, 1.0)",2.693925202006471,12.851923519380609,0.37602158959904136,10,0.2506088256177963,2.506088256177963,0.0,0.0,0.0,0.0,61.49445776825765,7.567228533434495,True,False,True,False,True,2.5214619291182743
2024-03-15 00:00:00+00:00,13.4560131777,14.0182291979,13.2182097404,13.8184334222,83785276,11.455819838062867,12.307984102148865,,,11.64723400663034,10.856900682553144,11.391013273619558,"rgba(38, 166, 154, 1.0)",2.6923486854882195,12.910793387092077,0.2025071245588139,10,0.2533556928320385,2.533556928320385,0.0,0.0,0.0,0.0,61.24433329787968,7.567228533434495,True,False,True,False,True,1.2205998408584549
2024-03-22 00:00:00+00:00,13.9671186507,14.4410528164,13.232985335,13.4560131777,48155171,11.474337502795061,12.35272548347124,,,11.663317012342455,10.883756476687724,11.421048599623038,"rgba(38, 166, 154, 1.0)",2.692559651338184,12.956266843157549,0.37542410881781757,10,0.25636358309700696,2.5636358309700698,0.0,0.0,0.0,0.0,61.93460465838062,8.169123219339482,True,False,True,False,True,2.766675851122482
2024-03-29 00:00:00+00:00,14.6919591395,14.7384232734,13.9299473435,14.0414612649,38583689,11.492457137516233,12.399551193749675,,,11.679324928852973,10.908982061130214,11.82570238476206,"rgba(38, 166, 154, 1.0)",2.6973359000740103,13.52568360585495,0.43238053281130095,10,0.25753953184845485,2.5753953184845484,1.0,0.0,14.738423,134.0,63.518062974728835,9.828676527183262,True,False,True,False,True,4.8926838806209325
2024-04-05 00:00:00+00:00,13.994997131,14.7291304466,13.8463119025,14.6919591395,46969697,11.512284535072947,12.446855487680514,,,11.696739713304336,10.936967562246997,11.83514988659375,"rgba(38, 166, 154, 1.0)",2.6800930679778134,13.527718692366768,0.17435157167351759,10,0.2593570632440959,2.593570632440959,0.0,0.0,0.0,0.0,62.766864554757674,9.828676527183262,True,False,True,False,True,2.65029468453902
2024-04-12 00:00:00+00:00,13.5768199259,14.4456992298,13.316620776,14.1343895327,59035035,11.533038735824702,12.489689897112743,,,11.71474120561114,10.967118740842547,11.836208935580505,"rgba(38, 166, 154, 0.75)",2.6570171174589268,13.497173586604422,0.02997584726580514,10,0.2605293399227565,2.6052933992275653,0.0,0.0,0.0,0.0,61.202900127930526,9.828676527183262,True,False,True,False,False,1.338479476463391
2024-04-19 00:00:00+00:00,13.5954055794,13.9857043042,13.065714453,13.7812621151,94476621,11.562141948161788,12.541503272810957,,,11.739763126449839,11.010210817534999,11.847578702842874,"rgba(38, 166, 154, 0.75)",2.604935889774007,13.527502098507492,0.026067236878677437,10,0.26148774073855785,2.6148774073855785,0.0,0.0,0.0,0.0,60.120001059930104,9.828676527183262,True,False,True,False,False,1.3948729732320047
2024-04-26 00:00:00+00:00,13.6604553669,13.8927760364,13.3352064296,13.6511625401,93213107,11.59117502094407,12.591592616689727,,,11.764859833465822,11.052644451120363,11.876278505528472,"rgba(38, 166, 154, 0.75)",2.5751473519792145,13.53242250154088,0.049718656006506434,11,0.24929724565080927,2.742269702158902,0.0,0.0,0.0,0.0,59.47312916049184,13.006533291137089,True,False,True,False,False,1.5955753679624571
2024-05-03 00:00:00+00:00,13.8741903829,14.1669144264,13.446720351,13.7022730874,59991074,11.611222654281221,12.62721013062128,,,11.782355504022402,11.08129633787148,11.902273668690807,"rgba(38, 166, 154, 0.75)",2.539238134353834,13.55995784536315,0.12375071612446968,11,0.251600856551034,2.7676094220613736,0.0,0.0,0.0,0.0,59.43662840568935,12.890415906511691,True,False,True,False,False,2.2605699422615366
2024-05-10 00:00:00+00:00,14.0135827846,14.1808536666,13.6697481937,13.9764114774,47643102,11.627775950415527,12.65687172162302,,,11.796878895647321,11.104652682942987,11.925191704412416,"rgba(38, 166, 154, 0.75)",2.509081947648732,13.587567434172367,0.1697893330374695,11,0.2521635532393919,2.7737990856333106,0.0,0.0,0.0,0.0,59.69049123907375,12.890415906511691,True,False,True,False,False,2.696475771260449
2024-05-17 00:00:00+00:00,14.3109532415,14.5061026039,13.7905549418,14.078632572,46564001,11.64542892223464,12.689903946139387,,,11.812495599704313,11.129069154342847,11.952018111569576,"rgba(38, 166, 154, 0.75)",2.500385678137593,13.830691228924731,0.19207517335205293,11,0.25225062564290357,2.774756882071939,0.0,0.0,0.0,0.0,60.463651278570794,12.890415906511691,True,False,True,False,False,3.627553651007748
2024-05-24 00:00:00+00:00,13.6465161267,14.376003029,13.4049026305,14.3295388951,39095443,11.65781298966606,12.709632563312569,,,11.823319194464224,11.146687919256994,11.966798240799598,"rgba(38, 166, 154, 0.75)",2.4940292630141028,13.788560560379434,-0.05695379592610288,11,0.25302267865385597,2.783249465192416,0.0,0.0,0.0,0.0,59.0352334929141,12.260653024953768,True,False,True,False,False,1.3848907823745051
2024-05-31 00:00:00+00:00,13.5428478412,13.7313356331,12.8737161803,13.6653649059,61054163,11.673093304699734,12.727662158550022,,,11.836408972789151,11.16940975929084,11.978784250146784,"rgba(38, 166, 154, 0.75)",2.479915001933236,13.69469169408707,-0.06122945857769235,11,0.25362109664482396,2.7898320630930638,0.0,0.0,0.0,0.0,57.72598121588019,10.942080245076497,True,False,True,False,False,1.0395920659490052
2024-06-07 00:00:00+00:00,13.1281746993,13.6568829553,12.9067015439,13.6276673476,52446816,11.684856516594058,12.738975625900277,,,11.846390571110348,11.18724695950142,11.986518003230358,"rgba(38, 166, 154, 0.75)",2.4589103831933325,13.632602771257766,-0.2051429264789534,11,0.25433053389350674,2.797635872828574,0.0,0.0,0.0,0.0,55.66313091977379,8.934654517217773,True,False,True,False,False,0.0
2024-06-14 00:00:00+00:00,12.5909844926,13.3025259067,12.3506625581,12.9585356866,72323918,11.69581570063938,12.739248882857124,12.748057652466667,,11.85520561248263,11.20565351288445,12.070101957482015,#000000,2.4185279751626596,13.335280867554838,-0.30774768065470864,11,0.25512124575842376,2.8063337033426614,0.0,0.0,0.0,0.0,52.870623850453185,6.2861795571052,True,False,False,False,False,0.0
2024-06-21 00:00:00+00:00,12.8171698428,12.9208381283,12.3836479216,12.581560103,57056632,11.703973891596867,12.738506231622818,12.73004770410295,,11.861726577308925,11.219494555982669,12.067877416400272,#000000,2.381502332923392,13.264409315577758,-0.18779720120145887,11,0.25631689629154314,2.8194858592069747,0.0,0.0,0.0,0.0,51.48825394449091,5.0363145310711985,False,False,False,False,False,0.0
2024-06-28 00:00:00+00:00,13.3920576078,13.4203307766,12.628682051,12.8548674012,73843188,11.718882769694352,12.750407654739776,12.881559632782194,,11.874333024807154,11.242218280909581,12.095330366126696,#000000,2.360564359668707,13.278478484671506,0.048115241028392874,11,0.2576599761206144,2.8342597373267586,0.0,0.0,0.0,0.0,51.94628824674234,5.0363145310711985,False,False,False,False,False,0.6023061280098432
2024-07-05 00:00:00+00:00,13.1470234785,13.6606527111,13.1281746993,13.3826332182,45991626,11.729068228437987,12.760415254671,12.960986382853683,,11.883061852265179,11.257304620678994,12.113068882513378,#000000,2.3071886676979063,13.295019660229052,-0.06414567815848438,11,0.2588929065641745,2.84782197220592,0.0,0.0,0.0,0.0,51.627790541671835,5.0363145310711985,False,False,False,False,False,0.0
2024-07-12 00:00:00+00:00,14.3344965668,14.4664380211,13.0245064138,13.0245064138,59838508,11.74732323915672,12.787187848650339,13.150892566274578,,11.899198052230453,11.282524173240558,12.15606680329424,#000000,2.2399667800038805,13.37870683431006,0.4266981729471382,11,0.26104038150847236,2.871444196593196,0.0,0.0,0.0,0.0,53.94308571226202,5.0363145310711985,True,False,False,False,True,3.604748507522963
2024-07-19 00:00:00+00:00,14.6926233713,15.5219696552,14.4758624107,14.5983794754,107794178,11.793444304299882,12.86993213491476,13.602377582501289,,11.940932957406588,11.342672331832542,12.27039879435597,"rgba(38, 166, 154, 1.0)",2.192527536130743,13.636269470983173,0.48179732427945904,11,0.2628123548860964,2.89093590374706,0.0,0.0,0.0,0.0,56.23261176056065,2.387129177083686,True,False,True,False,True,4.703601135819824
2024-07-26 00:00:00+00:00,15.5125452656,15.5219696552,14.353345346,14.6078038649,75736116,11.82741669227069,12.930524457165475,13.837143899076857,,11.971819505255455,11.386435535904319,12.342894511884559,"rgba(38, 166, 154, 1.0)",2.1691989025382643,13.789185766107332,0.7944681778494807,11,0.2627070346138986,2.889777380752885,0.0,0.0,0.0,0.0,59.16543805689644,5.12045450011108,True,False,True,False,True,7.143496388798301
2024-08-02 00:00:00+00:00,13.618242958,15.5549550188,13.4486039453,15.5313940448,77263242,11.851887672037192,12.964524872482832,13.887327393926693,,11.99369542846612,11.419306660559212,12.376082898716655,"rgba(38, 166, 154, 1.0)",2.1300118893340114,13.82748801516959,-0.09823656770057532,10,0.2721144744359638,2.721144744359638,0.0,0.0,0.0,0.0,56.92693604306249,5.12045450011108,True,False,True,False,True,0.9304472085439528
2024-08-09 00:00:00+00:00,13.7690331914,13.8821258665,12.8454430116,13.0716283617,73967567,11.867942440071818,12.977809075267043,13.842697422644676,,12.007665757147429,11.442250138421718,12.384275479549464,"rgba(38, 166, 154, 0.75)",2.08698028313948,13.724176105468754,0.021493775620997822,9,0.2828278345536638,2.545450510982974,0.0,0.0,0.0,0.0,55.59334230878187,5.12045450011108,True,False,True,False,False,1.382729069070603
2024-08-16 00:00:00+00:00,15.4465745385,16.1062818098,14.6313648389,16.0591598619,115917348,11.9210087827027,13.068442466118238,14.079502807878328,,12.056226002209018,11.509427166961364,12.47976100620306,"rgba(38, 166, 154, 0.75)",2.122412182055618,14.158870086451294,0.606717424134612,8,0.3010568271024987,2.4084546168199896,0.0,0.0,0.0,0.0,57.16827737377996,5.12045450011108,True,False,True,False,False,6.15490447773827
2024-08-23 00:00:00+00:00,16.0874330306,16.2099500953,15.4088769801,15.4465745385,73262050,11.958511208952244,13.134045968504584,14.239799487794,,12.090761265101454,11.55611114872976,12.54687342326516,"rgba(38, 166, 154, 1.0)",2.175870798858348,14.347102144063042,0.799831905207831,8,0.2984123630928128,2.3872989047425026,0.0,0.0,0.0,0.0,59.07664771922673,5.12045450011108,True,False,True,False,True,7.851719176042145
2024-08-30 00:00:00+00:00,16.2757286033,16.2948091761,15.8225649992,16.2005257057,54996356,11.987810152466258,13.185242274489358,14.356930238588308,,12.117814364049403,11.592321099301184,12.598165730639401,"rgba(38, 166, 154, 1.0)",2.232914107818135,14.471504836867592,0.8080130624439393,8,0.2953541160741011,2.362832928592809,0.0,0.0,0.0,0.0,60.664029327147475,5.823449693855245,True,False,True,False,True,8.344269706553334
2024-09-06 00:00:00+00:00,14.9782496525,16.2184868849,14.9687093661,16.0467617297,59467893,12.01343619366569,13.225201317833198,14.42167629338616,,12.141324669643367,11.624534481471438,12.636201448727057,"rgba(38, 166, 154, 1.0)",2.2607473367714133,14.523505589805843,0.20114767152333793,8,0.2942832331581308,2.3542658652650466,0.0,0.0,0.0,0.0,59.24680516242108,5.823449693855245,True,False,True,False,True,4.256513439493268
2024-09-13 00:00:00+00:00,15.3503208222,15.8798067176,14.6872709172,15.083192803,71189954,12.042870955106258,13.269414261733532,14.483464716667461,,12.168323098521164,11.661554399663881,12.677545937096339,"rgba(38, 166, 154, 1.0)",2.2900306605923775,14.57044760781587,0.3405514292033083,8,0.2929493075301145,2.343594460240916,0.0,0.0,0.0,0.0,58.74981855710246,5.823449693855245,True,False,True,False,True,5.2574503186555255
2024-09-20 00:00:00+00:00,16.3329703217,16.5905580546,15.3312402494,15.3312402494,59762678,12.072981504873656,13.318760073325118,14.57221326032912,,12.196175198837418,11.698584242371215,12.72468624891119,"rgba(38, 166, 154, 1.0)",2.3405387781250364,14.655581745973834,0.7166677140337285,8,0.2904612375705694,2.3236899005645553,0.0,0.0,0.0,0.0,59.64911759080947,5.823449693855245,True,False,True,False,True,7.8190593933898285
2024-09-27 00:00:00+00:00,15.8464157152,16.4426836154,15.5983682687,16.3425106081,45323532,12.094831859199664,13.353439308910731,14.628287181698257,,12.216378533374687,11.725484189265888,12.757332532469446,"rgba(38, 166, 154, 1.0)",2.3717806998684563,14.707255904911708,0.4802972763676975,7,0.28680436879998317,2.0076305815998823,0.0,0.0,0.0,0.0,59.37255197513154,5.823449693855245,True,False,True,False,True,6.310138032544483
2024-10-04 00:00:00+00:00,16.008600584,16.2089465985,15.2119866694,15.8273351424,40136252,12.113221872718876,13.38164585193205,14.669033351539614,,12.233367814832809,11.748175600437335,12.783565937057594,"rgba(38, 166, 154, 1.0)",2.3999610522764088,14.743272112397529,0.5272287524842467,7,0.28601818099260895,2.002127266948263,0.0,0.0,0.0,0.0,59.390090710301024,5.823449693855245,True,False,True,False,True,6.7331947173165005
2024-10-11 00:00:00+00:00,16.4283731858,16.6668803458,15.7891739968,15.9227380064,38159452,12.132809826088154,13.413106260304893,14.72064494962923,,12.251542177770816,11.772064975309716,12.813093544917486,"rgba(38, 166, 154, 1.0)",2.4128957499746946,14.792332390345345,0.6780403983354085,7,0.2866266486688347,2.006386540681843,0.0,0.0,0.0,0.0,59.96004387715344,5.823449693855245,True,False,True,False,True,7.825856455759084
2024-10-18 00:00:00+00:00,16.552396909,17.1114576922,16.124419661,16.2471077441,62270598,12.166668964539106,13.468228660349924,14.813016279829844,,12.283037409863105,11.81307570959201,12.86476345880073,"rgba(38, 166, 154, 1.0)",2.406894866541531,14.881569654026132,0.6941837295015216,7,0.2853955943930955,1.9977691607516683,0.0,0.0,0.0,0.0,60.532605504297194,6.070378115663573,True,False,True,False,True,8.148447461002846
2024-10-25 00:00:00+00:00,16.2566480305,16.7241220643,16.1755555961,16.5619371954,37857474,12.186036662200076,13.498622233224642,14.858731190175526,,12.301038438410677,11.836586034844238,12.892921137071761,"rgba(38, 166, 154, 1.0)",2.405981630779132,14.924424681610263,0.5537130175255411,7,0.2851603137251925,1.9961221960763476,0.0,0.0,0.0,0.0,60.28828537324591,6.070378115663573,True,False,True,False,True,7.188049879610151
2024-11-01 00:00:00+00:00,16.3997523266,16.9912500835,16.3520508945,16.4379134722,48274086,12.211615236204466,13.539036301545641,14.92029798545949,,12.324852842447319,11.86749084301278,12.930330364681062,"rgba(38, 166, 154, 1.0)",2.4088534482022843,14.982868377828062,0.5881984849802104,7,0.2843689414299185,1.9905825900094294,0.0,0.0,0.0,0.0,60.33003231710939,6.2337977173773,True,False,True,False,True,7.57258579421088
2024-11-08 00:00:00+00:00,18.0979233063,19.0805728058,16.2375674577,16.4283731858,69878265,12.258346354684157,13.618498447633597,15.06224067099659,,12.368641587816217,11.92295651888088,13.004551057550808,"rgba(38, 166, 154, 1.0)",2.4577762036445083,15.124445011505852,1.209824674185116,6,0.30103509290681113,1.806210557440867,0.0,0.0,0.0,0.0,62.53799571461215,8.534612845351013,True,False,True,False,True,11.904984270238636
2024-11-15 00:00:00+00:00,18.2791887479,18.6417196312,18.0693024471,18.4509139032,35485447,12.283996249111215,13.662644576239936,15.141894939559323,,12.392731884871033,11.953205410583577,13.045663293238654,"rgba(38, 166, 154, 1.0)",2.5118997774772476,15.204172736341576,1.2241794195494244,5,0.33420774662725206,1.6710387331362604,0.0,0.0,0.0,0.0,64.3118842342612,10.345134300055776,True,False,True,False,True,12.343480314653696
2024-11-22 00:00:00+00:00,18.6989613497,18.7275822089,17.9691294398,18.2601081751,35751439,12.310192978990731,13.707556757541628,15.221553002250314,,12.417354686750153,11.984033392466008,13.087326134971905,"rgba(38, 166, 154, 1.0)",2.5583943308410446,15.283668426254351,1.3349360895131859,5,0.3270772667055442,1.635386333527721,0.0,0.0,0.0,0.0,66.03239352649678,12.061580798996218,True,False,True,False,True,13.355841660344389
2024-11-29 00:00:00+00:00,18.5844779128,19.1182569371,18.422293044,18.8706865049,28491118,12.331729638261766,13.744549725902495,15.286908259705495,,12.437617708094297,12.00930644670392,13.680237855116053,"rgba(38, 166, 154, 1.0)",2.5817483732557838,16.3037722103485,0.8833958127280054,5,0.3208941240967239,1.6044706204836197,1.0,0.0,19.118258,191.0,66.96750519587135,13.00448692170248,True,False,True,False,True,12.960330599433036
2024-12-06 00:00:00+00:00,18.19872016,18.6798807769,17.8418825098,18.6512599176,42595489,12.361314543908419,13.793725034689983,15.367410295545032,,12.465425823032778,12.04412240021337,13.692820047440012,"rgba(38, 166, 154, 1.0)",2.5845274498111186,16.29545667625441,0.7364067593418997,4,0.3448367705623187,1.3793470822492748,0.0,0.0,0.0,0.0,66.64259034362938,13.00448692170248,True,False,True,False,True,11.627046192671802
2024-12-13 00:00:00+00:00,17.4850448596,18.2469414641,17.3886022514,18.1504988559,46564313,12.390415622272595,13.839964276362897,15.435105478307527,,12.492742245069106,12.078502108471923,13.70213847153937,"rgba(38, 166, 154, 1.0)",2.5714688887950854,16.274066503807095,0.47092864357395836,4,0.341807551673328,1.367230206693312,0.0,0.0,0.0,0.0,64.71014382302064,13.00448692170248,True,False,True,False,True,9.217160360742177
2024-12-20 00:00:00+00:00,16.4820417347,17.6875743367,16.0769827804,17.4754005988,76981296,12.429292354476974,13.895701386715576,15.49508425195648,,12.52909973432266,12.124913113754772,13.691886567799674,"rgba(38, 166, 154, 0.75)",2.546240055938574,16.174733921695616,0.12069082500200795,4,0.3399509634335731,1.3598038537342925,0.0,0.0,0.0,0.0,61.2799455467333,15.330086328602576,True,False,True,False,False,5.986215038059246
2024-12-27 00:00:00+00:00,16.5881286037,16.8678121674,16.2698679968,16.2698679968,27420108,12.442423143735857,13.913865330459839,15.512368797056842,,12.541373793872157,12.140610034191468,13.69390736809908,"rgba(38, 166, 154, 0.75)",2.5422503871606805,16.153826978909596,0.17083353669008775,3,0.32822931930697113,0.9846879579209133,0.0,0.0,0.0,0.0,59.01082915655097,13.222133672289083,True,False,True,False,False,6.270794535657885
2025-01-03 00:00:00+00:00,16.674926951,16.78101382,16.1830696494,16.4241761698,28055966,12.455679162728952,13.931998063064404,15.529024766917745,,12.553766118892968,12.156452718785408,13.698130331679,"rgba(38, 166, 154, 0.5)",2.5526178964546093,16.13799777279439,0.21034451687867753,3,0.3289633329353326,0.9868899988059978,0.0,0.0,0.0,0.0,57.54477951625022,11.893847972377209,False,False,True,False,False,6.50659262520313
2025-01-10 00:00:00+00:00,16.1252040845,17.0606973837,15.9998286939,16.8292351241,46760745,12.476774549609823,13.959956055810347,15.551673305700769,,12.57347558130176,12.181705794686183,13.705256163047476,"rgba(38, 166, 154, 0.5)",2.544140332372198,16.112463726738138,0.005007726028219656,3,0.3296837412186928,0.9890512236560784,0.0,0.0,0.0,0.0,55.37362900241915,9.878953574504521,False,True,True,False,False,4.738626338194315
2025-01-17 00:00:00+00:00,17.6489972935,17.7165071192,15.9612516507,16.0094729547,77722304,12.517638220464647,14.018262065721066,15.616530580555326,,12.611826217543593,12.230018184473689,13.750311773124205,"rgba(38, 166, 154, 0.5)",2.553225602042024,16.945943683575454,0.27535898487084554,3,0.3275861517627919,0.9827584552883757,0.0,0.0,0.0,0.0,56.37129645586943,9.878953574504521,False,True,True,False,False,8.800197711357324
2025-01-24 00:00:00+00:00,17.0510531229,17.3210924257,16.6122392557,16.8195908633,67677899,12.551768154211194,14.065491353804257,15.664765772393494,,12.643862080899426,12.27035565547879,13.785487818557886,"rgba(38, 166, 154, 0.5)",2.5337187231013814,16.919611917938575,0.05187679427988615,3,0.3257015970776944,0.9771047912330832,0.0,0.0,0.0,0.0,55.91165743703236,9.878953574504521,False,True,True,False,False,6.904394801390243
2025-01-31 00:00:00+00:00,17.3403809474,17.5236219029,16.7231482551,17.1089186878,68192302,12.587166744206115,14.114749305603214,15.716912927165604,,12.677140157773271,12.312014174354696,13.825846902288692,"rgba(38, 166, 154, 0.5)",2.516126942412924,16.952541485923984,0.1541414524595029,3,0.32357639150906586,0.9707291745271975,0.0,0.0,0.0,0.0,56.034095659050195,9.878953574504521,False,True,True,False,False,7.6566177119582335
2025-02-07 00:00:00+00:00,17.2053612959,17.4561120771,16.674926951,16.8195908633,61306864,12.617964683550051,14.15656273636415,15.758368809782008,,12.706099678939783,12.34823861095714,13.859139185779261,"rgba(38, 166, 154, 0.5)",2.5090559235984475,16.95929037087705,0.09807311296196262,2,0.1679904851246667,0.3359809702493334,0.0,0.0,0.0,0.0,55.845671574087135,9.878953574504521,False,True,True,False,False,7.224096621941278
2025-02-14 00:00:00+00:00,17.0896301661,17.2825153825,16.5640179517,17.2825153825,50474511,12.642264572811456,14.188607590510177,15.787509201050893,,12.728946581211758,12.376830897588613,13.883632742283165,"rgba(38, 166, 154, 0.5)",2.490891303430853,16.95013385653028,0.05600256798744513,2,0.16719013194378057,0.33438026388756115,0.0,0.0,0.0,0.0,55.46592459235266,9.85309201458142,False,True,True,False,False,6.849492300516932
2025-02-21 00:00:00+00:00,16.3277335617,17.4368235555,16.3277335617,17.1282072094,40835967,12.66046444138868,14.211444965449882,15.804754650245105,,12.746040964717922,12.398307875257936,13.899381569995057,#000000,2.4676722540067377,16.923059038959206,-0.24124981601287634,2,0.16686389269778096,0.3337277853955619,0.0,0.0,0.0,0.0,53.659970824727246,7.984877979586777,False,True,False,False,False,4.418871807306726
2025-02-28 00:00:00+00:00,16.7038597335,16.8195908633,15.9805401723,16.4531089523,56106393,12.684003467863164,14.239730312557649,15.822433105039538,,12.768135203080876,12.426140012985122,13.917534722479578,#000000,2.422805592445898,16.875290875223328,-0.07075728331560568,2,0.16609537891584134,0.33219075783168267,0.0,0.0,0.0,0.0,53.08972962527303,7.3305771542284575,False,True,False,False,False,5.459157329506382
2025-03-07 00:00:00+00:00,15.3619208206,16.9820002154,14.873620731,16.7327925159,81859683,12.711079649543269,14.266275167415452,15.819460477410344,,12.793421808179723,12.458607605892347,13.925597894141498,#000000,2.364336659401503,16.732512287438066,-0.5796938694783894,2,0.16637080967710188,0.33274161935420377,0.0,0.0,0.0,0.0,50.33237000766508,4.59338924698568,False,True,False,False,False,1.36171590091503
2025-03-14 00:00:00+00:00,15.3130908117,15.342388817,14.5220446664,15.1177707758,82833192,12.731949711999533,14.280228884400515,15.792948645957676,,12.81276837486852,12.484142866188897,13.919715955653137,#000000,2.2869552994486093,16.55190394323997,-0.54168663980387,2,0.1666328015228701,0.3332656030457402,0.0,0.0,0.0,0.0,48.28626837606649,2.6080493384991,False,True,False,False,False,1.2175971436293018
2025-03-21 00:00:00+00:00,15.7720928959,15.9283489246,15.1714837857,15.3130908117,103909550,12.76383907426288,14.30925285492955,15.785866928084582,,12.842560953287162,12.522347231279165,13.932139355229236,#000000,2.213811869267808,16.4436394507014,-0.3033440032207916,2,0.1669878143987759,0.3339756287975518,0.0,0.0,0.0,0.0,47.77450075247479,2.1032618735421877,False,True,False,False,False,2.529518361273425
2025-03-28 00:00:00+00:00,15.4302828332,16.4605960224,15.2740268045,15.9674129318,63013876,12.78348616594042,14.327513701101378,15.784274901069645,,12.860946082612077,12.545781304157357,13.942094509289877,#000000,2.1147825550099344,16.39684633684162,-0.4570510104463573,2,0.1677448600067127,0.3354897200134254,0.0,0.0,0.0,0.0,46.81662382680119,1.1354761336794468,False,True,False,False,False,1.495953973410117
2025-04-04 00:00:00+00:00,13.1548044154,15.723262887,12.4272372818,15.1861327884,81896007,12.791916349806316,14.318274567571088,15.721365673475294,13.768434861400001,12.868415593451084,12.557310781312712,13.902088811842116,"rgba(239, 83, 80, 1.0)",2.0144765860793057,15.579217404188014,-1.2034952431522434,2,0.17002681268305594,0.3400536253661119,0.0,0.0,0.0,0.0,43.069917427527855,-2.4814007625421652,False,True,False,True,False,0.0
2025-04-11 00:00:00+00:00,13.408720462,14.4439166521,12.482805832,12.842292358,136934858,12.801132944913256,14.294797204735703,15.608481484502667,13.566135754442259,12.876245200908066,12.571092279450339,13.840052848951048,"rgba(239, 83, 80, 1.0)",1.9523694403850065,15.263755362962879,-0.9501454297487196,3,0.20209743051192341,0.6062922915357702,0.0,0.0,0.0,0.0,40.92482979646109,-4.479288853791147,False,True,False,True,False,0.0
2025-04-18 00:00:00+00:00,13.9360845588,14.3853206413,13.5063804799,13.7114665176,69758834,12.8092788600502,14.290037934856345,15.567431401867344,13.657134753788489,12.883569358226179,12.581852581152802,13.836183600405688,"rgba(239, 83, 80, 1.0)",1.8695707346064177,15.19966617418462,-0.6758672416053996,3,0.2051529592800898,0.6154588778402694,0.0,0.0,0.0,0.0,40.47392691953169,-4.864643978055284,False,True,False,True,False,0.0
2025-04-25 00:00:00+00:00,14.3755546395,14.7808437139,13.359890453,13.7212325194,64155423,12.818164917581575,14.288590209969463,15.536510713170841,13.75079323909076,12.891657538866705,12.593244665078437,13.837602289262838,"rgba(239, 83, 80, 1.0)",1.8194232113924478,15.161506111829876,-0.43197836952314583,3,0.20804146363499232,0.624124390904977,0.0,0.0,0.0,0.0,41.015320047223156,-4.864643978055284,False,True,False,True,False,0.0
2025-05-02 00:00:00+00:00,15.1275367776,15.1861327884,14.1021065893,14.3950866431,52149750,12.828641337941008,14.29369452858412,15.523571640085406,13.886606545047732,12.90137196876027,12.606050992636536,13.851347959425937,"rgba(239, 83, 80, 1.0)",1.7584035590640146,15.17000994640604,-0.024154391969411517,3,0.21044846250847363,0.6313453875254209,0.0,0.0,0.0,0.0,42.78027499198168,-4.864643978055284,False,True,False,True,False,0.8038768696964809
2025-05-09 00:00:00+00:00,15.1275367776,15.4205168314,14.8053563784,14.9712807489,57225950,12.841808934621659,14.302532819596474,15.515842997246041,14.039069715396382,12.913650554910696,12.621907370339231,13.870492327225293,"rgba(239, 83, 80, 0.75)",1.7280300549556145,15.192835408331371,-0.037787902209286905,3,0.21259980163107994,0.6377994048932398,0.0,0.0,0.0,0.0,44.04095709538062,-4.864643978055284,False,True,False,True,True,0.8038768696964809
2025-05-16 00:00:00+00:00,16.240860982,16.3189889964,15.8111569031,15.908816921,62999203,12.86246038741526,14.32378339449334,15.528326431065368,14.289161284492284,12.933108772755151,12.646075775210011,13.911304237977037,#000000,1.7032155899666004,15.351048561131,0.5224308808061403,3,0.21516888649864588,0.6455066594959377,0.0,0.0,0.0,0.0,46.82049930604265,-7.986339765138688,False,True,False,False,True,3.836412269072543
2025-05-23 00:00:00+00:00,15.2837928063,16.2066799757,14.9224507399,16.0748389515,51727073,12.875868526383512,14.334670331803222,15.527375337675458,14.3951369218154,12.945677487045598,12.66199394001439,13.929104331164154,#000000,1.6893080580336428,15.303491574941493,-0.011660850457567198,4,0.1896930562311731,0.7587722249246924,0.0,0.0,0.0,0.0,47.224991833471,-7.599198835922692,False,True,False,False,True,1.1077566003361312
2025-05-30 00:00:00+00:00,15.6903522045,15.9079989564,15.2797912862,15.5815288286,65971484,12.893780227634121,14.350113503517592,15.52941904397372,14.52146338253809,12.962501159920604,12.683143655617155,13.952809361556666,#000000,1.6757881260515837,15.319615209916892,0.2212314246769501,4,0.19372623694995283,0.7749049477998113,0.0,0.0,0.0,0.0,48.17561297747817,-6.638471623900486,False,True,False,False,True,2.199972465283576
2025-06-06 00:00:00+00:00,16.1553248109,16.1751108792,15.2995773546,15.6211009653,51177098,12.908775140437804,14.364145053335454,15.534910222400239,14.621400018759996,12.976621685272665,12.700723346217872,13.973587170136865,#000000,1.6661752222354902,15.357945062373847,0.47856896314681596,4,0.19738109186947256,0.7895243674778902,0.0,0.0,0.0,0.0,49.588918366006894,-5.219498843586358,False,True,False,False,True,3.434471621485372
2025-06-13 00:00:00+00:00,15.4825984868,16.333399426,15.4182937647,16.2641481868,59700583,12.925309015704077,14.378791668043114,15.538711257891133,14.710382121333346,12.992180602814548,12.720146242228083,13.993688239557777,#000000,1.655006615170084,15.382851039140363,0.060270120219058504,4,0.20097182857201118,0.8038873142880447,0.0,0.0,0.0,0.0,49.46675542763665,-5.219498843586358,False,True,False,False,True,1.5188373614029587
2025-06-20 00:00:00+00:00,15.9871432298,16.0267153666,15.492491521,15.7299243412,53322479,12.940384121516985,14.392464460212498,15.543435387004013,14.78471919344618,13.006383140776945,12.737799616010516,14.011871071415435,#000000,1.6392502197793022,15.409127769806272,0.35260965837878455,4,0.20290215329366998,0.8116086131746799,0.0,0.0,0.0,0.0,50.20058504806249,-4.44544974742184,False,True,False,False,True,2.8670990876649505
2025-06-27 00:00:00+00:00,17.0358048526,17.1248421602,15.8387477172,15.8387477172,74880557,12.967293860297897,14.422048782067563,15.567993497180968,14.944494995000497,13.031878531450383,12.768815829845956,14.052881015273856,#000000,1.6291370195261474,15.514353987675252,0.9338998787022086,3,0.23014808361253894,0.6904442508376168,0.0,0.0,0.0,0.0,52.25698357660959,-2.360321897550101,False,True,False,False,True,5.568950913374298
2025-07-04 00:00:00+00:00,18.2625410905,18.3515783981,17.114949126,17.1743073311,74693020,13.00264376740726,14.466728876872041,15.617982426555153,15.176024488725286,13.065537407511744,12.808984266992665,14.115285623041604,"rgba(38, 166, 154, 0.5)",1.6530318310857515,15.697310220823887,1.5518339220311372,2,0.29062983301308254,0.5812596660261651,0.0,0.0,0.0,0.0,55.22191981107894,0.5366106712696279,False,False,True,False,True,8.54044783248407
2025-07-11 00:00:00+00:00,18.1339316462,18.5296530133,17.896498826,18.1091990608,90379817,13.047124201240129,14.523513681520683,15.68266309836884,15.435920425659333,13.10794299095654,12.859351730283581,14.191347138725256,"rgba(38, 166, 154, 1.0)",1.6665505889536973,15.900263232591225,1.340294395150122,2,0.2908937166783627,0.5817874333567254,0.0,0.0,0.0,0.0,57.09602523965664,2.3293686080185125,True,False,True,False,True,8.159706438219576
2025-07-18 00:00:00+00:00,18.3021132272,18.3812575007,17.451312288,18.1240386121,128137355,13.107190258814997,14.598109028921103,15.764087015602806,15.720410525546109,13.165229092996592,12.927306861276145,14.2853428703988,"rgba(38, 166, 154, 1.0)",1.6723165761553518,16.113151874404938,1.308939577593301,2,0.29253983090920044,0.5850796618184009,0.0,0.0,0.0,0.0,58.63912374410406,3.800276249441872,True,False,True,False,True,8.563740484768573
2025-07-25 00:00:00+00:00,18.3713644665,18.7027811114,17.9608035481,18.2625410905,193666015,13.20063626569206,14.714349884370336,15.89188448149039,16.09175739587807,13.254503461290042,13.032527519704955,14.424719736749838,"rgba(38, 166, 154, 1.0)",1.6798732289870526,16.938317094104193,0.8530687599920396,2,0.294352327099353,0.588704654198706,0.0,0.0,0.0,0.0,59.82912230889529,4.94553263032239,True,False,True,False,True,8.732049043105036
2025-08-01 00:00:00+00:00,17.4612053222,18.4307226715,16.9963316462,18.3713644665,210098717,13.284725738040727,14.80926442275438,15.980463504026103,16.29637212096504,13.334802821394488,13.127383979001225,14.52772488348859,"rgba(38, 166, 154, 1.0)",1.6705155067255175,17.28222319411701,0.10714185373461559,2,0.2963270097651688,0.5926540195303376,0.0,0.0,0.0,0.0,58.82311908983703,4.94553263032239,True,False,True,False,True,5.9806964749851055
2025-08-08 00:00:00+00:00,17.4216331855,17.728317245,17.1446282285,17.5106704931,141271405,13.3370004488229,14.86544485032966,16.028555916671134,16.389599584852235,13.384746752850564,13.186286737507478,14.58580862909258,"rgba(38, 166, 154, 1.0)",1.661053079162957,17.256219871879658,0.09958340025094013,2,0.29928360873840265,0.5985672174768053,0.0,0.0,0.0,0.0,58.027400115754666,4.94553263032239,True,False,True,False,True,5.8628139403245285
2025-08-15 00:00:00+00:00,17.8470336551,18.1636107488,17.1545212627,17.4414192538,117345395,13.382437319926973,14.915386213941833,16.07391949427971,16.47467124833044,13.428224702272248,13.237263332167055,14.637868536022497,"rgba(38, 166, 154, 1.0)",1.6682196903948403,17.29334042699932,0.33190666150789194,2,0.30096719745196254,0.6019343949039251,0.0,0.0,0.0,0.0,58.11644356586326,4.94553263032239,True,False,True,False,True,6.949444761966209
2025-08-22 00:00:00+00:00,18.7769788677,18.8709626924,17.7678893817,17.8074615184,130217692,13.440297587214353,14.98307987799413,16.14315699950267,16.606845385743245,13.48371694103442,13.30174892562503,14.710453250928744,"rgba(38, 166, 154, 1.0)",1.6862342697461599,17.426729250590597,0.8007485325942663,2,0.303722249184439,0.607444498368878,0.0,0.0,0.0,0.0,59.479896537381606,4.94553263032239,True,False,True,False,True,9.254440198351265
2025-08-29 00:00:00+00:00,19.1529141664,19.2914166449,18.6483694234,18.7769788677,121612407,13.499030909536561,15.053775941619442,16.21897961832443,16.74794151632329,13.540135511948005,13.366912176823691,14.786651152675853,"rgba(38, 166, 154, 1.0)",1.7189022757649919,17.58208970817172,0.9138532657589216,2,0.3057756088332878,0.6115512176665756,0.0,0.0,0.0,0.0,60.932664945438304,6.262929770979646,True,False,True,False,True,10.160398895456868
2025-09-05 00:00:00+00:00,18.95,19.125,18.69,18.96,50316858,13.522499572730071,15.08152554840201,16.24802513043685,16.79905998624354,13.562686592133876,13.392930181333417,14.816104249954344,"rgba(38, 166, 154, 1.0)",1.7517847516828262,17.63165532909997,0.7525722949886281,2,0.3104262910302742,0.6208525820605484,0.0,0.0,0.0,0.0,61.50081726694292,6.908597855742968,True,False,True,False,True,9.518939461938881
