date,Open,High,Low,Close,Volume,aVWAP_peak_876,aVWAP_peak_839,aVWAP_peak_814,aVWAP_peak_813,aVWAP_peak_768,aVWAP_peak_734,aVWAP_peak_733,aVWAP_peak_732,aVWAP_peak_731,aVWAP_peak_631,aVWAP_peak_618,aVWAP_peak_595,aVWAP_peak_575,aVWAP_peak_539,aVWAP_peak_469,aVWAP_peak_468,aVWAP_peak_410,aVWAP_peak_331,aVWAP_peak_312,aVWAP_peak_293,aVWAP_peak_257,aVWAP_peak_219,aVWAP_peak_218,aVWAP_peak_187,aVWAP_peak_186,aVWAP_peak_151,aVWAP_peak_24,aVWAP_peak_23,aVWAP_valley_827,aVWAP_valley_783,aVWAP_valley_747,aVWAP_valley_729,aVWAP_valley_728,aVWAP_valley_664,aVWAP_valley_632,aVWAP_valley_610,aVWAP_valley_609,aVWAP_valley_587,aVWAP_valley_553,aVWAP_valley_552,aVWAP_valley_472,aVWAP_valley_448,aVWAP_valley_447,aVWAP_valley_446,aVWAP_valley_407,aVWAP_valley_406,aVWAP_valley_372,aVWAP_valley_352,aVWAP_valley_325,aVWAP_valley_289,aVWAP_valley_288,aVWAP_valley_287,aVWAP_valley_283,aVWAP_valley_255,aVWAP_valley_254,aVWAP_valley_239,aVWAP_valley_196,aVWAP_valley_195,aVWAP_valley_175,aVWAP_valley_143,aVWAP_valley_130,aVWAP_valley_102,aVWAP_valley_73,aVWAP_valley_32,aVWAP_valley_31,aVWAP_valley_30,aVWAP_valley_29,aVWAP_valley_13,aVWAP_valley_12,aVWAP_OB_bull_827,aVWAP_OB_bear_768,aVWAP_OB_bear_257,aVWAP_OB_bear_219,Peaks_Valleys_avg,color,StDev,StDev_Mean,StdDev_ZScore,QQEMOD,QQE1_Value,QQE1_Above_Upper,QQE1_Below_Lower,QQE2_Above_Threshold,QQE2_Below_Threshold,QQE2_Above_TL,banker_RSI,OB,OB_High,OB_Low,OB_Mitigated_Index,TTM_squeeze_Active,VI_plus,VI_minus,VI_Regular_Bullish,VI_Regular_Bearish,VI_Hidden_Bullish,VI_Hidden_Bearish,Fisher,Fisher_Signal,Fisher_Regular_Bullish,Fisher_Regular_Bearish,Fisher_Hidden_Bullish,Fisher_Hidden_Bearish,OBV,OBV_Smoothed,OBV_Regular_Bullish,OBV_Regular_Bearish,OBV_Hidden_Bullish,OBV_Hidden_Bearish,Volume_MA,Vol_Regular_Bullish,Vol_Regular_Bearish,Vol_Hidden_Bullish,Vol_Hidden_Bearish
2025-02-10 15:00:00+00:00,6.6,6.6,6.6,6.6,0.0,,,,,,,,,,,,,,,,,,,,,,,,,,,,,,,,,,,,,,,,,,,,,,,,,,,,,,,,,,,,,,,,,,,,,,,,,,,#000000,,,,,,False,False,False,False,False,,0.0,0.0,0.0,0.0,0,,,False,False,False,False,,,False,False,False,False,0.0,0.0,False,False,False,False,0.0,False,False,False,False
2025-02-10 16:00:00+00:00,6.6,6.6,6.6,6.6,200.0,,,,,,,,,,,,,,,,,,,,,,,,,,,,,,,,,,,,,,,,,,,,,,,,,,,,,,,,,,,,,,,,,,,,,,,,,,,#000000,,,,,,False,False,False,False,False,,0.0,0.0,0.0,0.0,0,,,False,False,False,False,,,False,False,False,False,0.0,0.0,False,False,False,False,3.10077519379845,False,False,False,False
2025-02-10 17:00:00+00:00,6.6,6.6,6.57,6.57,17.0,,,,,,,,,,,,,,,,,,,,,,,,,,,,,,,,,,,,,,,,,,,,,,,,,,,,,,,,,,,,,,,,,,,,,,,,,,,#000000,,,,0.0,,False,False,False,True,False,,0.0,0.0,0.0,0.0,0,,,False,False,False,False,,,False,False,False,False,-17.0,-0.26356589147286824,False,False,False,False,3.3162670512589387,False,False,False,False
2025-02-10 18:00:00+00:00,6.57,6.61,6.57,6.61,117.0,,,,,,,,,,,,,,,,,,,,,,,,,,,,,,,,,,,,,,,,,,,,,,,,,,,,,,,,,,,,,,,,,,,,,,,,,,,#000000,,,,20.000000000000178,-80.00000000000026,False,False,False,True,True,,0.0,0.0,0.0,0.0,0,,,False,False,False,False,,,False,False,False,False,100.0,1.290907998317409,False,False,False,False,5.078805546588257,False,False,False,False
2025-02-10 19:00:00+00:00,6.61,6.61,6.55,6.55,317.0,,,,,,,,,,,,,,,,,,,,,,,,,,,,,,,,,,,,,,,,,,,,,,,,,,,,,,,,,,,,,,,,,,,,,,,,,,,#000000,,,,23.271221532091225,-75.0559006211183,False,False,False,True,True,,0.0,0.0,0.0,0.0,0,,,False,False,False,False,,,False,False,False,False,-217.0,-2.093447164447202,False,False,False,False,9.914793057493865,False,False,False,False
2025-02-10 20:00:00+00:00,6.55,6.595,6.54,6.54,621.0,,,,,,,,,,,,,,,,,,,,,,,,,,,,,,,,,,,,,,,,,,,,,,,,,,,,,,,,,,,,,,,,,,,,,,,,,,,#000000,,,,24.595382168373007,-70.86042934039014,False,False,False,True,True,,0.0,0.0,0.0,0.0,0,,,False,False,False,False,,,False,False,False,False,-838.0,-15.053238681277477,False,False,False,False,19.388982312416438,False,False,False,False
2025-02-11 15:00:00+00:00,6.56,6.64,6.56,6.61,380.0,,,,,,,,,,,,,,,,,,,,,,,,,,,,,,,,,,,,,,,,,,,,,,,,,,,,,,,,,,,,,,,,,,,,,,,,,,,#000000,,,,35.28443102007823,-57.584414101059224,False,False,False,True,True,,0.0,0.0,0.0,0.0,0,,,False,False,False,False,,,False,False,False,False,-458.0,-21.920630329629766,False,False,False,False,24.979850803696802,False,False,False,False
2025-02-11 16:00:00+00:00,6.61,6.645,6.61,6.645,7.0,,,,,,,,,,,,,,,,,,,,,,,,,,,,,,,,,,,,,,,,,,,,,,,,,,,,,,,,,,,,,,,,,,,,,,,,,,,#000000,,,,45.087272552515635,-45.39144442893963,False,False,False,False,True,,0.0,0.0,0.0,0.0,0,,,False,False,False,False,,,False,False,False,False,-451.0,-28.57302365785256,False,False,False,False,24.7010934268953,False,False,False,False
2025-02-11 17:00:00+00:00,6.645,6.655,6.645,6.655,7.0,,,,,,,,,,,,,,,,,,,,,,,,,,,,,,,,,,,,,,,,,,,,,,,,,,,,,,,,,,,,,,,,,,,,,,,,,,,#000000,,,,52.284067227836346,-35.76549853249617,False,False,True,False,True,,0.0,0.0,0.0,0.0,0,,,False,False,False,False,,,False,False,False,False,-444.0,-35.01375197323469,False,False,False,False,24.426657869889173,False,False,False,False
2025-02-11 18:00:00+00:00,6.655,6.655,6.62,6.62,16.0,,,,,,,,,,,,,,,,,,,,,,,,,,,,,,,,,,,,,,,,,,,,,,,,,,,,,,,,,,,,,,,,,,,,,,,,,,,#000000,,,,53.05403855574758,-31.9958849254442,False,False,True,False,True,,0.0,0.0,0.0,0.0,0,,,False,False,False,False,,,False,False,False,False,-460.0,-41.60268605116903,False,False,False,False,24.296012011441277,False,False,False,False
2025-02-11 19:00:00+00:00,6.62,6.64,6.62,6.64,0.0,,,,,,,,,,,,,,,,,,,,,,,,,,,,,,,,,,,,,,,,,,,,,,,,,,,,,,,,,,,,,,,,,,,,,,,,,,,#000000,,,,55.14665729652268,-26.790760060848868,False,False,True,False,True,,0.0,0.0,0.0,0.0,0,,,False,False,False,False,,,False,False,False,False,-460.0,-48.089466112391214,False,False,False,False,23.919329654674744,False,False,False,False
2025-02-11 20:00:00+00:00,6.64,6.64,6.55,6.55,333.0,,,,,,,,,,,,,,,,,,,,,,,,,,,,,,,,,,,,,,,,,,,,,,,,,,,,,,,,,,,,,,,,,,,,,,,,,,,#000000,,,,49.70558671933066,-26.790760060848868,False,False,False,False,True,,0.0,0.0,0.0,0.0,0,,,False,False,False,False,,,False,False,False,False,-793.0,-59.638466637780496,False,False,False,False,28.711278032121648,False,False,False,False
2025-02-12 15:00:00+00:00,6.55,6.575,6.52,6.52,123.0,,,,,,,,,,,,,,,,,,,,,,,,,,,,,,,,,,,,,,,,,,,,,,,,,,,,,,,,,,,,,,,,,,,,,6.538333333333334,,,,,6.538333333333334,#000000,,6.538333333333334,,44.593242496911316,-26.790760060848868,False,False,False,True,True,,0.0,0.0,0.0,0.0,0,,,False,False,False,False,,,False,False,False,False,-916.0,-72.91538963564436,False,False,False,False,30.173118682786427,False,False,False,False
2025-02-12 16:00:00+00:00,6.52,6.62,6.52,6.61,700.0,,,,,,,,,,,,,,,,,,,,,,,,,,,,,,,,,,,,,,,,,,,,,,,,,,,,,,,,,,,,,,,,,,,,6.583333333333333,6.576607938436614,,,,,6.579970635884973,#000000,,6.579970635884973,,47.29226339402894,-26.790760060848868,False,False,False,True,True,,0.0,0.0,0.0,0.0,0,,,False,False,False,False,,,False,False,False,False,-216.0,-75.13375568780492,False,False,False,False,40.558031571425396,False,False,False,False
2025-02-12 17:00:00+00:00,6.61,6.61,6.58,6.6,10.0,,,,,,,,,,,,,,,,,,,,,,,,,,,,,,,,,,,,,,,,,,,,,,,,,,,,,,,,,,,,,,,,,,,,6.583521126760562,6.576848739495798,,,,,6.58018493312818,#000000,,6.58018493312818,,48.499397395386836,-23.61625573583046,False,False,False,False,True,,0.0,0.0,0.0,0.0,0,,,False,False,False,False,,,False,False,False,False,-226.0,-77.47276722752888,False,False,False,False,40.08426364008547,False,False,False,False
2025-02-12 18:00:00+00:00,6.6,6.6,6.58,6.58,6.0,,,,,,,,,,,,,,,,,,,,,,,,,,,,,,,,,,,,,,,,,,,,,,,,,,,,,,,,,,,,,,,,,,,,6.5835474860335195,6.5769189511323,,,,,6.58023321858291,#000000,,6.58023321858291,,48.10739679225621,-21.655377884194476,False,False,False,False,True,,0.0,0.0,0.0,0.0,0,,,False,False,False,False,,,False,False,False,False,-232.0,-79.86853827826486,False,False,False,False,39.55582544411515,False,False,False,False
2025-02-12 19:00:00+00:00,6.58,6.63,6.58,6.62,366.0,,,,,,,,,,,,,,,,,,,,,,,,,,,,,,,,,,,,,,,,,,,,,,,,,,,,,,,,,,,,,,,,,,,,6.592495378927911,6.586966804979253,,,,,6.589731091953582,#000000,,6.589731091953582,,50.25050711779767,-17.43022539309851,False,False,False,False,True,,0.0,0.0,0.0,0.0,0,,,False,False,False,False,,,False,False,False,False,134.0,-76.55274698712897,False,False,False,False,44.61697543722965,False,False,False,False
2025-02-12 20:00:00+00:00,6.62,6.65,6.6,6.6,427.0,,,,,,,,,,,,,,,,,,,,,,,,,,,,,,,,,,,,,,,,,,,,,,,,,,,,,,,,,,,,,,,,,,,,6.599335100508063,6.594737540849674,,,,,6.5970363206788685,#000000,,6.5970363206788685,,50.37913139668627,-15.274727255708036,False,False,False,False,True,,0.0,0.0,0.0,0.0,0,,,False,False,False,False,,,False,False,False,False,-293.0,-79.90851835166961,False,False,False,False,50.545394422698955,False,False,False,False
2025-02-13 15:00:00+00:00,6.6,6.6,6.57,6.575,6.0,,,,,,,,,,,,,,,,,,,,,,,,,,,,,,,,,,,,,,,,,,,,,,,,,,,,,,,,,,,,,,,,,,,,6.599265126512652,6.594689662189663,,,,,6.596977394351157,#000000,,6.596977394351157,,48.922471178806404,-14.953699879838915,False,False,False,False,True,,0.0,0.0,0.0,0.0,0,,,False,False,False,False,,,False,False,False,False,-299.0,-83.30528550900806,False,False,False,False,49.85476815257959,False,False,False,False
2025-02-13 16:00:00+00:00,6.575,6.605,6.56,6.595,114.0,,,,,,,,,,,,,,,,,,,,,,,,,,,,,,,,,,,,,,,,,,,,,,,,,,,,,,,,,,,,,,,,,,,,6.598383466339267,6.5941676179604265,,,,,6.596275542149847,#000000,,6.596275542149847,,49.31901397230667,-12.90404446334351,False,False,False,False,True,,0.0,0.0,0.0,0.0,0,,,False,False,False,False,,,False,False,False,False,-185.0,-84.88194774917848,False,False,False,False,50.84926787114425,False,False,False,False
2025-02-13 17:00:00+00:00,6.595,6.6,6.56,6.6,234.0,,,,,,,,,,,,,,,,,,,,,,,,,,,,,,,,,,,,,,,,,,,,,,,,,,,,,,,,,,,,,,,,,,,,6.59691179101807,6.593283820073849,,,,,6.59509780554596,#000000,,6.59509780554596,,49.93135881873421,-10.806019685415826,False,False,False,False,True,,0.0,0.0,0.0,0.0,0,,,False,False,False,False,,,False,False,False,False,49.0,-82.80625863678812,False,False,False,False,53.68881410570015,False,False,False,False
2025-02-13 18:00:00+00:00,6.6,6.6,6.59,6.59,25.0,,,,,,,,,,,,,,,,,,,,,,,,,,,,,,,,,,,,,,,,,,,,,,,,,,,,,,,,,,,,,,,,,,,,6.596864406779661,6.593284435604176,,,,,6.595074421191919,#000000,,6.595074421191919,,49.57282585015301,-9.820075654529063,False,False,False,False,True,,0.0,0.0,0.0,0.0,0,,,False,False,False,False,,,False,False,False,False,24.0,-81.15034765017124,False,False,False,False,53.2440262901079,False,False,False,False
2025-02-13 19:00:00+00:00,6.59,6.625,6.59,6.625,18.0,,,,,,,,,,,,,,,,,,,,,,,,,,,,,,,,,,,,,,,,,,,,,,,,,,,,,,,,,,,,,,,,,,,,6.5970199370409235,6.593462296697881,,,,,6.595241116869403,#000000,,6.595241116869403,,51.898199139438475,-6.491058354325354,False,False,True,False,True,,0.0,0.0,0.0,0.0,0,,,False,False,False,False,,,False,False,False,False,42.0,-79.24103993466471,False,False,False,False,52.69760727785816,False,False,False,False
2025-02-13 20:00:00+00:00,6.625,6.66,6.59,6.635,3963.0,,,,,,,,,,,,,,,,,,,,,,,,,,,,6.628333333333332,,,,,,,,,,,,,,,,,,,,,,,,,,,,,,,,,,,,,,,,6.6181640824672,6.616525367156207,,,,,6.621007594318914,#000000,,6.621007594318914,,54.1164332131528,-3.5167452212442356,False,False,True,False,True,,0.0,0.0,0.0,0.0,0,,,False,False,False,False,,,False,False,False,False,4005.0,-15.919473424049748,False,False,False,False,113.32245057587586,False,False,False,False
2025-02-14 15:00:00+00:00,6.66,6.66,6.55,6.565,82.0,,,,,,,,,,,,,,,,,,,,,,,,,,,6.591666666666668,6.6275900288421905,,,,,,,,,,,,,,,,,,,,,,,,,,,,,,,,,,,,,,,,6.617798969360892,6.616189770606958,,,,,6.6133113588691765,#000000,,6.6133113588691765,,50.39520099296266,-3.5167452212442356,False,False,False,False,False,,0.0,0.0,0.0,0.0,1,,,False,False,False,False,,,False,False,False,False,3923.0,45.14904554376498,False,False,False,False,112.83683118710259,False,False,False,False
2025-02-14 16:00:00+00:00,6.565,6.565,6.525,6.525,79.0,,,,,,,,,,,,,,,,,,,,,,,,,,,6.5654968944099386,6.625880213385061,,,,,,,,,,,,,,,,,,,,,,,,,,,,,,,,,,,,,,,,6.616757877280266,6.615190151145782,,,,,6.605831284055261,#000000,,6.605831284055261,,45.82072139424385,2.9386694297743077,False,False,False,True,False,,0.0,0.0,0.0,0.0,1,,,False,False,False,False,,,False,False,False,False,3844.0,104.04595956634226,False,False,False,False,112.31222915319402,False,False,False,False
2025-02-14 17:00:00+00:00,6.525,6.57,6.525,6.56,113.0,,,,,,,,,,,,,,,,,,,,,,,,,,,6.559793187347933,6.623900951931397,,,,,,,,,,,,,,,,,,,,,,,,,,,,,,,,,,,,,,,,6.615560529600088,6.614044579210554,,,,,6.6033248120224926,#000000,,6.6033248120224926,,45.42731094265315,2.23707513519188,False,False,False,True,False,,0.0,0.0,0.0,0.0,1,,,False,False,False,False,,,False,False,False,False,3957.0,163.78168112345324,False,False,False,False,112.32289226709798,False,False,False,False
2025-02-14 18:00:00+00:00,6.56,6.565,6.53,6.545,97.0,,,,,,,,,,,,,,,,,,,,,,,,,,,6.556361185983828,6.622172358098753,,,,,,,,,,,,,,,,,,,,,,,,,,,,,,,,,,,,,,,,6.6144895833333335,6.613017444601603,,,,,6.601510143004379,#000000,,6.601510143004379,,44.313908828171556,0.7653850049421891,False,False,False,True,False,,0.0,0.0,0.0,0.0,0,,,False,False,False,False,,,False,False,False,False,3860.0,221.08739149363225,False,False,False,False,112.08532804590266,False,False,False,False
2025-02-14 19:00:00+00:00,6.545,6.545,6.54,6.545,45.0,,,,,,,,,,,,,,,,,,,,,,,,,,,6.554951923076924,6.621362183146836,,,,,,,,,,,,,,,,,,,,,,,,,,,,,,,,,,,,,,,,6.613980111376293,6.61252808988764,,,,,6.600705576871923,#000000,,6.600705576871923,,43.57164075185049,-0.3900196409091805,False,False,False,True,False,,0.0,0.0,0.0,0.0,0,,,False,False,False,False,,,False,False,False,False,3860.0,277.504641237917,False,False,False,False,111.04524544053982,False,False,False,False
2025-02-14 20:00:00+00:00,6.545,6.595,6.5,6.5,1218.0,,,,,,,,,,,,,,,,,,,,,,,,,,,6.537594859241127,6.6018429515812045,,,,,,,,,,,,,,,,,,,,,,,,,,,,,,,,,,,,,,,6.531666666666666,6.60061775289884,6.599613165486493,,,,,6.5742670791748665,#000000,,6.5742670791748665,,40.573640037409966,-3.594161272694656,False,False,False,True,False,,0.0,0.0,0.0,0.0,0,,,False,False,False,False,,,False,False,False,False,2642.0,314.1634840094222,False,False,False,False,128.20733465851595,False,False,False,False
2025-02-17 15:00:00+00:00,6.5,6.5,6.5,6.5,0.0,,,,,,,,,,,,,,,,,,,,,,,,,,,6.537594859241127,6.6018429515812045,,,,,,,,,,,,,,,,,,,,,,,,,,,,,,,,,,,,,,,6.531666666666666,6.60061775289884,6.599613165486493,,,,,6.5742670791748665,#000000,,6.5742670791748665,,38.574972894449616,-5.758179836055554,False,False,False,True,False,,0.0,0.0,0.0,0.0,0,,,False,False,False,False,,,False,False,False,False,2642.0,350.25397262943113,False,False,False,False,126.21962404365523,False,False,False,False
2025-02-17 16:00:00+00:00,6.5,6.5,6.5,6.5,0.0,,,,,,,,,,,,,,,,,,,,,,,,,,,6.537594859241127,6.6018429515812045,,,,,,,,,,,,,,,,,,,,,,,,,,,,,,,,,,,,,,,6.531666666666666,6.60061775289884,6.599613165486493,,,,,6.5742670791748665,#000000,,6.5742670791748665,,37.24252813247605,-7.289878921667906,False,False,False,True,False,,0.0,0.0,0.0,0.0,0,,,False,False,False,False,,,False,False,False,False,2642.0,385.78491879021516,False,False,False,False,124.26273064762957,False,False,False,False
2025-02-17 17:00:00+00:00,6.5,6.5,6.5,6.5,0.0,,,,,,,,,,,,,,,,,,,,,,,,,,,6.537594859241127,6.6018429515812045,,,,,,,,,,,,,,,,,,,,,,,,,,,,,,,,,,,,,,,6.531666666666666,6.60061775289884,6.599613165486493,,,,,6.5742670791748665,#000000,,6.5742670791748665,,36.35423162449368,-8.43557226381511,False,False,False,True,False,,0.0,0.0,0.0,0.0,0,,,False,False,False,False,,,False,False,False,False,2642.0,420.76499756866144,False,False,False,False,122.33617668410042,False,False,False,False
2025-02-17 18:00:00+00:00,6.5,6.5,6.5,6.5,0.0,,,,,,,,,,,,,,,,,,,,,,,,,,,6.537594859241127,6.6018429515812045,,,,,,,,,,,,,,,,,,,,,,,,,,,,,,,,,,,,,,,6.531666666666666,6.60061775289884,6.599613165486493,,,,,6.5742670791748665,#000000,,6.5742670791748665,,35.762033952505426,-9.341691986937676,False,False,False,True,False,,0.0,0.0,0.0,0.0,0,,,False,False,False,False,,,False,False,False,False,2642.0,455.2027495443411,False,False,False,False,120.4394917742694,False,False,False,False
2025-02-17 19:00:00+00:00,6.5,6.5,6.5,6.5,0.0,,,,,,,,,,,,,,,,,,,,,,,,,,,6.537594859241127,6.6018429515812045,,,,,,,,,,,,,,,,,,,,,,,,,,,,,,,,,,,,,,,6.531666666666666,6.60061775289884,6.599613165486493,,,,,6.5742670791748665,#000000,,6.5742670791748665,,35.36723550451326,-10.093771665278865,False,False,False,True,False,,0.0,0.0,0.0,0.0,0,,,False,False,False,False,,,False,False,False,False,2642.0,489.1065828847389,False,False,False,False,118.57221283203266,False,False,False,False
2025-02-17 20:00:00+00:00,6.5,6.5,6.5,6.5,0.0,,,,,,,,,,,,,,,,,,,,,,,,,,,6.537594859241127,6.6018429515812045,,,,,,,,,,,,,,,,,,,,,,,,,,,,,,,,,,,,,,,6.531666666666666,6.60061775289884,6.599613165486493,,,,,6.5742670791748665,#000000,,6.5742670791748665,,35.104036539185145,-10.740870434705855,False,False,False,True,False,,0.0,0.0,0.0,0.0,0,,,False,False,False,False,,,False,False,False,False,2642.0,522.4847753981537,False,False,False,False,116.73388395091587,False,False,False,False
2025-02-18 15:00:00+00:00,6.5,6.645,6.5,6.625,61.0,,,,,,,,,,,,,,,,,,,,,,,,,,,6.5394808259587025,6.601715270413573,,,,,,,,,,,,,,,,,,,,,,,,,,,,,,,,,,,,6.59,6.59,6.59,6.534448788115715,6.600532125859333,6.599536880447507,,,,,6.580714236349354,#000000,,6.583809490899569,,46.499618071669104,-8.383133512020649,False,False,False,False,True,,0.0,0.0,0.0,0.0,0,,,False,False,False,False,,,False,False,False,False,2703.0,556.29121298888,False,False,False,False,115.86979272687066,False,False,False,False
2025-02-18 16:00:00+00:00,6.625,6.625,6.58,6.58,265.0,,,,,,,,,,,,,,,,,,,,,,,,,,,6.5469872448979585,6.6014148235691374,,,,,,,,,,,,,,,,,,,,,,,,,,,,,,,,,,,,6.594064417177914,6.594064417177914,6.594064417177914,6.544841321243522,6.600344871631115,6.599385689134809,,,,,6.584395900251286,#000000,,6.587618739226827,,50.01123250255603,-5.493071937726512,False,False,False,False,True,,0.0,0.0,0.0,0.0,0,,,False,False,False,False,,,False,False,False,False,2438.0,585.4649926324633,False,False,False,False,118.18188896366335,False,False,False,False
2025-02-18 17:00:00+00:00,6.58,6.58,6.555,6.555,18.0,,,,,,,,,,,,,,,,,,,,,,,,,,,6.54713599595551,6.601299444537957,,,,,,,,,,,,,,,,,,,,,,,,,,,,,,,,,,,,6.592456395348837,6.592456395348837,6.592456395348837,6.545054417413571,6.6002599719638075,6.59930426599749,,,,,6.583802910239355,#000000,,6.586687405275849,,50.45978202718665,-5.266999016167034,False,False,False,False,True,,0.0,0.0,0.0,0.0,0,,,False,False,False,False,,,False,False,False,False,2420.0,613.9073958474639,False,False,False,False,116.62868138283136,False,False,False,False
2025-02-18 18:00:00+00:00,6.555,6.555,6.555,6.555,0.0,,,,,,,,,,,,,,,,,,,,,,,,,,,6.54713599595551,6.601299444537957,,,,,,,,,,,,,,,,,,,,,,,,,,,,,,,,,,,,6.592456395348837,6.592456395348837,6.592456395348837,6.545054417413571,6.6002599719638075,6.59930426599749,,,,,6.583802910239355,#000000,,6.586687405275849,,50.758815043607065,-4.911183085620046,False,False,False,False,True,,0.0,0.0,0.0,0.0,0,,,False,False,False,False,,,False,False,False,False,2420.0,641.908831570759,False,False,False,False,114.82048477224482,False,False,False,False
2025-02-18 19:00:00+00:00,6.555,6.605,6.545,6.605,0.0,,,,,,,,,,,,,,,,,,,,,,,,,,,6.54713599595551,6.601299444537957,,,,,,,,,,,,,,,,,,,,,,,,,,,,,,,,,,,,6.592456395348837,6.592456395348837,6.592456395348837,6.545054417413571,6.6002599719638075,6.59930426599749,,,,,6.583802910239355,#000000,,6.586687405275849,,54.22152878566246,-1.5315997275601063,False,False,True,False,True,,0.0,0.0,0.0,0.0,0,,,False,False,False,False,,,False,False,False,False,2420.0,669.4761365076465,False,False,False,False,113.04032221763637,False,False,False,False
2025-02-18 20:00:00+00:00,6.605,6.605,6.54,6.555,1395.0,,,,,,,,,,,,,,,,,,,,,,,,,,,6.555213459828046,6.594713740458015,,,,,,,,,,,,,,,,,,,,,,,,,,,,,,,,,,,,6.571768257619322,6.571768257619322,6.571768257619322,6.555250253635442,6.595189352953906,6.594442605445808,,,,,6.576264273147398,#000000,,6.574765601304706,,52.767031914529426,-1.5315997275601063,False,False,True,False,True,,0.0,0.0,0.0,0.0,0,,,False,False,False,False,,,False,False,False,False,1025.0,674.9881343912489,False,False,False,False,132.91566605922338,False,False,False,False
2025-02-19 15:00:00+00:00,6.56,6.58,6.56,6.58,100.0,,,,,,,,,,,,,,,,,,,,,,,,,,,6.555735195316249,6.594426214810831,,,,,,,,,,,,,,,,,,,,,,,,,,,,,,,,,,,,6.571853362334602,6.571853362334602,6.571853362334602,6.555841783883982,6.594955398558481,6.5942195809121325,,,,,6.576342282560685,#000000,,6.574845975818658,,53.369794800745915,-1.5315997275601063,True,False,True,False,True,,0.0,0.0,0.0,0.0,0,,,False,False,False,False,,,False,False,False,False,1125.0,681.9650625402218,False,False,False,False,132.4053456552044,False,False,False,False
2025-02-19 16:00:00+00:00,6.58,6.58,6.58,6.58,0.0,,,,,,,,,,,,,,,,,,,,,,,,,,,6.555735195316249,6.594426214810831,,,,,,,,,,,,,,,,,,,,,,,,,,,,,,,,,,,,6.571853362334602,6.571853362334602,6.571853362334602,6.555841783883982,6.594955398558481,6.5942195809121325,,,,,6.576342282560685,#000000,,6.574845975818658,,53.771636724890236,-1.4593664224619047,True,False,True,False,True,,0.0,0.0,0.0,0.0,0,,,False,False,False,False,,,False,False,False,False,1125.0,688.8338212605285,False,False,False,False,130.35254959853455,False,False,False,False
2025-02-19 17:00:00+00:00,6.58,6.58,6.525,6.525,210.0,,,,,,,,,,,,,,,,,,,,,,,,,,,6.555028056837722,6.593022931380243,,,,,,,,,,,,,,,,,,,,,,,,,,,,,,,,,,,,6.568930372539451,6.568930372539451,6.568930372539451,6.555037751249872,6.593820491345617,6.593115073212747,,,,,6.574601927705569,#000000,,6.572711409316862,,50.26336429280017,-1.4593664224619047,True,False,False,False,False,,0.0,0.0,0.0,0.0,0,,,False,False,False,False,,,False,False,False,False,915.0,692.3402736440861,False,False,False,False,131.58739379080532,False,False,False,False
2025-02-19 18:00:00+00:00,6.525,6.525,6.48,6.48,1.0,,,,,,,,,,,,,,,,,,,,,,,,,,,6.555011762576909,6.5930101128983045,,,,,,,,,,,,,,,,,,,,,,,,,,,,,,,,,,,,6.56889430894309,6.56889430894309,6.56889430894309,6.5550193798449605,6.593810146899752,6.593104933167975,,,,,6.574579907777146,#000000,,6.572684708165795,,45.61204454125095,1.0163115126172286,True,False,False,True,False,,0.0,0.0,0.0,0.0,0,,,False,False,False,False,,,False,False,False,False,914.0,695.7768585488288,False,False,False,False,129.56278303435872,False,False,False,False
2025-02-19 19:00:00+00:00,6.48,6.55,6.43,6.55,401.0,,,,,,,,,,,,,,,,,,,,,,,,,,,6.550593227254182,6.588874047382373,,,,,,,,,,,,,,,,,,,,,,,,,,,,,,,,,,,,6.559258805929553,6.559258805929553,6.559258805929553,6.550099027891341,6.5904338289464865,6.589797889583539,,,,,6.568446804855823,#000000,,6.561123820197292,,47.16466326922122,1.0163115126172286,True,False,False,True,False,,0.0,0.0,0.0,0.0,0,,,False,False,False,False,,,False,False,False,False,1315.0,705.3772173310175,False,False,False,False,133.77111197956245,False,False,False,False
2025-02-19 20:00:00+00:00,6.55,6.58,6.5,6.58,2748.0,,,,,,,,,,,,,,,,,,,,,,,,,,,6.55169520464413,6.5798275595899725,,,,,,,,,,,,,,,,,,,,,,,,,,,,,,,,,,,,6.556126819260115,6.556126819260115,6.556126819260115,6.551484078749157,6.582407363669763,6.581984665367121,,,,,6.56447241622506,#000000,,6.56062321432792,,49.784157907088996,1.0163115126172286,True,False,False,False,True,,0.0,0.0,0.0,0.0,0,,,False,False,False,False,,,False,False,False,False,4063.0,757.43338450418,False,False,False,False,174.30179241398784,False,False,False,False
2025-02-20 15:00:00+00:00,6.58,6.58,6.58,6.58,0.0,,,,,,,,,,,,,,,,,,,,,,,,,,,6.55169520464413,6.5798275595899725,,,,,,,,,,,,,,,,,,,,,,,,,,,,,,,,,,,,6.556126819260115,6.556126819260115,6.556126819260115,6.551484078749157,6.582407363669763,6.581984665367121,,,,,6.56447241622506,#000000,,6.56062321432792,,51.530487665667515,-4.064907661300758,True,False,True,False,True,,0.0,0.0,0.0,0.0,0,,,False,False,False,False,,,False,False,False,False,4063.0,808.6824793180687,False,False,False,False,171.59943904322833,False,False,False,False
2025-02-20 16:00:00+00:00,6.58,6.58,6.58,6.58,0.0,,,,,,,,,,,,,,,,,,,,,,,,,,,6.55169520464413,6.5798275595899725,,,,,,,,,,,,,,,,,,,,,,,,,,,,,,,,,,,,6.556126819260115,6.556126819260115,6.556126819260115,6.551484078749157,6.582407363669763,6.581984665367121,,,,,6.56447241622506,#000000,,6.56062321432792,,52.694707504719865,-2.801293716859689,True,False,True,False,True,0.17573731780558433,0.0,0.0,0.0,0.0,0,,,False,False,False,False,,,False,False,False,False,4063.0,859.1370145224397,False,False,False,False,168.93898262395348,False,False,False,False
2025-02-20 17:00:00+00:00,6.58,6.58,6.56,6.56,247.0,,,,,,,,,,,,,,,,,,,,,,,,,,,6.552217514124294,6.579533188445169,,,,,,,,,,,,,,,,,,,,,,,,,,,,,,,,,,,,6.556604847594565,6.556604847594565,6.556604847594565,6.552046818727492,6.58210711251834,6.581695226438187,,,,,6.564676800379647,#000000,,6.561001545463113,,51.945237622656265,-2.801293716859689,True,False,True,False,True,0.0,0.0,0.0,0.0,0.0,0,,,False,False,False,False,,,False,False,False,False,3816.0,904.9798515065878,False,False,False,False,170.14923095536506,False,False,False,False
2025-02-20 18:00:00+00:00,6.56,6.56,6.55,6.56,2698.0,,,,,,,,,,,,,,,,,,,,,,,,,,,6.553445148973887,6.575043422361302,,,,,,,,,,,,,,,,,,,,,,,,,,,,,,,,,,,,6.556625327439424,6.556625327439424,6.556625327439424,6.553378195542264,6.577720436292366,6.577413231874866,,,,,6.56335955217037,#000000,,6.560451985589946,,51.44559103461387,-2.801293716859689,True,False,False,False,True,0.0,0.0,0.0,0.0,0.0,0,,,False,False,False,False,,,False,False,False,False,3816.0,950.111946832067,False,False,False,False,209.3407157467547,False,False,False,False
2025-02-20 19:00:00+00:00,6.535,6.56,6.51,6.545,990.0,,,,,,,,,,,,,,,,,,,,,,,,,,,6.552055782565627,6.572576312990744,,,,,,,,,,,,,,,,,,,,,,,,,,,,,,,,,,,,6.554642726808263,6.554642726808263,6.554642726808263,6.551939399793921,6.5753766704734415,6.575104813046935,,,,,6.561372644911932,#000000,,6.558466969689239,,49.881964929643836,-2.801293716859689,True,False,False,False,False,0.0,0.0,0.0,0.0,0.0,0,,,False,False,False,False,,,False,False,False,False,2826.0,979.195482540097,False,False,False,False,221.4439604638593,False,False,False,False
2025-02-20 20:00:00+00:00,6.545,6.56,6.53,6.545,8999.0,,,,,,,,,,,,,,,,,,,,,,,,,,,6.548843611406216,6.56211869644613,,,,,,,,,,,,,,,,,,,,,,,,,,,,,,,,,,,,6.549857258405486,6.549857258405486,6.549857258405486,6.548712297383425,6.564713553856555,6.564587587509866,,,,,6.554818440227331,#000000,,6.552723636876417,,48.83954752633048,-2.801293716859689,True,False,False,False,False,0.0,0.0,0.0,0.0,0.0,0,,,False,False,False,False,,,False,False,False,False,2826.0,1007.82811071777,False,False,False,False,357.5301006117064,False,False,False,False
2025-02-21 15:00:00+00:00,6.545,6.545,6.545,6.545,0.0,,,,,,,,,,,,,,,,,,,,,,,,,,,6.548843611406216,6.56211869644613,,,,,,,,,,,,,,,,,,,,,,,,,,,,,,,,,,,,6.549857258405486,6.549857258405486,6.549857258405486,6.548712297383425,6.564713553856555,6.564587587509866,,,,,6.554818440227331,#000000,,6.552723636876417,,48.14460259078824,-2.801293716859689,True,False,False,True,False,0.0,0.0,0.0,0.0,0.0,0,,,False,False,False,False,,,False,False,False,False,2826.0,1036.01682217951,False,False,False,False,351.9869982766412,False,False,False,False
2025-02-21 16:00:00+00:00,6.545,6.545,6.545,6.545,0.0,,,,,,,,,,,,,,,,,,,,,,,,,,,6.548843611406216,6.56211869644613,,,,,,,,,,,,,,,,,,,,,,,,,,,,,,,,,,,,6.549857258405486,6.549857258405486,6.549857258405486,6.548712297383425,6.564713553856555,6.564587587509866,,,,,6.554818440227331,#000000,,6.552723636876417,,47.681305967093415,-2.801293716859689,True,False,False,True,False,0.0,0.0,0.0,0.0,0.0,0,,,False,False,False,False,,,False,False,False,False,2826.0,1063.7684993550215,False,False,False,False,346.52983551266226,False,False,False,False
2025-02-21 17:00:00+00:00,6.545,6.545,6.545,6.545,0.0,,,,,,,,,,,,,,,,,,,,,,,,,,,6.548843611406216,6.56211869644613,,,,,,,,,,,,,,,,,,,,,,,,,,,,,,,,,,,,6.549857258405486,6.549857258405486,6.549857258405486,6.548712297383425,6.564713553856555,6.564587587509866,,,,,6.554818440227331,#000000,,6.552723636876417,,47.37244155129686,-2.801293716859689,True,False,False,True,False,0.0,0.0,0.0,0.0,0.0,0,,,False,False,False,False,,,False,False,False,False,2826.0,1091.0899179696723,False,False,False,False,341.15727992331864,False,False,False,False
2025-02-21 18:00:00+00:00,6.545,6.545,6.42,6.42,374.0,,,,,,,,,,,,,,,,,,,,,,,,,,,6.5472248150538706,6.5605600730169265,,,,,,,,,,,,,,,,,,,,,,,,,,,,,,,,,,,,6.548075052682769,6.548075052682769,6.548075052682769,6.5470618504435985,6.5632318339100335,6.563114644319442,,,,,6.553177296849022,#000000,,6.551015403445917,,39.00683939221308,-6.846896213382934,False,True,False,True,False,0.0,0.0,0.0,0.0,0.0,0,,,False,False,False,False,,,False,False,False,False,2452.0,1112.1892990864217,False,False,False,False,341.6664693818718,False,False,False,False
2025-02-21 19:00:00+00:00,6.42,6.425,6.41,6.41,200.0,,,,,,,,,,,,,,,,,,,,,,,,,,,6.545924733297281,6.559362244897959,,,,,,,,,,,,,,,,,,,,,,,,,,,,,,,,,,,,6.546652322659967,6.546652322659967,6.546652322659967,6.54573626097867,6.562100724914154,6.561989708730489,,,,,6.551883830099807,#000000,,6.549661146317026,,33.09563453795684,-12.01997261530721,False,True,False,True,False,0.0,0.0,0.0,0.0,0.0,0,,,False,False,False,False,,,False,False,False,False,2252.0,1129.8607828215158,False,False,False,False,339.4700900116102,False,False,False,False
2025-02-21 20:00:00+00:00,6.41,6.44,6.38,6.385,2.0,,,,,,,,,,,,,,,,,,,,,,,,,,,6.545910550721788,6.559349269041937,,,,,,,,,,,,,,,,,,,,,,,,,,,,,,,,,,,,6.54663682363212,6.54663682363212,6.54663682363212,6.545721801241196,6.562088483646167,6.561977533067527,,,,,6.551869763576873,#000000,,6.5496464073980185,,28.35818711172324,-16.006648803294432,False,True,False,True,False,0.0,0.0,0.0,0.0,0.0,0,,,False,False,False,False,,,False,False,False,False,2250.0,1147.2272823126552,False,False,False,False,334.2379955928255,False,False,False,False
2025-02-24 15:00:00+00:00,6.385,6.385,6.19,6.275,300.0,,,,,,,,,,,,,,,,,,,,,,,,,,,6.542094576046764,6.555984041832615,,,,,,,,,,,,,,,,,,,,,,,,,,,,,,,,,,,,6.542481368474582,6.542481368474582,6.542481368474582,6.541830144526293,6.558934193321263,6.558839058882422,,,,,6.548140765004138,#000000,,6.545718474789802,,22.95044670945053,-20.618528136261478,False,True,False,True,False,0.0,0.0,0.0,0.0,0.0,0,,,False,False,False,False,,,False,False,False,False,1950.0,1159.6733709589705,False,False,False,False,333.70717395572746,False,False,False,False
2025-02-24 16:00:00+00:00,6.275,6.305,6.275,6.3,15.0,,,,,,,,,,,,,,,,,,,,,,,,,,,6.541913947784555,6.5558240255608355,,,,,,,,,,,,,,,,,,,,,,,,,,,,,,,,,,,,6.542284920801794,6.542284920801794,6.542284920801794,6.541646000065869,6.558784006232643,6.558689618511568,,,,,6.547964045070107,#000000,,6.545532559257681,,21.79739562034204,-21.404164038275017,False,True,False,True,False,0.0,0.0,0.0,0.0,0.0,0,,,False,False,False,False,,,False,False,False,False,1965.0,1172.1590551301492,False,False,False,False,328.76597746028983,False,False,False,False
2025-02-24 17:00:00+00:00,6.3,6.34,6.28,6.34,218.0,,,,,,,,,,,,,,,,,,,,,,,,,,,6.539596586191481,6.553754311096797,,,,,,,,,,,,,,,,,,,,,,,,,,,,,,,,,,,,6.539766569656654,6.539766569656654,6.539766569656654,6.539284376018247,6.556837664360939,6.556752952707061,,,,,6.545690699918061,#000000,,6.5431450163138445,,24.543298973336114,-21.404164038275017,False,True,False,True,True,0.0,0.0,0.0,0.0,0.0,0,,,False,False,False,False,,,False,False,False,False,2183.0,1187.8310077637902,False,False,False,False,327.0486754841613,False,False,False,False
2025-02-24 18:00:00+00:00,6.34,6.34,6.32,6.32,100.0,,,,,,,,,,,,,,,,,,,,,,,,,,,6.538581474065599,6.5528437387224825,,,,,,,,,,,,,,,,,,,,,,,,,,,,,,,,,,,,6.538664822665702,6.538664822665702,6.538664822665702,6.538250243190661,6.555980257031104,6.555899770097893,,,,,6.544693743888105,#000000,,6.542099253880465,,25.686966680049643,-21.404164038275017,False,True,False,True,True,0.0,0.0,0.0,0.0,0.0,0,,,False,False,False,False,,,False,False,False,False,2083.0,1201.709596790708,False,False,False,False,323.5285409805309,False,False,False,False
2025-02-24 19:00:00+00:00,6.32,6.325,6.26,6.27,1615.0,,,,,,,,,,,,,,,,,,,,,,,,,,,6.5204532778540125,6.5365536265722675,,,,,,,,,,,,,,,,,,,,,,,,,,,,,,,,,,,,6.519116762895453,6.519116762895453,6.519116762895453,6.519806087936865,6.540603127196063,6.540593359689325,,,,,6.5269199709918615,#000000,,6.523503571502899,,24.94104556876117,-21.404164038275017,False,True,False,True,True,0.0,0.0,0.0,0.0,0.0,0,,,False,False,False,False,,,False,False,False,False,468.0,1190.3342542048056,False,False,False,False,343.5513542986622,False,False,False,False
2025-02-24 20:00:00+00:00,6.27,6.29,6.19,6.29,3697.0,,,,,,,,,,,,,,,,,,,,,,,,,,,6.483355777033881,6.502348407215188,,,,,,,,,,,,,,,,,,,,,,,,,,,,,,,,,,,,6.479760958329954,6.479760958329954,6.479760958329954,6.482204571222428,6.507959749562044,6.5080754853366365,,,,,6.4904033581700045,#000000,,6.485688306379718,,26.175152841294082,-21.404164038275017,False,True,False,True,True,0.0,0.0,0.0,0.0,0.0,0,,,False,False,False,False,,,False,False,False,False,4165.0,1236.453102976824,False,False,False,False,395.54280617000074,False,False,False,False
2025-02-25 15:00:00+00:00,6.29,6.29,6.29,6.29,0.0,,,,,,,,,,,,,,,,,,,,,,,,,,,6.483355777033881,6.502348407215188,,,,,,,,,,,,,,,,,,,,,,,,,,,,,,,,,,,,6.479760958329954,6.479760958329954,6.479760958329954,6.482204571222428,6.507959749562044,6.5080754853366365,,,,,6.4904033581700045,#000000,,6.485688306379718,,26.99789102298269,-21.404164038275017,False,True,False,True,True,0.0,0.0,0.0,0.0,0.0,0,,,False,False,False,False,,,False,False,False,False,4165.0,1281.8569308376486,False,False,False,False,389.4103595627139,False,False,False,False
2025-02-25 16:00:00+00:00,6.29,6.29,6.02,6.02,241.0,,,,,,,,,,,,,,,,,,,,,,,,,,,6.4799640644828935,6.499247398224671,,,,,,,,,,,,,,,,,,,,,,,,,,,,,,,,,,,,6.476181428667069,6.476181428667069,6.476181428667069,6.478769450720586,6.504999434121447,6.505125508645695,,,,,6.487081267774563,#000000,,6.482249052253175,,22.420250939323992,-21.443453935220163,False,True,False,True,False,0.0,0.0,0.0,0.0,0.0,0,,,False,False,False,False,,,False,False,False,False,3924.0,1322.8203892742742,False,False,False,False,387.10942375554004,False,False,False,False
2025-02-25 17:00:00+00:00,6.02,6.07,5.99,6.07,100.0,,,,,,,,,,,,,,,,,,,,,,,,,,,6.478324383191258,6.497757093357741,,,,,,,,,,,,,,,,,,,,,,,,,,,,,,,,,,,,6.474449689937988,6.474449689937988,6.474449689937988,6.477108305039485,6.503578835620654,6.503709880138561,,,,,6.485478445895208,#000000,,6.480587534531404,,22.2770094399199,-21.830777431379907,False,True,False,True,False,0.0,0.0,0.0,0.0,0.0,0,,,False,False,False,False,,,False,False,False,False,4024.0,1364.6991429289365,False,False,False,False,382.6581148601053,False,False,False,False
2025-02-25 18:00:00+00:00,6.07,6.07,6.03,6.065,757.0,,,,,,,,,,,,,,,,,,,,,,,,,,,6.466622909515812,6.487065616128107,,,,,,,,,,,,,,,,,,,,,,,,,,,,,,,,,,,,6.462119641192919,6.462119641192919,6.462119641192919,6.4652604746014095,6.493367613892648,6.493533315357421,,,,,6.47402610663427,#000000,,6.468736311912816,,22.09948412139921,-22.382451221120153,False,True,False,True,False,0.0,0.0,0.0,0.0,0.0,0,,,False,False,False,False,,,False,False,False,False,3267.0,1394.1921794726738,False,False,False,False,388.46186501731296,False,False,False,False
2025-02-25 19:00:00+00:00,6.065,6.065,5.97,5.97,41.0,,,,,,,,,,,,,,,,,,,,,,,,,,,6.465927856977918,6.486431613040247,,,,,,,,,,,,,,,,,,,,,,,,,,,,,,,,,,,,6.461387715013118,6.461387715013118,6.461387715013118,6.464556785507139,6.4927621436008325,6.4929298702335,,,,,6.473346426799874,#000000,,6.468032902854934,,20.582018700909217,-24.20834770744089,False,True,False,True,False,0.0,0.0,0.0,0.0,0.0,0,,,False,False,False,False,,,False,False,False,False,3226.0,1422.5923007211595,False,False,False,False,383.07485935812986,False,False,False,False
2025-02-25 20:00:00+00:00,5.97,6.12,5.96,6.12,1325.0,,,,,,,,,,,,,,,,,,,,,,,,,,,6.447528403821185,6.4694305873962,,,,,,,,,,,,,,,,,,,,,,,,,,,,,,,,,,,,6.4421014332423745,6.4421014332423745,6.4421014332423745,6.445951322228496,6.47645480103598,6.476673862153658,,,,,6.45529290954533,#000000,,6.449421663841341,,26.588048614691466,-28.816406742538984,False,True,False,True,True,0.0,0.0,0.0,0.0,0.0,0,,,False,False,False,False,,,False,False,False,False,4551.0,1471.094745671219,False,False,False,False,397.678349910717,False,False,False,False
2025-02-26 15:00:00+00:00,6.01,6.05,5.955,5.955,412.0,,,,,,,,,,,,,,,,,,,,,,,,,,,6.441017807342386,6.463426459786076,,,,,,,,,,,,,,,,,,,,,,,,,,,,,,,,,,,,6.435285627799977,6.435285627799977,6.435285627799977,6.439369115532675,6.47069472592508,6.470931372549019,,,,,6.448912045566896,#000000,,6.44284422942196,,27.502676409331016,-27.901749443045723,False,True,False,True,True,0.0,0.0,0.0,0.0,0.0,0,,,False,False,False,False,,,False,False,False,False,4139.0,1512.457617831355,False,False,False,False,397.90039099737254,False,False,False,False
2025-02-26 16:00:00+00:00,5.955,6.005,5.95,5.97,225.0,,,,,,,,,,,,,,,,,,,,,,,,,,,6.437450009640796,6.460131426401215,,,,,,,,,,,,,,,,,,,,,,,,,,,,,,,,,,,5.975,6.431554254488682,6.431554254488682,6.431554254488682,6.4357628941888425,6.467531434946206,6.467777573650641,,,,,6.393146233588194,#000000,,6.406081026081604,,28.67701631623455,-26.628647609631102,False,True,False,True,True,0.0,0.0,0.0,0.0,0.0,0,,,False,False,False,False,,,False,False,False,False,4364.0,1556.6675772448225,False,False,False,False,395.219764780359,False,False,False,False
2025-02-26 17:00:00+00:00,5.97,6.01,5.97,6.01,800.0,,,,,,,,,,,,,,,,,,,,,,,,,,,6.4257693751587235,6.449274908253299,,,,,,,,,,,,,,,,,,,,,,,,,,,,,,,,,,,5.991910569105691,6.419370396311214,6.419370396311214,6.419370396311214,6.423964386076871,6.457084604433597,6.45736081552933,,,,,6.3848306497212395,"rgba(255, 26, 202, 1.0)",0.18345269660566957,6.396340219063792,-2.1059391669462806,31.002182700770035,-24.260563673547445,False,True,False,True,True,0.0,0.0,0.0,0.0,0.0,0,,,False,False,False,False,,,False,False,False,False,5164.0,1612.5952117061431,False,False,False,False,401.49542734190385,False,False,False,False
2025-02-26 18:00:00+00:00,6.01,6.105,5.99,6.105,501.0,,,,,,,,,,,,,,,,,,,,,,,,,,,6.419907190181385,6.443743302648159,,,,,,,,,,,,,,,,,,,,,,,,,,,,,,,,,,,6.016453691568371,6.413288878946403,6.413288878946403,6.413288878946403,6.418051518354584,6.451734365454927,6.452024744197881,,,,,6.382420161027168,"rgba(255, 0, 0, 1.0)",0.18784848696237613,6.392600998748789,-1.5310264319903306,35.81233456616737,-19.693449906726308,False,False,False,True,True,0.0,0.0,0.0,0.0,0.0,0,,,False,False,False,False,,,False,False,False,False,5665.0,1675.4231929200014,False,False,False,False,403.03813389474254,False,False,False,False
2025-02-26 19:00:00+00:00,6.105,6.105,5.98,6.04,223.0,,,,,,,,,,,,,,,,,,,,,,,,,,,6.417178641132642,6.4411723917115875,,,,,,,,,,,,,,,,,,,,,,,,,,,,,,,,,,,6.019668381932533,6.410458462834569,6.410458462834569,6.410458462834569,6.415299319058705,6.449248228300074,6.449545138418461,,,,,6.38038749878419,"rgba(255, 0, 0, 1.0)",0.19369817237646286,6.3902751131347415,-1.8083552820207454,37.43292503256548,-18.170231491141035,False,False,False,True,True,0.0,0.0,0.0,0.0,0.0,0,,,False,False,False,False,,,False,False,False,False,5442.0,1733.8197325646524,False,False,False,False,400.24684499714965,False,False,False,False
2025-02-26 20:00:00+00:00,6.04,6.04,5.99,6.025,389.0,,,,,,,,,,,,,,,,,,,,,,,,,,,6.41222206248802,6.4365081525591945,,,,,,,,,,,,,,,,,,,,,,,,,,,,,,,,,,,6.0194254755222945,6.405317008224349,6.405317008224349,6.405317008224349,6.410299650327008,6.4447386403378975,6.4450473266477175,,,,,6.376021370283909,"rgba(255, 0, 0, 1.0)",0.19978497450017596,6.38561682349952,-1.8050247492421003,38.15441263069127,-17.359084504399775,False,False,False,True,True,0.0,0.0,0.0,0.0,0.0,0,,,False,False,False,False,,,False,False,False,False,5053.0,1785.2798917496964,False,False,False,False,400.07247530727136,False,False,False,False
2025-02-27 15:00:00+00:00,6.025,6.025,6.025,6.025,0.0,,,,,,,,,,,,,,,,,,,,,,,,,,,6.41222206248802,6.4365081525591945,,,,,,,,,,,,,,,,,,,,,,,,,,,,,,,,,,,6.0194254755222945,6.405317008224349,6.405317008224349,6.405317008224349,6.410299650327008,6.4447386403378975,6.4450473266477175,,,,,6.376021370283909,"rgba(255, 0, 0, 1.0)",0.20505986820816366,6.38561682349952,-1.7585928765615142,38.635404362775134,-16.648270051406755,False,False,False,True,True,0.0,0.0,0.0,0.0,0.0,0,,,False,False,False,False,,,False,False,False,False,5053.0,1835.9422190093908,False,False,False,False,393.8698012714997,False,False,False,False
2025-02-27 16:00:00+00:00,6.025,6.025,6.025,6.025,0.0,,,,,,,,,,,,,,,,,,,,,,,,,,,6.41222206248802,6.4365081525591945,,,,,,,,,,,,,,,,,,,,,,,,,,,,,,,,,,,6.0194254755222945,6.405317008224349,6.405317008224349,6.405317008224349,6.410299650327008,6.4447386403378975,6.4450473266477175,,,,,6.376021370283909,"rgba(255, 0, 0, 1.0)",0.21044408214941945,6.38561682349952,-1.7135992602703574,38.956065517497706,-16.001241494207306,False,False,False,True,True,0.0,0.0,0.0,0.0,0.0,0,,,False,False,False,False,,,False,False,False,False,5053.0,1885.8190838309504,False,False,False,False,387.7632927246547,False,False,False,False
2025-02-27 17:00:00+00:00,6.025,6.035,6.025,6.025,4.0,,,,,,,,,,,,,,,,,,,,,,,,,,,6.412173012628037,6.436461859801336,,,,,,,,,,,,,,,,,,,,,,,,,,,,,,,,,,,6.019442110177404,6.405266188101016,6.405266188101016,6.405266188101016,6.410250188842128,6.444693835462901,6.445002636423758,,,,,6.375980245293179,"rgba(255, 0, 0, 1.0)",0.2155327152692863,6.385572092147819,-1.6729343928012055,39.16983962064609,-15.401677383320362,False,False,False,True,True,0.0,0.0,0.0,0.0,0.0,0,,,False,False,False,False,,,False,False,False,False,5053.0,1934.9226639265944,False,False,False,False,381.8134742327996,False,False,False,False
2025-02-27 18:00:00+00:00,6.025,6.025,6.025,6.025,0.0,,,,,,,,,,,,,,,,,,,,,,,,,,,6.412173012628037,6.436461859801336,,,,,,,,,,,,,,,,,,,,,,,,,,,,,,,,,,,6.019442110177404,6.405266188101016,6.405266188101016,6.405266188101016,6.410250188842128,6.444693835462901,6.445002636423758,,,,,6.375980245293179,"rgba(255, 0, 0, 1.0)",0.21965267423206386,6.385572092147819,-1.64155566695661,39.312355689411675,-14.843646636319995,False,False,False,True,True,0.0,0.0,0.0,0.0,0.0,0,,,False,False,False,False,,,False,False,False,False,5053.0,1983.264948206802,False,False,False,False,375.89388548500426,False,False,False,False
2025-02-27 19:00:00+00:00,6.025,6.07,6.025,6.07,34.0,,,,,,,,,,,,,,,,,,,,,,,,,,,6.41178552435652,6.436094477334315,,,,,,,,,,,,,,,,,,,,,,,,,,,,,,,,,,,6.019997702205882,6.404865290962545,6.404865290962545,6.404865290962545,6.409859602035096,6.44433774982755,6.444647442765812,,,,,6.37570204126809,"rgba(239, 83, 80, 1.0)",0.2219634942795609,6.3852490129427695,-1.4202741489810755,41.928028234081594,-12.057371859017543,True,False,False,True,True,0.0,0.0,0.0,0.0,0.0,0,,,False,False,False,False,,,False,False,False,False,5087.0,2031.3848714904175,False,False,False,False,370.5932050898879,False,False,False,False
2025-02-27 20:00:00+00:00,6.07,6.09,6.04,6.05,439.0,,,,,,,,,,,,,,,,,,,,,,,,,,,6.406925904947712,6.431475108649021,,,,,,,,,,,,,,,,,,,,,,,,,,,,,,,,,,,6.026713193116635,6.3998430364350085,6.3998430364350085,6.3998430364350085,6.404962482330559,6.439856123388581,6.440176811133761,,,,,6.372182081430143,"rgba(239, 83, 80, 1.0)",0.2242647044402162,6.381179914154998,-1.4767366758922307,42.745772568567325,-11.052800525371595,True,False,False,True,True,0.0,0.0,0.0,0.0,0.0,0,,,False,False,False,False,,,False,False,False,False,4648.0,2071.9525479014187,False,False,False,False,371.6537755536105,False,False,False,False
2025-02-28 15:00:00+00:00,6.05,6.05,5.98,5.98,10.0,,,,,,,,,,,,,,,,,,,,,,,,,,,6.406798945127769,6.431355355411352,,,,,,,,,,,,,,,,,,,,,,,,,,,,,,,,,,,6.026624126984126,6.39971154590173,6.39971154590173,6.39971154590173,6.404834464879567,6.439740205711048,6.440061185957667,,,,,6.372060991308524,"rgba(255, 0, 0, 1.0)",0.22835382297756332,6.381054738023587,-1.7562865065893454,40.50554479251808,-11.052800525371595,True,False,False,True,False,0.0,0.0,0.0,0.0,0.0,0,,,False,False,False,False,,,False,False,False,False,4638.0,2111.7362293293036,False,False,False,False,366.0467402737096,False,False,False,False
2025-02-28 16:00:00+00:00,5.98,5.98,5.955,5.955,0.0,,,,,,,,,,,,,,,,,,,,,,,,,,,6.406798945127769,6.431355355411352,,,,,,,,,,,,,,,,,,,,,,,,,,,,,,,,,,,6.026624126984126,6.39971154590173,6.39971154590173,6.39971154590173,6.404834464879567,6.439740205711048,6.440061185957667,,,,,6.372060991308524,"rgba(255, 0, 0, 1.0)",0.23239871377045526,6.381054738023587,-1.8332921517130658,38.16752875048665,-8.028022556113108,False,False,False,True,False,0.0,0.0,0.0,0.0,0.0,0,,,False,False,False,False,,,False,False,False,False,4638.0,2150.903109494741,False,False,False,False,360.3715970136521,False,False,False,False
2025-02-28 17:00:00+00:00,5.955,5.955,5.945,5.945,0.0,,,,,,,,,,,,,,,,,,,,,,,,,,,6.406798945127769,6.431355355411352,,,,,,,,,,,,,,,,,,,,,,,,,,,,,,,,,,,6.026624126984126,6.39971154590173,6.39971154590173,6.39971154590173,6.404834464879567,6.439740205711048,6.440061185957667,,,,,6.372060991308524,"rgba(255, 0, 0, 1.0)",0.23734393639641177,6.381054738023587,-1.8372272097791795,36.26637861711021,-9.857082007838969,False,False,False,True,False,0.0,0.0,0.0,0.0,0.0,0,,,False,False,False,False,,,False,False,False,False,4638.0,2189.4627512080006,False,False,False,False,354.7844404708048,False,False,False,False
2025-02-28 18:00:00+00:00,5.945,5.975,5.945,5.97,0.0,,,,,,,,,,,,,,,,,,,,,,,,,,,6.406798945127769,6.431355355411352,,,,,,,,,,,,,,,,,,,,,,,,,,,,,,,,,,,6.026624126984126,6.39971154590173,6.39971154590173,6.39971154590173,6.404834464879567,6.439740205711048,6.440061185957667,,,,,6.372060991308524,"rgba(255, 0, 0, 1.0)",0.24159190518030288,6.381054738023587,-1.701442511978256,36.78698613142785,-9.857082007838969,False,False,False,True,False,0.0,0.0,0.0,0.0,0.0,0,,,False,False,False,False,,,False,False,False,False,4638.0,2227.424569018729,False,False,False,False,349.2839065100171,False,False,False,False
2025-02-28 19:00:00+00:00,5.97,5.97,5.945,5.945,23.0,,,,,,,,,,,,,,,,,,,,,,,,,,,6.406471090573787,6.431048031679477,,,,,,,,,,,,,,,,,,,,,,,,,,,,,,,,,,,6.02598753776435,6.3993713411536,6.3993713411536,6.3993713411536,6.404503705355246,6.43944330918323,6.439765060134729,,,,,6.371703639794625,"rgba(255, 0, 0, 1.0)",0.2451465823682774,6.380702460073244,-1.7773140292802407,36.099769514119124,-10.201011483803448,False,False,False,True,False,0.0,0.0,0.0,0.0,0.0,0,,,False,False,False,False,,,False,False,False,False,4615.0,2264.441242367276,False,False,False,False,344.22524129280754,False,False,False,False
2025-02-28 20:00:00+00:00,5.945,5.965,5.88,5.935,792.0,,,,,,,,,,,,,,,,,,,,,,,,,,,6.394815922381712,6.420123699875115,,,,,,,,,,,,,,,,,,,,,,,,,,,,,,,,,,,6.003120639534883,6.387282800559682,6.387282800559682,6.387282800559682,6.392746313325877,6.428887358233912,6.429236147096417,,,,,6.358975386902996,"rgba(255, 0, 0, 1.0)",0.24869140398175038,6.368165636909346,-1.741779691513315,35.22958140706509,-11.209242395057252,False,False,False,True,False,0.0,0.0,0.0,0.0,0.0,0,,,False,False,False,False,,,False,False,False,False,3823.0,2288.6049440360007,False,False,False,False,351.1674856138493,False,False,False,False
2025-03-03 15:00:00+00:00,5.935,5.935,5.85,5.85,101.0,,,,,,,,,,,,,,,,,,,,,,,,,,,6.393220914233298,6.4186313679502565,,,,,,,,,,,,,,,,,,,,,,,,,,,,,,,,,,,5.999561329191376,6.385628399472177,6.385628399472177,6.385628399472177,6.391137229397008,6.42744581842692,6.4277982789363515,,,,,6.357186681839082,"rgba(255, 26, 202, 1.0)",0.2542074239954729,6.366419750313475,-2.0314896480862497,31.81454981491602,-14.513565270594377,False,True,False,True,False,0.0,0.0,0.0,0.0,0.0,0,,,False,False,False,False,,,False,False,False,False,3722.0,2310.8281231982332,False,False,False,False,347.2889199454175,False,False,False,False
2025-03-03 16:00:00+00:00,5.85,5.85,5.85,5.85,0.0,,,,,,,,,,,,,,,,,,,,,,,,,,,6.393220914233298,6.4186313679502565,,,,,,,,,,,,,,,,,,,,,,,,,,,,,,,,,,,5.999561329191376,6.385628399472177,6.385628399472177,6.385628399472177,6.391137229397008,6.42744581842692,6.4277982789363515,,,,,6.357186681839082,"rgba(255, 0, 0, 1.0)",0.25869497499968913,6.366419750313475,-1.9962496384558528,29.537862086816638,-16.638606043831757,False,True,False,True,False,0.0,0.0,0.0,0.0,0.0,0,,,False,False,False,False,,,False,False,False,False,3722.0,2332.706756947098,False,False,False,False,341.90459560517843,False,False,False,False
2025-03-03 17:00:00+00:00,5.85,5.91,5.85,5.875,1101.0,,,,,,,,,,,,,,,,,,,,,,,,,,,6.376451961190321,6.402881198866796,,,,,,,,,,,,,,,,,,,,,,,,,,,,,,,,,,,5.970808200488294,6.3682675929379595,6.3682675929379595,6.3682675929379595,6.3742280622941,6.412207687460618,6.412597492336298,,,,,6.339330820161145,"rgba(255, 0, 0, 1.0)",0.2623851614954104,6.34869009857205,-1.8053235018030365,30.17971540387596,-16.638606043831757,False,True,False,True,False,0.0,0.0,0.0,0.0,0.0,0,,,False,False,False,False,,,False,False,False,False,4823.0,2371.315954513809,False,False,False,False,353.67351660354774,False,False,False,False
2025-03-03 18:00:00+00:00,5.875,5.875,5.76,5.76,2200.0,,,,,,,,,,,,,,,,,,,,,,,,,,,6.341128376752024,6.369605277423337,,,,,,,,,,,,,,,,,,,,,,,,,,,,,,,,,,,5.915350043846828,6.33178861670352,6.33178861670352,6.33178861670352,6.338629062470732,6.379956378109453,6.380420218423099,,,,,6.302272800792892,"rgba(255, 26, 202, 1.0)",0.26892992824582745,6.311740002124637,-2.051612498926837,27.36800659924675,-18.66695495284311,False,True,False,True,False,0.0,0.0,0.0,0.0,0.0,0,,,False,False,False,False,,,False,False,False,False,2623.0,2375.2180327384012,False,False,False,False,382.29873340039194,False,False,False,False
2025-03-03 19:00:00+00:00,5.76,5.76,5.63,5.63,116.0,,,,,,,,,,,,,,,,,,,,,,,,,,,6.338983860251371,6.367590370462767,,,,,,,,,,,,,,,,,,,,,,,,,,,,,,,,,,,5.911315272587908,6.329573909765717,6.329573909765717,6.329573909765717,6.336467680501877,6.378004334262105,6.378472598185876,,,,,6.299950649505451,"rgba(255, 26, 202, 1.0)",0.2785060207672415,6.309450067655456,-2.439624341993309,23.449267155524932,-22.26716856897956,False,True,False,True,False,0.0,0.0,0.0,0.0,0.0,0,,,False,False,False,False,,,False,False,False,False,2507.0,2377.2611640137748,False,False,False,False,378.1700708670525,False,False,False,False
2025-03-03 20:00:00+00:00,5.63,5.63,5.51,5.58,775.0,,,,,,,,,,,,,,,,,,,,,,,,,,,6.322901816769205,6.3525255343449185,,,,,,,,,,,,,,,,,,,,,,,,,,,,,,,,,,,5.8774427777059355,6.312953473423514,6.312953473423514,6.312953473423514,6.3202557038823866,6.363422188966313,6.363923811078209,,,,,6.282148028113056,"rgba(255, 26, 202, 1.0)",0.2887250320705561,6.29202158786949,-2.466088869272313,20.270780548051988,-25.095292557070394,False,True,False,True,False,0.0,0.0,0.0,0.0,0.0,0,,,False,False,False,False,,,False,False,False,False,1732.0,2367.2571149592973,False,False,False,False,384.3224728691137,False,False,False,False
2025-03-04 15:00:00+00:00,5.29,5.29,5.1,5.14,1408.0,,,,,,,,,,,,,,,,,,,,,,,,,,,6.280768959665841,6.313356203274345,,,,,,,,,,,,,,,,,,,,,,,,,,,,,,,,,,,5.769501330999526,6.269325216110825,6.269325216110825,6.269325216110825,6.277758584285677,6.325595599221261,6.326186310585366,,,,,6.233460292929387,"rgba(255, 26, 202, 1.0)",0.31587113919536236,6.245002174790967,-3.4982688751045954,15.747118737185533,-29.12771318624076,False,True,False,True,False,0.0,0.0,0.0,0.0,0.0,0,,,False,False,False,False,,,False,False,False,False,324.0,2335.5787100762077,False,False,False,False,400.19344228199566,False,False,False,False
2025-03-04 16:00:00+00:00,5.14,5.17,5.14,5.15,2630.0,,,,,,,,,,,,,,,,,,,,,,,,,,,6.208333251903425,6.245405289025495,,,,,,,,,,,,,,,,,,,,,,,,,,,,,,,,,,,5.631830628946847,6.194643690152075,6.194643690152075,6.194643690152075,6.204774591343979,6.259724097655471,6.2604543581875385,,,,,6.1549392541687755,"rgba(255, 26, 202, 1.0)",0.3388150788522508,6.167648282029098,-3.0035507435986033,13.13823010958755,-31.366325317856393,False,True,False,True,False,0.0,0.0,0.0,0.0,0.0,0,,,False,False,False,False,,,False,False,False,False,2954.0,2345.1666370517705,False,False,False,False,434.7640865877011,False,False,False,False
2025-03-04 17:00:00+00:00,5.15,5.245,5.15,5.245,1100.0,,,,,,,,,,,,,,,,,,,,,,,,,,,6.182295428412831,6.220724234387003,,,,,,,,,,,,,,,,,,,,,,,,,,,,,,,,,,,5.596064408359879,6.167925505144263,6.167925505144263,6.167925505144263,6.178570564726047,6.235696253618348,6.2364713251573765,,,,,6.128177636677141,"rgba(255, 26, 202, 1.0)",0.35533263188071884,6.140842358532271,-2.521137317984898,15.164195392051553,-31.366325317856393,False,True,False,True,False,0.0,0.0,0.0,0.0,0.0,0,,,False,False,False,False,,,False,False,False,False,4054.0,2371.6601775625954,False,False,False,False,445.07782167936466,False,False,False,False
2025-03-04 18:00:00+00:00,5.245,5.25,5.19,5.19,9308.0,,,,,,,,,,,,,,,,,,,,,,,,,,,6.006027468853269,6.050619342084644,,,,,,,,,,,,,,,,,,,,,,,,,,,,,,,,,,,5.434042337346139,5.9885541518303205,5.9885541518303205,5.9885541518303205,6.0015435492633245,6.068822508098534,6.069829743321415,,,,,5.955171933828698,"rgba(255, 26, 202, 1.0)",0.3731498141280294,5.965311104539396,-2.077747529772003,16.040922173849133,-31.366325317856393,False,True,False,True,True,0.0,0.0,0.0,0.0,0.0,0,,,False,False,False,False,,,False,False,False,False,-5254.0,2253.4328879879813,False,False,False,False,582.4874678548783,False,False,False,False
2025-03-04 19:00:00+00:00,5.19,5.22,5.18,5.185,408.0,,,,,,,,,,,,,,,,,,,,,,,,,,,5.999633404829537,6.044353543693386,,,,,,,,,,,,,,,,,,,,,,,,,,,,,,,,,,,5.429724398990571,5.982093867017846,5.982093867017846,5.982093867017846,5.995133307360151,6.062635080411894,6.063648378735661,,,,,5.949045523897193,"rgba(255, 0, 0, 1.0)",0.389934933357158,5.959060908134604,-1.985102748990199,16.58086108409173,-31.366325317856393,False,True,False,True,True,0.0,0.0,0.0,0.0,0.0,0,,,False,False,False,False,,,False,False,False,False,-5662.0,2130.7129982517336,False,False,False,False,579.7822357951128,False,False,False,False
2025-03-04 20:00:00+00:00,5.185,5.23,5.155,5.17,1463.0,,,,,,,,,,,,,,,,,,,,,,,,,,,5.977236880019044,6.022365082696423,,,,,,,,,,,,,,,,,,,,,,,,,,,,,,,,,,,5.414837422037423,5.959485330231358,5.959485330231358,5.959485330231358,5.972685013321212,6.04090327731045,6.041936684345055,,,,,5.927602261158187,"rgba(255, 0, 0, 1.0)",0.4053100581570141,5.937187438467194,-1.8928408585655954,16.795296507305146,-31.366325317856393,False,True,False,True,True,0.0,0.0,0.0,0.0,0.0,0,,,False,False,False,False,,,False,False,False,False,-7125.0,1987.2135719222492,False,False,False,False,593.4755344649559,False,False,False,False
2025-03-05 15:00:00+00:00,5.17,5.17,4.99,5.01,3900.0,,,,,,,,,,,,,,,,,,,,,,,,,,,5.914376218323588,5.960701546135753,,,,,,,,,,,,,,,,,,,,,,,,,,,,,,,,,,5.056666666666667,5.364860107334527,5.896021148762318,5.896021148762318,5.896021148762318,5.909676237844957,5.97995789869224,5.981046229096018,,,,,5.785534835038071,"rgba(255, 0, 0, 1.0)",0.4249703434273875,5.8206424883328,-1.9075271977685917,15.624766361190396,-31.366325317856393,False,True,False,True,True,0.0,0.0,0.0,0.0,0.0,0,,,False,False,False,False,,,False,False,False,False,-11025.0,1785.473826621129,False,False,False,False,644.7394796670496,False,False,False,False
2025-03-05 16:00:00+00:00,5.02,5.05,4.995,5.05,4655.0,,,,,,,,,,,,,,,,,,,,,,,,,,,5.847853966660732,5.894909278078663,,,,,,,,,,,,,,,,,,,,,,,,,,,,,,,,,,5.043063510617571,5.317290241782958,5.829112192012418,5.829112192012418,5.829112192012418,5.843059535257717,5.914694353272815,5.915826384891997,,,,,5.726403384659971,"rgba(255, 0, 0, 1.0)",0.4414449860126112,5.758899039918789,-1.605860441007562,16.591840575212245,-31.366325317856393,False,True,False,True,True,0.0,0.0,0.0,0.0,0.0,0,,,False,False,False,False,,,False,False,False,False,-6370.0,1659.0323719448324,False,False,False,False,706.914061377638,False,False,False,False
2025-03-05 17:00:00+00:00,5.05,5.05,5.0,5.0,500.0,,,,,,,,,,,,,,,,,,,,,,,,,,,5.841179800542807,5.888279230583404,,,,,,,,,,,,,,,,,,,,,,,,,,,,,,,,,,5.041605926743971,5.3127497860343365,5.822412715428384,5.822412715428384,5.822412715428384,5.8363792378704344,5.908104581877954,5.909240195719371,,,,,5.720477690565743,"rgba(255, 0, 0, 1.0)",0.458597332649801,5.752714645293841,-1.6413410888035773,16.752710078834255,-31.366325317856393,False,True,False,True,True,0.0,0.0,0.0,0.0,0.0,0,,,False,False,False,False,,,False,False,False,False,-6870.0,1526.79931191468,False,False,False,False,703.7060914337985,False,False,False,False
2025-03-05 18:00:00+00:00,5.0,5.06,5.0,5.055,600.0,,,,,,,,,,,,,,,,,,,,,,,,,,,5.833517711431708,5.880648641369404,,,,,,,,,,,,,,,,,,,,,,,,,,,,,,,,,,5.041402554807526,5.307864757948871,5.814730056340329,5.814730056340329,5.814730056340329,5.828712231598161,5.900512525822689,5.901651805811707,,,,,5.713850039781105,"rgba(239, 83, 80, 1.0)",0.4725913134512189,5.745735238375854,-1.4615910591576124,19.30321307915745,-34.84856862181048,False,True,False,True,True,0.0,0.0,0.0,0.0,0.0,0,,,False,False,False,False,,,False,False,False,False,-6270.0,1405.9187024276307,False,False,False,False,702.09824505498,False,False,False,False
2025-03-05 19:00:00+00:00,5.055,5.265,5.055,5.265,1850.0,,,,,,,,,,,,,,,,,,,,,,,,,,,5.815265609790016,5.862180192772488,,,,,,,,,,,,,,,,,,,,,,,,,,,,,,,,,,5.066100970592496,5.301992171752684,5.796556154394865,5.796556154394865,5.796556154394865,5.810480304184875,5.882022156740522,5.8831637934691905,,,,,5.701087366248688,"rgba(239, 83, 80, 0.5)",0.47997782418744134,5.73118091279923,-0.9712551066050441,27.93797991927191,-26.81954962621597,False,False,False,True,True,0.0,0.0,0.0,0.0,0.0,0,,,False,False,False,False,,,False,False,False,False,-4420.0,1315.5943814597604,False,False,False,False,719.8951714882361,False,False,False,False
2025-03-05 20:00:00+00:00,5.265,5.34,5.18,5.18,906.0,,,,,,,,,,,,,,,,,,,,,,,,,,,5.80723161904762,5.853992929815486,,,,,,,,,,,,,,,,,,,,,,,,,,,,,,,,,,5.078308892648994,5.300286104787765,5.788581909956089,5.788581909956089,5.788581909956089,5.8024615467190115,5.873801717626654,5.874943030286105,,,,,5.69567715707999,"rgba(239, 83, 80, 1.0)",0.48867953168173855,5.694199326649497,-1.0522219436527964,32.01644541437834,-23.346308119293436,True,False,False,True,True,0.0,0.0,0.0,0.0,0.0,0,,,False,False,False,False,,,False,False,False,False,-5326.0,1212.6239259332524,False,False,False,False,722.780517666713,False,False,False,False
2025-03-06 15:00:00+00:00,5.18,5.33,5.18,5.33,400.0,,,,,,,,,,,,,,,,,,,,,,,,,,,5.804037485800834,5.850712407841344,,,,,,,,,,,,,,,,,,,,,,,,,,,,,,,,,,5.084606327895298,5.300065968548512,5.785422574583405,5.785422574583405,5.785422574583405,5.79927624258867,5.870497955323115,5.871638571448408,,,,,5.69371026831964,"rgba(239, 83, 80, 0.5)",0.4933378956448389,5.69287990506675,-0.7355605727235527,38.34594647761091,-17.822590373474945,True,False,False,True,True,0.0,0.0,0.0,0.0,0.0,0,,,False,False,False,False,,,False,False,False,False,-4926.0,1117.451461965295,False,False,False,False,717.7761685556011,False,False,False,False
2025-03-06 16:00:00+00:00,5.33,5.33,5.305,5.305,200.0,,,,,,,,,,,,,,,,,,,,,,,,,,,5.802555555555557,5.849181151573869,,,,,,,,,,,,,,,,,,,,,,,,,,,,,,,,,,5.088122229908026,5.300137565994802,5.783960794331513,5.783960794331513,5.783960794331513,5.7977994144671205,5.868952293764623,5.870092383603122,,,,,5.692872297786165,"rgba(239, 83, 80, 0.5)",0.4979448936550266,5.692446898545618,-0.778091920376312,42.00741214365186,-14.796231123139663,True,False,False,True,True,0.0,0.0,0.0,0.0,0.0,0,,,False,False,False,False,,,False,False,False,False,-5126.0,1020.6537648805617,False,False,False,False,709.7486310586149,False,False,False,False
2025-03-06 17:00:00+00:00,5.305,5.32,5.21,5.21,237.0,,,,,,,,,,,,,,,,,,,,,,,,,,,5.800573284984905,5.847153520293458,,,,,,,,,,,,,,,,,,,,,,,,,,,,,,,,,,5.090958509460548,5.299797799703291,5.781996539561097,5.781996539561097,5.781996539561097,5.795821725262192,5.8669133105676226,5.868053132562269,,,,,5.691526090151758,"rgba(239, 83, 80, 0.5)",0.503941956474646,5.69091143923076,-0.9542992661198579,42.42449410496948,-14.555179733333773,True,False,False,True,True,0.0,0.0,0.0,0.0,0.0,0,,,False,False,False,False,,,False,False,False,False,-5363.0,921.682388680863,False,False,False,False,702.4191949181712,False,False,False,False
2025-03-06 18:00:00+00:00,5.21,5.25,5.21,5.25,200.0,,,,,,,,,,,,,,,,,,,,,,,,,,,5.79888144670127,5.845424707964603,,,,,,,,,,,,,,,,,,,,,,,,,,,,,,,,,,5.093125495736665,5.299461082368838,5.780319323983516,5.780319323983516,5.780319323983516,5.794133608066903,5.865175442224705,5.866315068681697,,,,,5.690347482369522,"rgba(239, 83, 80, 0.5)",0.5065921916577941,5.689534195119029,-0.8676292338432575,43.74451279020545,-13.200635528856779,True,False,False,True,True,0.0,0.0,0.0,0.0,0.0,0,,,False,False,False,False,,,False,False,False,False,-5163.0,827.3462276160434,False,False,False,False,694.6297500357189,False,False,False,False
2025-03-06 19:00:00+00:00,5.25,5.26,5.225,5.23,948.0,,,,,,,,,,,,,,,,,,,,,,,,,,,5.791021668392251,5.837383650259177,,,,,,,,,,,,,,,,,,,,,,,,,,,,,,,,,,5.102687667870705,5.297953796667187,5.772531602400875,5.772531602400875,5.772531602400875,5.786292154061376,5.857088147634019,5.858226610689927,,,,,5.684824850277726,"rgba(239, 83, 80, 0.5)",0.5096941054015434,5.683353517699547,-0.8894619594283687,44.15980104087352,-12.526973838178776,True,False,False,True,True,0.0,0.0,0.0,0.0,0.0,0,,,False,False,False,False,,,False,False,False,False,-6111.0,719.774968273159,False,False,False,False,698.5579709653975,False,False,False,False
2025-03-06 20:00:00+00:00,5.23,5.25,5.2,5.2,2192.0,,,,,,,,,,,,,,,,,,,,,,,,,,,5.772985134141335,5.818938430601687,,,,,,,,,,,,,,,,,,,,,,,,,,,,,,,,,,5.117749276585484,5.293569196318717,5.7546572927668915,5.7546572927668915,5.7546572927668915,5.768296894666553,5.838536735781652,5.839672379519927,,,,,5.671371992591603,"rgba(239, 83, 80, 0.5)",0.5131265671097848,5.66852576769407,-0.9130803153168786,43.712727511916995,-12.526973838178776,True,False,False,True,True,0.0,0.0,0.0,0.0,0.0,0,,,False,False,False,False,,,False,False,False,False,-8303.0,579.8869842689239,False,False,False,False,721.7121109504301,False,False,False,False
2025-03-07 15:00:00+00:00,5.2,5.3,5.2,5.3,511.0,,,,,,,,,,,,,,,,,,,,,,,,,,,5.769305462716711,5.815138941246164,,,,,,,,,,,,,,,,,,,,,,,,,,,,,,,,,,5.12219964130456,5.293235113044465,5.751026441852678,5.751026441852678,5.751026441852678,5.764629597836818,5.834700847969337,5.835835069785729,,,,,5.668812399946182,"rgba(239, 83, 80, 0.5)",0.5140665642039277,5.665979283037849,-0.7119297548647168,46.336183538716384,-9.724469717657279,True,False,False,True,True,0.0,0.0,0.0,0.0,0.0,0,,,False,False,False,False,,,False,False,False,False,-7792.0,450.09028683839796,False,False,False,False,718.4452565170901,False,False,False,False
2025-03-07 16:00:00+00:00,5.3,5.3,5.21,5.21,100.0,,,,,,,,,,,,,,,,,,,,,,,,,,,5.76855374717737,5.814365655587825,,,,,,,,,,,,,,,,,,,,,,,,,,,,,,,,,,5.1228845669321865,5.293106055096285,5.750283444074501,5.750283444074501,5.750283444074501,5.763880094861209,5.833921239610918,5.835055231987436,,,,,5.668261692347673,"rgba(239, 83, 80, 0.5)",0.5151947939135975,5.665406494980763,-0.8839501104452903,45.77521715523066,-9.724469717657279,True,False,False,True,True,0.0,0.0,0.0,0.0,0.0,0,,,False,False,False,False,,,False,False,False,False,-7892.0,320.7555537091205,False,False,False,False,708.8569579664376,False,False,False,False
2025-03-07 17:00:00+00:00,5.21,5.24,5.21,5.24,200.0,,,,,,,,,,,,,,,,,,,,,,,,,,,5.767028380043336,5.812798487449046,,,,,,,,,,,,,,,,,,,,,,,,,,,,,,,,,,5.124115849569899,5.292801555325018,5.748774917003727,5.748774917003727,5.748774917003727,5.762359003946038,5.832341988964725,5.833475556425821,,,,,5.667124557273508,"rgba(239, 83, 80, 0.5)",0.5159783237991972,5.664210022506774,-0.8221469835850376,46.28609035650439,-9.041385948394328,True,False,False,True,True,0.0,0.0,0.0,0.0,0.0,0,,,False,False,False,False,,,False,False,False,False,-7692.0,196.52678543456045,False,False,False,False,700.9677028041672,False,False,False,False
2025-03-07 18:00:00+00:00,5.24,5.24,5.24,5.24,0.0,,,,,,,,,,,,,,,,,,,,,,,,,,,5.767028380043336,5.812798487449046,,,,,,,,,,,,,,,,,,,,,,,,,,,,,,,,,,5.124115849569899,5.292801555325018,5.748774917003727,5.748774917003727,5.748774917003727,5.762359003946038,5.832341988964725,5.833475556425821,,,,,5.667124557273508,"rgba(239, 83, 80, 0.5)",0.5157162167473646,5.664210022506774,-0.8225648306781533,46.62667249068687,-8.269264983029124,True,False,False,True,True,0.0,0.0,0.0,0.0,0.0,0,,,False,False,False,False,,,False,False,False,False,-7692.0,74.2240445751099,False,False,False,False,690.099986481622,False,False,False,False
2025-03-07 19:00:00+00:00,5.24,5.25,5.21,5.21,200.0,,,,,,,,,,,,,,,,,,,,,,,,,,,5.765492800286202,5.811221871545238,,,,,,,,,,,,,,,,,,,,,,,,,,,,,,,,,,5.125243385040817,5.292467966417761,5.747255838717917,5.747255838717917,5.747255838717917,5.760827615760142,5.830753588412753,5.831886747824578,,,,,5.665966149144124,"rgba(239, 83, 80, 0.5)",0.5153379456222845,5.662984312093755,-0.879004381380774,45.95127786745442,-8.269264983029124,True,False,False,True,True,0.0,0.0,0.0,0.0,0.0,0,,,False,False,False,False,,,False,False,False,False,-7892.0,-49.28330495318639,False,False,False,False,682.5015370788061,False,False,False,False
2025-03-07 20:00:00+00:00,5.21,5.27,5.18,5.26,137.0,,,,,,,,,,,,,,,,,,,,,,,,,,,5.764471670190277,5.8101711318462765,,,,,,,,,,,,,,,,,,,,,,,,,,,,,,,,,,5.126104063298753,5.2922850157149925,5.746246681862775,5.746246681862775,5.746246681862775,5.759809524484647,5.829694086098492,5.830826921577293,,,,,5.665210245879905,"rgba(239, 83, 80, 0.5)",0.5144880513237926,5.662197462597799,-0.7817430581000543,47.29050962263964,-6.896340905914506,True,False,False,True,True,0.0,0.0,0.0,0.0,0.0,1,,,False,False,False,False,,,False,False,False,False,-7755.0,-168.75178084538504,False,False,False,False,674.0441489070416,False,False,False,False
2025-03-10 14:00:00+00:00,5.26,5.26,5.14,5.14,100.0,,,,,,,,,,,,,,,,,,,,,,,,,,,5.763649049964815,5.809331049284792,,,,,,,,,,,,,,,,,,,,,,,,,,,,,,,,,,5.126406238319504,5.292016942813032,5.745430952518153,5.745430952518153,5.745430952518153,5.758988659852197,5.828849439020269,5.829982152592093,,,,,5.664551638940116,"rgba(239, 83, 80, 1.0)",0.5158776043817963,5.661475525754213,-1.0108512587576373,44.729093758872246,-6.896340905914506,True,False,False,True,False,0.0,0.0,0.0,0.0,0.0,0,,,False,False,False,False,,,False,False,False,False,-7855.0,-287.9184199020457,False,False,False,False,665.1442396216611,False,False,False,False
2025-03-10 15:00:00+00:00,5.14,5.14,5.14,5.14,100.0,,,,,,,,,,,,,,,,,,,,,,,,,,,5.762772522839074,5.80843995047462,,,,,,,,,,,,,,,,,,,,,,,,,,,,,,,,,,5.126482028694618,5.291654877022499,5.744560029345764,5.744560029345764,5.744560029345764,5.758113566318886,5.827955050052585,5.8290877213450525,,,,,5.663818580478463,"rgba(239, 83, 80, 1.0)",0.5153676462592595,5.660652574066904,-1.0102546751741306,43.021483183027314,-2.9584257015383173,True,False,False,True,False,0.0,0.0,0.0,0.0,0.0,0,,,False,False,False,False,,,False,False,False,False,-7855.0,-405.23751416713026,False,False,False,False,656.3823134259763,False,False,False,False
2025-03-10 16:00:00+00:00,5.14,5.14,5.14,5.14,0.0,,,,,,,,,,,,,,,,,,,,,,,,,,,5.762772522839074,5.80843995047462,,,,,,,,,,,,,,,,,,,,,,,,,,,,,,,,,,5.126482028694618,5.291654877022499,5.744560029345764,5.744560029345764,5.744560029345764,5.758113566318886,5.827955050052585,5.8290877213450525,,,,,5.663818580478463,"rgba(239, 83, 80, 1.0)",0.513559623107663,5.660652574066904,-1.0138113485564155,41.883076132464026,-4.182503136234473,True,False,False,True,False,0.0,0.0,0.0,0.0,0.0,0,,,False,False,False,False,,,False,False,False,False,-7855.0,-520.7377077459344,False,False,False,False,646.2058434503798,False,False,False,False
2025-03-10 17:00:00+00:00,5.14,5.14,5.01,5.01,417.0,,,,,,,,,,,,,,,,,,,,,,,,,,,5.758638827951432,5.804271018138489,,,,,,,,,,,,,,,,,,,,,,,,,,,,,,,,,,5.124820011260649,5.289311172951599,5.740438348133215,5.740438348133215,5.740438348133215,5.753983007968968,5.823783640683921,5.824916837504352,,,,,5.660103956085906,"rgba(239, 83, 80, 1.0)",0.5134411814870765,5.656355239422204,-1.2588691026889776,37.92451040128826,-7.957418169389754,True,False,False,True,False,0.0,0.0,0.0,0.0,0.0,0,,,False,False,False,False,,,False,False,False,False,-8272.0,-640.9123169281679,False,False,False,False,642.6522644821569,False,False,False,False
2025-03-10 18:00:00+00:00,5.01,5.02,5.0,5.0,659.0,,,,,,,,,,,,,,,,,,,,,,,,,,,5.751777730087966,5.797372105334541,,,,,,,,,,,,,,,,,,,,,,,,,,,,,,,,,,5.120724542394279,5.284985718266685,5.733588343343912,5.733588343343912,5.733588343343912,5.747124889755374,5.816888447830634,5.818022940158702,,,,,5.653766140385992,"rgba(239, 83, 80, 1.0)",0.5126560144865048,5.649066199931269,-1.2660852142374608,35.079991833355535,-10.564671290968974,False,False,False,True,False,0.0,0.0,0.0,0.0,0.0,0,,,False,False,False,False,,,False,False,False,False,-8931.0,-769.4408081385839,False,False,False,False,642.9057177459994,False,False,False,False
2025-03-10 19:00:00+00:00,5.0,5.035,4.99,4.99,201.0,,,,,,,,,,,,,,,,,,,,,,,,,,,5.7497052664521995,5.7952871885499855,,,,,,,,,,,,,,,,,,,,,,,,,,,,,,,,,,5.119513870816636,5.283684903959504,5.7315196888581275,5.7315196888581275,5.7315196888581275,5.7450534409094915,5.814804183270326,5.815939036883068,,,,,5.651854695741559,"rgba(239, 83, 80, 1.0)",0.5116258750650071,5.646900756737993,-1.2839474873207435,32.962349806032165,-12.492912704920784,False,False,False,True,False,0.0,0.0,0.0,0.0,0.0,0,,,False,False,False,False,,,False,False,False,False,-9132.0,-899.0928886325593,False,False,False,False,636.0544663080768,False,False,False,False
2025-03-11 14:00:00+00:00,5.0,5.0,4.94,4.94,263.0,,,,,,,,,,,,,,,,,,,,,,,,,,,5.746848030448939,5.792421279445467,,,,,,,,,,,,,,,,,,,,,,,,,,,,,,,,,,5.1173598274799765,5.281729081468548,5.728664058395258,5.728664058395258,5.728664058395258,5.742196686683086,5.8119424678691605,5.813078001745422,,,,,5.649156755032637,"rgba(239, 83, 80, 1.0)",0.5107208031192159,5.643829457275377,-1.3781100221035718,30.471075733671952,-14.795632477049061,False,False,False,True,False,0.0,0.0,0.0,0.0,0.0,0,,,False,False,False,False,,,False,False,False,False,-9395.0,-1030.8123787312793,False,False,False,False,630.2706761327578,False,False,False,False
2025-03-11 15:00:00+00:00,4.94,4.97,4.925,4.965,318.0,,,,,,,,,,,,,,,,,,,,,,,,,,,5.74339172876032,5.788954649586641,,,,,,,,,,,,,,,,,,,,,,,,,,,,,,,,,,5.11472466403961,5.2793472310920535,5.725209646836851,5.725209646836851,5.725209646836851,5.738740954007788,5.808480904868762,5.809617257383966,,,,,5.645888633024969,"rgba(239, 83, 80, 1.0)",0.5087325267601649,5.640137456135104,-1.3270970905569572,30.291311698520097,-15.026077028108446,False,False,False,True,False,0.0,0.0,0.0,0.0,0.0,0,,,False,False,False,False,-0.34282825441539394,-0.34282825441539394,False,False,False,False,-9077.0,-1155.5594736346702,False,False,False,False,625.4292703012421,False,False,False,False
2025-03-11 16:00:00+00:00,4.965,4.965,4.895,4.91,267.0,,,,,,,,,,,,,,,,,,,,,,,,,,,5.740403593767771,5.785962328560209,,,,,,,,,,,,,,,,,,,,,,,,,,,,,,,,,,5.1121773590548845,5.277192310308086,5.722221121052657,5.722221121052657,5.722221121052657,5.735752801072391,5.805494773240339,5.806631931741246,,,,,5.643027846090289,"rgba(239, 83, 80, 1.0)",0.5069313083163728,5.63691111403413,-1.4339440119576696,28.888316020817417,-16.50851311915654,False,True,False,True,False,0.0,0.0,0.0,0.0,0.0,0,0.7824653922214897,1.16479894528675,False,False,False,False,-0.34282825441539394,-0.34282825441539394,False,False,False,False,-9344.0,-1282.512039934908,False,False,False,False,619.8722273508353,False,False,False,False
2025-03-11 17:00:00+00:00,4.91,4.91,4.88,4.91,726.0,,,,,,,,,,,,,,,,,,,,,,,,,,,5.732158664522553,5.777712256084006,,,,,,,,,,,,,,,,,,,,,,,,,,,,,,,,,,5.104766921633715,5.271084818341994,5.713972436792094,5.713972436792094,5.713972436792094,5.7275071459310105,5.797264033220651,5.798403526975277,,,,,5.635081467708549,"rgba(239, 83, 80, 1.0)",0.5041692122636928,5.628027871221141,-1.424180322311301,27.952985569015627,-17.585279224720253,False,True,False,True,False,0.0,0.0,0.0,0.0,0.0,0,0.7813525935653315,1.1713722915298752,False,False,False,False,-0.34282825441539394,-0.34282825441539394,False,False,False,False,-9344.0,-1407.4963493932814,False,False,False,False,621.5176191748534,False,False,False,False
2025-03-11 18:00:00+00:00,4.91,4.91,4.865,4.865,620.0,,,,,,,,,,,,,,,,,,,,,,,,,,,5.72507837382685,5.770629623502664,,,,,,,,,,,,,,,,,,,,,,,,,,,,,,,,,4.880000000000001,5.098257112159575,5.265750709461689,5.7068881216289675,5.7068881216289675,5.7068881216289675,5.720426026997283,5.790198513272871,5.791340023734799,,,,,5.5602131588947845,"rgba(239, 83, 80, 1.0)",0.5013333572934611,5.57691136702024,-1.420035903582443,26.307669079411735,-19.335052292021956,False,True,False,True,False,0.0,0.0,0.0,0.0,0.0,0,0.783748361730013,1.171035386631717,False,False,False,False,-0.34282825441539394,-0.34282825441539394,False,False,False,False,-9964.0,-1540.1553207205175,False,False,False,False,621.4940901953983,True,False,False,False
2025-03-11 19:00:00+00:00,4.865,4.975,4.865,4.96,965.0,,,,,,,,,,,,,,,,,,,,,,,,,,,5.714970232582755,5.760472476083924,,,,,,,,,,,,,,,,,,,,,,,,,,,,,,,,,4.912471083070453,5.091143244531857,5.258840564100355,5.6967940015144976,5.6967940015144976,5.6967940015144976,5.710321670879341,5.780047203977657,5.781190517051166,,,,,5.554530817892819,"rgba(239, 83, 80, 1.0)",0.4956588390059059,5.533885200411882,-1.1578229928530426,30.81031737677022,-23.756082726662687,False,False,False,True,True,0.0,0.0,0.0,0.0,0.0,0,0.7857142857142856,1.1623376623376624,False,False,False,False,-0.32923117899011173,-0.33602971670275283,False,False,False,False,-8999.0,-1655.7963235000443,False,False,False,False,626.8197632156247,False,False,False,False
2025-03-12 14:00:00+00:00,4.96,5.04,4.96,5.04,118.0,,,,,,,,,,,,,,,,,,,,,,,,,,,5.713876589524112,5.7593658394734755,,,,,,,,,,,,,,,,,,,,,,,,,,,,,,,,,4.9194597768643575,5.09073499333037,5.258218091963902,5.695705188785384,5.695705188785384,5.695705188785384,5.709229270711579,5.778938108606198,5.780081440135788,,,,,5.554274516087812,"rgba(239, 83, 80, 1.0)",0.4907686837002731,5.533848659747935,-1.006275820259027,37.24885246843651,-17.91258288394033,True,False,False,True,True,0.0,0.0,0.0,0.0,0.0,0,0.8011658031088082,1.1534974093264247,False,False,False,False,-0.29624479994637903,-0.31613725832456596,False,False,False,False,-8881.0,-1767.8149851512064,False,False,False,False,618.9310847161577,False,False,False,False
2025-03-12 15:00:00+00:00,5.04,5.05,5.04,5.05,17.0,,,,,,,,,,,,,,,,,,,,,,,,,,,5.71372679529677,5.759213790305039,,,,,,,,,,,,,,,,,,,,,,,,,,,,,,,,,4.920717054263566,5.0907017076168914,5.258140845272104,5.695556260432555,5.695556260432555,5.695556260432555,5.709079698116549,5.778785533357847,5.7799288566894695,,,,,5.5542693692923555,"rgba(239, 83, 80, 0.5)",0.48520985522101806,5.5338880606969205,-0.9972758291904535,41.932289139962705,-13.871855024795806,True,False,False,True,True,0.0,0.0,0.0,0.0,0.0,0,0.8117263843648208,1.1511400651465797,False,False,False,False,-0.2779657363680183,-0.2970514973462921,False,False,False,False,-8864.0,-1877.8333574744433,False,False,False,False,609.5988198368374,False,False,False,False
2025-03-12 16:00:00+00:00,5.05,5.05,5.0,5.0,17.0,,,,,,,,,,,,,,,,,,,,,,,,,,,5.713570334574455,5.759055407083977,,,,,,,,,,,,,,,,,,,,,,,,,,,,,,,,,4.92165611207062,5.090645829633578,5.258052704656389,5.695400518190652,5.695400518190652,5.695400518190652,5.708923422107751,5.778626772213168,5.779770096659733,,,,,5.554227475779239,"rgba(239, 83, 80, 1.0)",0.48023148509783997,5.533872449308283,-1.1116981411568927,43.056314498364245,-13.039400075568345,True,False,False,True,True,0.0,0.0,0.0,0.0,0.0,0,0.8052459016393442,1.160655737704918,False,False,False,False,-0.2860667442711885,-0.2915591208087403,False,False,False,False,-8881.0,-1986.4095844903434,False,False,False,False,600.4112412347159,False,False,False,False
2025-03-12 17:00:00+00:00,5.04,5.06,4.97,5.06,1801.0,,,,,,,,,,,,,,,,,,,,,,,,,,,5.697693031893629,5.742945019754117,,,,,,,,,,,,,,,,,,,,,,,,,,,,,,,,,4.976807989447899,5.086155669749916,5.249562308354866,5.679612541993283,5.679612541993283,5.679612541993283,5.693068993685412,5.762461934107041,5.763604410338677,,,,,5.546466998482855,"rgba(239, 83, 80, 0.5)",0.47608576712358797,5.500844541733767,-0.9259771498678888,46.29000293224643,-10.071856963988488,True,False,False,True,True,0.0,0.0,0.0,0.0,0.0,0,0.7962239583333331,1.1588541666666667,False,False,False,False,-0.2901309361664428,-0.29084502848759153,False,False,False,False,-7080.0,-2065.3799785292526,False,False,False,False,619.0250204403792,False,False,False,False
2025-03-12 18:00:00+00:00,5.03,5.05,4.985,5.05,653.0,,,,,,,,,,,,,,,,,,,,,,,,,,,5.692103049757862,5.7372650072018345,,,,,,,,,,,,,,,,,,,,,,,,,,,,,,,,,4.984836156844031,5.084644020070997,5.246615777378913,5.67405746841175,5.67405746841175,5.67405746841175,5.687487935438525,5.756759099542792,5.757901046121194,,,,,5.542707681599219,"rgba(239, 83, 80, 0.5)",0.4709249093754415,5.4972907551789065,-0.9498133275050595,48.00768240524563,-8.441804048713294,True,False,False,False,True,0.0,0.0,0.0,0.0,0.0,0,0.7940606843124596,1.158812136862492,False,False,False,False,-0.2887364545327285,-0.28979074151016004,False,False,False,False,-7733.0,-2153.250056381512,False,False,False,False,619.5517643095205,False,False,False,False
2025-03-12 19:00:00+00:00,5.05,5.05,5.005,5.005,540.0,,,,,,,,,,,,,,,,,,,,,,,,,,,5.6874932894714565,5.7325812523933335,,,,,,,,,,,,,,,,,,,,,,,,,,,,,,,,,4.988849785105334,5.083276053504717,5.244146996718313,5.669476402327774,5.669476402327774,5.669476402327774,5.6828855108364404,5.752056437473159,5.7531979328958345,,,,,5.539356042307446,"rgba(239, 83, 80, 1.0)",0.46477838369048896,5.494010849990724,-1.0521376792694659,47.232324776029635,-8.441804048713294,True,False,False,True,True,0.0,0.0,0.0,0.0,0.0,0,0.8001289490651191,1.158607350096712,False,False,False,False,-0.2844002953572993,-0.2870955184337297,False,False,False,False,-8273.0,-2248.1299004686202,False,False,False,False,618.3184036225513,False,False,False,False
2025-03-13 14:00:00+00:00,5.005,5.01,4.96,5.01,542.0,,,,,,,,,,,,,,,,,,,,,,,,,,,5.682747285785168,5.72776761936799,,,,,,,,,,,,,,,,,,,,,,,,,,,,,,,,,4.989310639104874,5.081405410590945,5.241434144881262,5.664756289713207,5.664756289713207,5.664756289713207,5.678146140319731,5.747226587427426,5.7483677941187965,,,,,5.535515862794164,"rgba(239, 83, 80, 1.0)",0.4582756261787735,5.489992594881503,-1.0473884436835794,46.965397629398716,-8.441804048713294,True,False,False,True,True,0.0,0.0,0.0,0.0,0.0,0,0.7951188182402054,1.1612074502247913,False,False,False,False,-0.3018055098999234,-0.29445051416682655,False,False,False,False,-7731.0,-2333.135638445851,False,False,False,False,617.1351725586358,False,False,False,False
2025-03-13 15:00:00+00:00,5.01,5.01,5.01,5.01,42.0,,,,,,,,,,,,,,,,,,,,,,,,,,,5.6823910476238515,5.7274056284697625,,,,,,,,,,,,,,,,,,,,,,,,,,,,,,,,,4.98947412982126,5.08129051413685,5.241240329398628,5.6644022853857185,5.6644022853857185,5.6644022853857185,5.677790473172792,5.7468631018763086,5.748004270799143,,,,,5.535242395586886,"rgba(239, 83, 80, 1.0)",0.4522290836999998,5.489723812001795,-1.060798231013455,46.787446198311436,-8.441804048713294,True,False,False,True,True,0.0,0.0,0.0,0.0,0.0,0,0.8083170890188432,1.1630929174788824,False,False,False,False,-0.2914486763009955,-0.29294959523391106,False,False,False,False,-7731.0,-2416.8234580048297,False,False,False,False,608.2183481778817,False,False,False,False
2025-03-13 16:00:00+00:00,5.01,5.01,4.985,4.985,42.0,,,,,,,,,,,,,,,,,,,,,,,,,,,5.682026365751825,5.727035601268987,,,,,,,,,,,,,,,,,,,,,,,,,,,,,,,,,4.989504386783647,5.081149212056306,5.241032892377574,5.664039657420274,5.664039657420274,5.664039657420274,5.6774263172117925,5.74649176121808,5.747632903729739,,,,,5.534947128423524,"rgba(239, 83, 80, 1.0)",0.44530233681305603,5.489419855853527,-1.1327581603626065,45.42525256400609,-8.441804048713294,True,False,False,True,False,0.0,0.0,0.0,0.0,0.0,0,0.8082191780821917,1.1552511415525115,False,False,False,False,-0.29661936425274205,-0.29478447974332656,False,False,False,False,-7773.0,-2499.8649547799487,False,False,False,False,599.4397691363641,False,False,False,False
2025-03-13 17:00:00+00:00,4.985,4.985,4.95,4.95,61.0,,,,,,,,,,,,,,,,,,,,,,,,,,,5.681473073194073,5.726475678203929,,,,,,,,,,,,,,,,,,,,,,,,,,,,,,,,,4.989190968377015,5.080871080582588,5.240693794978941,5.663488847464165,5.663488847464165,5.663488847464165,5.676873663025455,5.745930435700216,5.747071571577431,,,,,5.534458800730194,"rgba(239, 83, 80, 1.0)",0.4380703489516584,5.4888828735910895,-1.230128619480146,42.91822481561998,-8.441804048713294,True,False,False,True,False,0.0,0.0,0.0,0.0,0.0,0,0.8019736842105263,1.1657894736842105,False,False,False,False,-0.3090927495493247,-0.30193861464632565,False,False,False,False,-7834.0,-2582.5647229228953,False,False,False,False,591.0918657389011,False,False,False,False
2025-03-13 18:00:00+00:00,4.95,4.95,4.88,4.885,449.0,,,,,,,,,,,,,,,,,,,,,,,,,,,5.677107915560675,5.722075843065214,,,,,,,,,,,,,,,,,,,,,,,,,,,,,,,,,4.982747855235498,5.077908444010907,5.237721119964236,5.659135733824169,5.659135733824169,5.659135733824169,5.6725116422494075,5.7415265288032,5.74266800605637,,,,,5.530152232401637,"rgba(239, 83, 80, 1.0)",0.4371801327467496,5.483846282547406,-1.3697929930734216,38.845224272405304,-6.011470494422284,True,False,False,True,False,0.0,0.0,0.0,0.0,0.0,0,0.7859947643979056,1.1681937172774872,False,False,False,False,-0.3311502596811798,-0.3165444371637527,False,False,False,False,-8283.0,-2670.9435644279665,False,False,False,False,588.8888910762824,False,False,False,False
2025-03-13 19:00:00+00:00,4.885,4.885,4.855,4.865,1559.0,,,,,,,,,,,,,,,,,,,,,,,,,,,5.66162313073878,5.706488718429168,,,,,,,,,,,,,,,,,,,,,,,,,,,,,,,,4.868333333333333,4.958727892988599,5.06632769763348,5.226702319678038,5.643684993253377,5.643684993253377,5.643684993253377,5.657035793493065,5.7259323642167645,5.727075426013414,,,,,5.460775138023732,"rgba(239, 83, 80, 1.0)",0.4350892835783039,5.436288011507748,-1.3130362734041732,35.49814220256705,-9.174897810906835,False,False,False,True,False,0.0,0.0,0.0,0.0,0.0,0,0.7830065359477123,1.1751633986928105,False,False,False,False,-0.34282825441539394,-0.32968634578957334,False,False,False,False,-9842.0,-2782.122733971719,False,False,False,False,603.9293733851772,True,False,False,False
2025-03-14 14:00:00+00:00,4.865,4.865,4.865,4.865,0.0,,,,,,,,,,,,,,,,,,,,,,,,,,,5.66162313073878,5.706488718429168,,,,,,,,,,,,,,,,,,,,,,,,,,,,,,,,4.868333333333333,4.958727892988599,5.06632769763348,5.226702319678038,5.643684993253377,5.643684993253377,5.643684993253377,5.657035793493065,5.7259323642167645,5.727075426013414,,,,,5.460775138023732,"rgba(239, 83, 80, 1.0)",0.4324899415588142,5.436288011507748,-1.3209278566078706,33.26675415600822,-11.278686410124465,False,True,False,True,False,0.0,0.0,0.0,0.0,0.0,0,0.7828947368421051,1.1828947368421052,False,False,False,False,-0.34282825441539394,-0.33625730010248367,False,False,False,False,-9842.0,-2891.578195460529,False,False,False,False,594.5661272861822,True,False,False,False
2025-03-14 15:00:00+00:00,4.865,4.92,4.865,4.92,100.0,,,,,,,,,,,,,,,,,,,,,,,,,,,5.660690977631133,5.705547295980037,,,,,,,,,,,,,,,,,,,,,,,,,,,,,,,,4.870342575848905,4.957969705022588,5.065746123688766,5.22608158432481,5.6427562281217805,5.6427562281217805,5.6427562281217805,5.6561045152116645,5.7249892252887244,5.726132306508681,,,,,5.460156082822555,"rgba(239, 83, 80, 1.0)",0.43036751526828226,5.435530136123283,-1.1978834782683643,35.97656266189317,-11.278686410124465,False,True,False,True,True,0.0,0.0,0.0,0.0,0.0,0,0.7804076265614726,1.178172255095332,False,False,False,False,-0.33129899750233527,-0.33377814880240947,False,False,False,False,-9742.0,-2997.7862854533887,False,False,False,False,586.8984353902724,False,False,False,False
2025-03-14 16:00:00+00:00,4.92,5.03,4.92,5.01,5179.0,,,,,,,,,,,,,,,,,,,,,,,,,,,5.62043111203377,5.664484939725816,,,,,,,,,,,,,,,,,,,,,,,,,,,,,,,,4.958444720678561,4.969667584940312,5.053517755483897,5.204533326381889,5.602814909723529,5.602814909723529,5.602814909723529,5.615925831498435,5.683684634080475,5.684818658439232,,,,,5.438662774369415,"rgba(239, 83, 80, 0.5)",0.42337713471347876,5.412632277976881,-0.9510014711809207,42.581231133442316,-13.530752161476705,True,False,False,True,True,0.0,0.0,0.0,0.0,0.0,0,0.7937540663630447,1.155497722836695,False,False,False,False,-0.29720202750225344,-0.3154900881523315,False,False,False,False,-4563.0,-3022.0531647486846,False,False,False,False,658.0938084849969,False,False,False,False
2025-03-14 17:00:00+00:00,4.945,5.0,4.885,4.895,4722.0,,,,,,,,,,,,,,,,,,,,,,,,,,,5.584600122500766,5.627961809814344,,,,,,,,,,,,,,,,,,,,,,,,,,,,,,,,4.945464100346021,4.958016105277252,5.037843111599589,5.183460373035248,5.567258280063256,5.567258280063256,5.567258280063256,5.580164813431195,5.646945178165821,5.64807062204886,,,,,5.409525089700739,"rgba(239, 83, 80, 1.0)",0.420886430509923,5.3837898633549734,-1.1613343361124349,42.13156272157446,-13.530752161476705,True,False,False,True,True,0.0,0.0,0.0,0.0,0.0,0,0.7913715389568575,1.1571152607855766,False,False,False,False,-0.3105501446681388,-0.31302011641023514,False,False,False,False,-9285.0,-3119.153115682813,False,False,False,False,721.1001060278651,False,False,False,False
2025-03-14 18:00:00+00:00,4.9,4.9,4.885,4.89,320.0,,,,,,,,,,,,,,,,,,,,,,,,,,,5.582183299181818,5.625500081843606,,,,,,,,,,,,,,,,,,,,,,,,,,,,,,,,4.944015011223345,4.9568197441821145,5.036629210567292,5.181968394477821,5.564859215364242,5.564859215364242,5.564859215364242,5.5777525219346265,5.644469286428935,5.645594161380533,,,,,5.407459113109401,"rgba(239, 83, 80, 1.0)",0.41766077445999095,5.381737643036386,-1.1773613255211055,41.65856968321275,-13.530752161476705,True,False,False,True,True,0.0,0.0,0.0,0.0,0.0,0,0.7906976744186045,1.1698966408268734,False,False,False,False,-0.33129899750233527,-0.3221595569562852,False,False,False,False,-9605.0,-3219.7088813311416,False,False,False,False,714.8814997328594,False,False,False,False
2025-03-14 19:00:00+00:00,4.9,4.95,4.89,4.95,1885.0,,,,,,,,,,,,,,,,,,,,,,,,,,,5.5690536812163804,5.612066973373227,,,,,,,,,,,,,,,,,,,,,,,,,,,,,,,,4.942095774306817,4.954244600651997,5.03165639921819,5.174601126122632,5.551851360703196,5.551851360703196,5.551851360703196,5.56465390790664,5.630934135327263,5.632054437473861,,,,,5.397242926475549,"rgba(239, 83, 80, 1.0)",0.4122433681632628,5.371750860111258,-1.0230628135762514,44.21670420699883,-11.850676569773142,True,False,False,True,True,0.0,0.0,0.0,0.0,0.0,0,0.7888318356867777,1.162387676508344,False,False,False,False,-0.31985411049810275,-0.32100683372719396,False,False,False,False,-7720.0,-3289.480836659341,False,False,False,False,733.0228718300243,False,False,False,False
2025-03-17 14:00:00+00:00,5.33,5.33,5.16,5.16,1210.0,,,,,,,,,,,,,,,,,,,,,,,,,,,5.564557953670803,5.607224814282534,,,,,,,,,,,,,,,,,,,,,,,,,,,,,,,,4.964281469115193,4.969479736429645,5.037033958698664,5.1753760968752065,5.547500134107222,5.547500134107222,5.547500134107222,5.5601947536191965,5.625956936611328,5.627069866613775,,,,,5.397806332353167,"rgba(239, 83, 80, 0.5)",0.4021195196805359,5.373009547893157,-0.5297170056862265,52.07099295232449,-4.498343657652207,True,False,True,False,True,0.0,0.0,0.0,0.0,0.0,0,0.8051628764597417,1.1376767055931163,False,False,False,False,-0.1897448192440599,-0.25537582648562696,False,False,False,False,-6510.0,-3339.411366323537,False,False,False,False,740.4178660652178,False,False,False,False
2025-03-17 15:00:00+00:00,5.16,5.42,5.16,5.32,3309.0,,,,,,,,,,,,,,,,,,,,,,,,,,5.3,5.555638907001385,5.5972693042158355,,,,,,,,,,,,,,,,,,,,,,,,,,,,,,,,5.025039105228616,5.014765296123004,5.056397406797514,5.181353665371756,5.539014898775358,5.539014898775358,5.539014898775358,5.55138546697225,5.615587958200748,5.616677773083422,,,,,5.394704583024662,#000000,0.3927827265426358,5.364028133281024,-0.11209284498982248,59.8616449133679,2.4547648384349046,True,False,True,False,True,0.0,0.0,0.0,0.0,0.0,0,0.8096096096096095,1.127927927927928,False,False,False,False,-0.17042412104913995,-0.21289997376738345,False,False,False,False,-3201.0,-3337.265453667358,False,False,False,False,780.2408448859121,False,False,False,False
2025-03-17 16:00:00+00:00,5.32,5.355,5.305,5.31,465.0,,,,,,,,,,,,,,,,,,,,,,,,,,5.302874933757287,5.554543537118346,5.596027539481381,,,,,,,,,,,,,,,,,,,,,,,,,,,,,,,,5.032437196650489,5.020594193478496,5.059131261517228,5.182304244117125,5.537980780136725,5.537980780136725,5.537980780136725,5.550305597702669,5.614287320789387,5.615373820608169,,,,,5.395524768125444,#000000,0.3833596974874306,5.365159428847933,-0.14388426641990015,64.64177899547988,6.51713289776098,True,False,True,False,True,0.0,0.0,0.0,0.0,0.0,0,0.8306110102843313,1.1367211131276467,False,False,False,False,-0.15458664610015416,-0.1837433099337688,False,False,False,False,-3666.0,-3342.362113300422,False,False,False,False,775.3533899264405,False,False,False,False
2025-03-17 17:00:00+00:00,5.31,5.31,5.18,5.18,600.0,,,,,,,,,,,,,,,,,,,,,,,,,,5.291963877457705,5.552540592841952,5.593860292692383,,,,,,,,,,,,,,,,,,,,,,,,,,,,,,,,5.038356762623391,5.025418252961083,5.061272888000058,5.182655655955728,5.536046135085004,5.536046135085004,5.536046135085004,5.548319956275744,5.612055126277524,5.613138039521333,,,,,5.394439988450917,#000000,0.3735883339228353,5.364724516708826,-0.49446007793964175,63.032380599317754,6.51713289776098,True,False,True,False,True,0.0,0.0,0.0,0.0,0.0,0,0.8204667863554754,1.1292639138240574,False,False,False,False,-0.18783294047863056,-0.1857881252061997,False,False,False,False,-4266.0,-3356.6820805360744,False,False,False,False,772.6347327182787,False,False,False,False
2025-03-17 18:00:00+00:00,5.21,5.25,5.17,5.195,2843.0,,,,,,,,,,,,,,,,,,,,,,,,,,5.25770611057226,5.542859445424259,5.583433028682455,,,,,,,,,,,,,,,,,,,,,,,,,,,,,,,,5.059705299206922,5.043613873148247,5.0696382849499795,5.183527102538776,5.526674416983649,5.526674416983649,5.526674416983649,5.538717238597456,5.601332727997108,5.602399354014732,,,,,5.389458132006396,#000000,0.36315890101632364,5.362095556503403,-0.46011692412267857,62.288345935481445,6.51713289776098,True,False,True,False,True,0.0,0.0,0.0,0.0,0.0,0,0.8200238379022643,1.136471990464839,False,False,False,False,-0.20163867614023293,-0.1937134006732163,False,False,False,False,-1423.0,-3326.70251339598,False,False,False,False,804.7334190327239,False,False,False,False
2025-03-17 19:00:00+00:00,5.195,5.195,5.06,5.06,4085.0,,,,,,,,,,,,,,,,,,,,,,,,,,5.202511944788532,5.5260083847567,5.565683192865187,,,,,,,,,,,,,,,,,,,,,,,,,,,,,,,,5.066746774745975,5.0514150904264135,5.0723673587626665,5.179360058542584,5.510192515620365,5.510192515620365,5.510192515620365,5.521959916390014,5.583232140625278,5.584279764930397,,,,,5.375703244130373,"rgba(239, 83, 80, 0.5)",0.3527025901763604,5.3508682278094,-0.8246841273945812,57.757175809306524,6.51713289776098,True,False,True,False,False,0.0,0.0,0.0,0.0,0.0,0,0.8085983510011777,1.14075382803298,False,False,False,False,-0.23449333714744539,-0.21410336891033083,False,False,False,False,-5508.0,-3360.5210790797632,False,False,False,False,855.5902652492708,False,False,False,False
2025-03-18 14:00:00+00:00,5.065,5.19,5.065,5.125,910.0,,,,,,,,,,,,,,,,,,,,,,,,,,5.196860192160716,5.522613858919869,5.562084631921551,,,,,,,,,,,,,,,,,,,,,,,,,,,,,,,,5.06875240617452,5.0534868195478095,5.073285104907661,5.178744442019403,5.5068818989258945,5.5068818989258945,5.5068818989258945,5.518586695924254,5.579552899885469,5.580596094249883,,,,,5.373477603268371,"rgba(239, 83, 80, 0.5)",0.3410646024773892,5.3490400179888855,-0.656884403604265,56.40121579661732,14.665187821376946,True,False,True,False,False,0.0,0.0,0.0,0.0,0.0,0,0.8102147417295414,1.1363900174114916,False,False,False,False,-0.23449333714744514,-0.22429835302888798,False,False,False,False,-4598.0,-3379.706798783953,False,False,False,False,856.4338270283519,False,False,False,False
2025-03-18 15:00:00+00:00,5.125,5.125,5.09,5.105,2610.0,,,,,,,,,,,,,,,,,,,,,,,,,,5.180978050645437,5.512714418152251,5.551623822179979,,,,,,,,,,,,,,,,,,,,,,,,,,,,,,,,5.072073419024286,5.057378682518318,5.074828494328416,5.176407539450856,5.4972128062006895,5.4972128062006895,5.4972128062006895,5.508745770365556,5.5688700440274435,5.569901058013493,,,,,5.366550747485239,"rgba(239, 83, 80, 0.5)",0.3271354376930005,5.343124993666472,-0.7279095023937444,54.913838113744305,12.896855586962154,True,False,True,False,False,0.0,0.0,0.0,0.0,0.0,0,0.8164815897136176,1.1507890122735243,False,False,False,False,-0.2425309383499618,-0.23341464568942488,False,False,False,False,-7208.0,-3439.060181748543,False,False,False,False,883.6208994775246,False,False,False,False
2025-03-18 16:00:00+00:00,5.105,5.145,5.1,5.1,900.0,,,,,,,,,,,,,,,,,,,,,,,,,,5.177201161853878,5.509477019551094,5.548192683594115,,,,,,,,,,,,,,,,,,,,,,,,,,,,,,,,5.07333197598028,5.058796995222987,5.07545889929266,5.175728594652809,5.494054921617049,5.494054921617049,5.494054921617049,5.505528571904117,5.565361764318555,5.566388519494039,,,,,5.364433150055053,"rgba(239, 83, 80, 0.5)",0.3128065775442571,5.341311331962799,-0.7714394430489794,53.76496155023743,11.363735067890516,True,False,True,False,False,0.0,0.0,0.0,0.0,0.0,0,0.8186046511627905,1.1366279069767442,False,False,False,False,-0.2364999113664218,-0.23495727852792334,False,False,False,False,-8108.0,-3511.446845597403,False,False,False,False,883.8748390205087,False,False,False,False
2025-03-18 17:00:00+00:00,5.095,5.105,5.09,5.1,3341.0,,,,,,,,,,,,,,,,,,,,,,,,,,5.163378709192327,5.497417680660662,5.535441408116921,,,,,,,,,,,,,,,,,,,,,,,,,,,,,,,,5.075785984292065,5.062107129432402,5.076718101232453,5.172677243869628,5.482279003966558,5.482279003966558,5.482279003966558,5.493541266484564,5.552334488276629,5.553345996875121,,,,,5.356121924640958,"rgba(239, 83, 80, 0.5)",0.2998270222032024,5.334005293956578,-0.7804676584420236,52.99904384123285,10.124542057518823,True,False,True,False,False,0.0,0.0,0.0,0.0,0.0,0,0.8177597214161345,1.1410330818340104,False,False,False,False,-0.2465612329509394,-0.24075925573943135,False,False,False,False,-8108.0,-3582.711235588141,False,False,False,False,921.9698027566249,False,False,False,False
2025-03-18 18:00:00+00:00,5.1,5.1,5.065,5.08,18.0,,,,,,,,,,,,,,,,,,,,,,,,,,5.1633016263997344,5.497351991971255,5.535372121890737,,,,,,,,,,,,,,,,,,,,,,,,,,,,,,,,5.075789092475139,5.062115948200285,5.076719568440126,5.172657916470033,5.4822147861192745,5.4822147861192745,5.4822147861192745,5.493475951768449,5.552263766107646,5.553275195414567,,,,,5.356074425961216,"rgba(239, 83, 80, 0.5)",0.2867840949514346,5.333962748229046,-0.8855538110370228,51.73407411949452,8.398153186427933,True,False,False,False,False,0.0,0.0,0.0,0.0,0.0,0,0.8156069364161848,1.1410404624277455,False,False,False,False,-0.2526214735762283,-0.2466903646578298,False,False,False,False,-8126.0,-3653.149821082898,False,False,False,False,907.9547670549717,False,False,False,False
2025-03-18 19:00:00+00:00,5.08,5.095,5.01,5.095,1238.0,,,,,,,,,,,,,,,,,,,,,,,,,,5.1574138327017405,5.492722092935748,5.530501126267926,,,,,,,,,,,,,,,,,,,,,,,,,,,,,,,,5.075469107119246,5.0622528202262655,5.076518666193151,5.171132099971317,5.477683317478213,5.477683317478213,5.477683317478213,5.488871086283326,5.547296698091122,5.548302834959362,,,,,5.352579255167988,"rgba(239, 83, 80, 0.5)",0.2729303445441149,5.30676648289055,-0.7758993718498818,51.496475608934546,7.622443108660981,True,False,False,False,False,0.0,0.0,0.0,0.0,0.0,0,0.8111047510017171,1.1402404121350886,False,False,False,False,-0.26479716574314677,-0.2557437652004883,False,False,False,False,-6888.0,-3703.302537035101,False,False,False,False,913.0717474107086,False,False,False,False
2025-03-19 14:00:00+00:00,5.095,5.095,5.095,5.095,0.0,,,,,,,,,,,,,,,,,,,,,,,,,,5.1574138327017405,5.492722092935748,5.530501126267926,,,,,,,,,,,,,,,,,,,,,,,,,,,,,,,,5.075469107119246,5.0622528202262655,5.076518666193151,5.171132099971317,5.477683317478213,5.477683317478213,5.477683317478213,5.488871086283326,5.547296698091122,5.548302834959362,,,,,5.352579255167988,"rgba(239, 83, 80, 0.5)",0.2567901832200649,5.30676648289055,-0.8246673616376924,51.33807660189456,6.890453899323468,True,False,False,False,False,0.0,0.0,0.0,0.0,0.0,0,0.8208357183743559,1.1402404121350886,False,False,False,False,-0.24757002976107667,-0.25165689748078246,False,False,False,False,-6888.0,-3752.677691499673,False,False,False,False,898.9155962880619,False,False,False,False
2025-03-19 15:00:00+00:00,5.095,5.21,5.095,5.2,100.0,,,,,,,,,,,,,,,,,,,,,,,,,,5.157467309858465,5.492440656938106,5.530197357936674,,,,,,,,,,,,,,,,,,,,,,,,,,,,,,,,5.075731479911849,5.062509916547506,5.076666639805742,5.171128849295763,5.477411069454712,5.477411069454712,5.477411069454712,5.4885919840482025,5.5469838439375545,5.547989468388671,,,,,5.352456978079437,#000000,0.24008084224029017,5.30706501310858,-0.44595400494897114,55.1615256385283,6.890453899323468,True,False,True,False,True,0.0,0.0,0.0,0.0,0.0,0,0.8231638418079095,1.1254237288135593,False,False,False,False,-0.22448788517604093,-0.23807239132841168,False,False,False,False,-6788.0,-3799.7369520965776,False,False,False,False,886.5293079735183,False,False,False,False
2025-03-19 16:00:00+00:00,5.2,5.215,5.18,5.18,200.0,,,,,,,,,,,,,,,,,,,,,,,,,,5.157799036487382,5.491919664767051,5.5296304235573235,,,,,,,,,,,,,,,,,,,,,,,,,,,,,,,,5.076382910977506,5.063132944212634,5.077036129674848,5.171176446731094,5.47690900598564,5.47690900598564,5.47690900598564,5.48807579866604,5.546398145019272,5.547402706648882,,,,,5.352283171130688,"rgba(239, 83, 80, 0.5)",0.222096846013187,5.307733905820969,-0.575127058820931,56.683769371200036,6.890453899323468,True,False,True,False,True,0.0,0.0,0.0,0.0,0.0,0,0.8306636155606405,1.143020594965675,False,False,False,False,-0.20658746894111488,-0.22232993013476327,False,False,False,False,-6988.0,-3849.167386947793,False,False,False,False,875.8854427336187,False,False,False,False
2025-03-19 17:00:00+00:00,5.18,5.195,5.18,5.195,132.0,,,,,,,,,,,,,,,,,,,,,,,,,,5.158003871299375,5.491574894314007,5.529255445798517,,,,,,,,,,,,,,,,,,,,,,,,,,,,,,,,5.076802702047062,5.063535570889332,5.0772751683231805,5.171205194955455,5.476576678951679,5.476576678951679,5.476576678951679,5.487734188241967,5.546010829086498,5.547014691932733,,,,,5.35216481490332,"rgba(239, 83, 80, 0.5)",0.20632328345897755,5.308064901016737,-0.5479987479901494,58.231983635850156,3.255821155653422,True,False,True,False,True,0.0,0.0,0.0,0.0,0.0,0,0.8208955223880595,1.1435132032146955,False,False,False,False,-0.20887477144898933,-0.21560235079187628,False,False,False,False,-6856.0,-3895.7849468400755,False,False,False,False,864.3523350943377,False,False,False,False
2025-03-19 18:00:00+00:00,5.195,5.2,5.15,5.195,1400.0,,,,,,,,,,,,,,,,,,,,,,,,,,5.159499420643161,5.487866400556154,5.525232327741815,,,,,,,,,,,,,,,,,,,,,,,,,,,,,,,,5.080757061538185,5.067382325804976,5.07956660917738,5.171371949599605,5.47299767394822,5.47299767394822,5.47299767394822,5.484058584524237,5.541859198185513,5.5428557857533916,,,,,5.350726360413007,"rgba(239, 83, 80, 0.5)",0.18883056421559066,5.309096441257752,-0.604226554804372,59.26412647895023,4.4960441690276625,True,False,True,False,True,0.0,0.0,0.0,0.0,0.0,0,0.8208357183743559,1.1373783629078418,False,False,False,False,-0.2139034556896584,-0.21475290324076735,False,False,False,False,-6856.0,-3941.6797538658107,False,False,False,False,872.6569500541153,False,False,False,False
2025-03-19 19:00:00+00:00,5.195,5.21,5.14,5.17,1218.0,,,,,,,,,,,,,,,,,,,,,,,,,,5.160220448742636,5.484625602025739,5.521724138871837,,,,,,,,,,,,,,,,,,,,,,,,,,,,,,,,5.083697753668544,5.07030124478825,5.081323707396124,5.171398777438385,5.469866798767064,5.469866798767064,5.469866798767064,5.480845713493383,5.538241686210352,5.539232083239401,,,,,5.349323965551988,"rgba(239, 83, 80, 0.5)",0.16746418199796817,5.308694757504332,-0.8282055054973786,58.37133299248709,4.4960441690276625,True,False,True,False,True,0.0,0.0,0.0,0.0,0.0,0,0.8211243611584325,1.132311186825667,False,False,False,False,-0.21390345568965877,-0.21432817946521304,False,False,False,False,-8074.0,-4005.746734426031,False,False,False,False,878.0111058672298,False,False,False,False
2025-03-20 14:00:00+00:00,5.17,5.175,5.16,5.175,500.0,,,,,,,,,,,,,,,,,,,,,,,,,,5.160425307581661,5.483300438596491,5.520290578085729,,,,,,,,,,,,,,,,,,,,,,,,,,,,,,,,5.08480863625442,5.071416169026264,5.082000646330167,5.171390967228003,5.468586170473246,5.468586170473246,5.468586170473246,5.47953186639165,5.536763765475206,5.53775164923873,,,,,5.348726041202159,"rgba(239, 83, 80, 0.5)",0.149869703168867,5.308408655617028,-0.8901642746747089,58.0236302704318,4.4960441690276625,True,False,True,False,True,0.0,0.0,0.0,0.0,0.0,0,0.8236301369863013,1.1426940639269407,False,False,False,False,-0.21692577358314716,-0.21562697652418011,False,False,False,False,-7574.0,-4061.068490481441,False,False,False,False,872.1504685669627,False,False,False,False
2025-03-20 15:00:00+00:00,5.175,5.205,5.17,5.205,100.0,,,,,,,,,,,,,,,,,,,,,,,,,,5.1605626016938535,5.483056383193617,5.520024272042355,,,,,,,,,,,,,,,,,,,,,,,,,,,,,,,,5.085087304847987,5.071688238750902,5.082170365966441,5.171415443363673,5.468351269009542,5.468351269009542,5.468351269009542,5.479290136491097,5.536488318188016,5.537475681869171,,,,,5.348639427187364,"rgba(239, 83, 80, 0.5)",0.13748326679507233,5.308404148592629,-0.7521217018123354,59.263899663813916,5.262499824490263,True,False,True,False,True,0.0,0.0,0.0,0.0,0.0,0,0.8247422680412371,1.1397479954180987,False,False,False,False,-0.20887477144898933,-0.2122508739865847,False,False,False,False,-7474.0,-4113.982157295682,False,False,False,False,860.1791434729012,False,False,False,False
2025-03-20 16:00:00+00:00,5.205,5.205,5.17,5.185,600.0,,,,,,,,,,,,,,,,,,,,,,,,,,5.161200089543733,5.481567137306134,5.518403080040527,,,,,,,,,,,,,,,,,,,,,,,,,,,,,,,,5.086628565648392,5.073207409364838,5.083117490961458,5.171516838784977,5.466916274686275,5.466916274686275,5.466916274686275,5.477814674442838,5.534812940509735,5.535797223374055,,,,,5.348062636464271,"rgba(239, 83, 80, 0.5)",0.12613049155892997,5.30824860797207,-0.9771515709544885,58.60828999888555,5.262499824490263,True,False,True,False,True,0.0,0.0,0.0,0.0,0.0,0,0.8232265446224254,1.137299771167048,False,False,False,False,-0.20887477144898933,-0.21056282271778703,False,False,False,False,-8074.0,-4175.377782763965,False,False,False,False,856.1453583027787,False,False,False,False
2025-03-20 17:00:00+00:00,5.185,5.2,5.16,5.185,200.0,,,,,,,,,,,,,,,,,,,,,,,,,,5.161365349159567,5.4810656818156485,5.5178580888798985,,,,,,,,,,,,,,,,,,,,,,,,,,,,,,,,5.08710681696189,5.073682993137621,5.0834143347691185,5.171539282239518,5.466432710618365,5.466432710618365,5.466432710618365,5.477317765137532,5.534250072388118,5.535233339171789,,,,,5.347856296578138,"rgba(239, 83, 80, 0.5)",0.12643226295971102,5.308164177975915,-0.9741514949800701,58.17121688893331,5.262499824490263,True,False,True,False,True,0.0,0.0,0.0,0.0,0.0,0,0.8206150341685647,1.137243735763098,False,False,False,False,-0.21189071669363765,-0.21122676970571236,False,False,False,False,-8074.0,-4235.821538069949,False,False,False,False,845.9725620500225,False,False,False,False
2025-03-20 18:00:00+00:00,5.19,5.195,5.18,5.195,400.0,,,,,,,,,,,,,,,,,,,,,,,,,,5.161820427245155,5.480095559888456,5.516800268871413,,,,,,,,,,,,,,,,,,,,,,,,,,,,,,,,5.088132057924804,5.074694203560019,5.084052591394951,5.17162056401902,5.46549864276583,5.46549864276583,5.46549864276583,5.476356804017971,5.5331561818966595,5.53413739510915,,,,,5.347489383248083,"rgba(239, 83, 80, 0.5)",0.1267784120651547,5.308056736361187,-0.8917664649647429,58.50035960631088,5.282881825521727,True,False,True,False,True,0.0,0.0,0.0,0.0,0.0,0,0.8283752860411897,1.138443935926773,False,False,False,False,-0.20887477144898933,-0.21005077057735083,False,False,False,False,-7674.0,-4289.126630502974,False,False,False,False,839.0582587624251,False,False,False,False
2025-03-20 19:00:00+00:00,5.195,5.205,5.17,5.175,2323.0,,,,,,,,,,,,,,,,,,,,,,,,,,5.163638209903486,5.474460388823041,5.5106668091867395,,,,,,,,,,,,,,,,,,,,,,,,,,,,,,,,5.093339691211216,5.0799155528889255,5.0873891919001935,5.171912594405268,5.460068115978051,5.460068115978051,5.460068115978051,5.470773642062899,5.526817545994405,5.527787072608778,,,,,5.3451465420707,"rgba(239, 83, 80, 1.0)",0.1259569853646814,5.306892667895886,-1.047124679222982,56.95835556428755,5.282881825521727,True,False,True,False,False,0.0,0.0,0.0,0.0,0.0,0,0.8321878579610538,1.1311569301260027,False,False,False,False,-0.20887477144898933,-0.20946277101317007,False,False,False,False,-9997.0,-4377.620791270369,False,False,False,False,862.0651074637829,False,False,False,False
2025-03-21 14:00:00+00:00,5.175,5.175,5.085,5.085,700.0,,,,,,,,,,,,,,,,,,,,,,,,,,5.1624305358494125,5.472415261240027,5.508485934161694,,,,,,,,,,,,,,,,,,,,,,,,,,,,,,,,5.093690936749524,5.0804164117415125,5.0876660078390925,5.171488194792143,5.458078448008392,5.458078448008392,5.458078448008392,5.468742622812669,5.524581212892282,5.5255476114818345,,,,,5.34382308258349,"rgba(255, 0, 0, 1.0)",0.12552365987807074,5.305632026658419,-1.757692747906912,50.3383508307089,3.8479347247684643,False,False,False,False,False,0.0,0.0,0.0,0.0,0.0,0,0.8275862068965515,1.1379310344827585,False,False,False,False,-0.23209723760717313,-0.22078000431017158,False,False,False,False,-10697.0,-4475.595662723542,False,False,False,False,859.5524701387629,False,False,False,False
2025-03-21 15:00:00+00:00,5.085,5.085,5.025,5.03,0.0,,,,,,,,,,,,,,,,,,,,,,,,,,5.1624305358494125,5.472415261240027,5.508485934161694,,,,,,,,,,,,,,,,,,,,,,,,,,,,,,,,5.093690936749524,5.0804164117415125,5.0876660078390925,5.171488194792143,5.458078448008392,5.458078448008392,5.458078448008392,5.468742622812669,5.524581212892282,5.5255476114818345,,,,,5.34382308258349,"rgba(255, 26, 202, 1.0)",0.12535445240889986,5.305632026658419,-2.19882119351709,43.74447146034752,-1.9435140522837386,False,True,False,True,False,0.0,0.0,0.0,0.0,0.0,0,0.8122119815668202,1.152073732718894,False,False,False,False,-0.26276560377309005,-0.24177280404163082,False,False,False,False,-10697.0,-4572.051543921626,False,False,False,False,846.2260752528906,False,False,False,False
2025-03-21 16:00:00+00:00,5.03,5.115,5.03,5.085,28081.0,,,,,,,,,,,,,,,,,,,,,,,,,,5.119633187022787,5.398875620935794,5.430294065175385,,,,,,,,,,,,,,,,,,,,,,,,,,,,,,,5.076666666666667,5.086981155026574,5.079050962847695,5.084511092725378,5.14965433121228,5.386428187563275,5.386428187563275,5.386428187563275,5.395684328688343,5.4444596192842205,5.445316014037053,,,,,5.276457971879428,"rgba(239, 83, 80, 1.0)",0.1250633353058931,5.240678770322233,-1.2447994445490926,43.18033299239477,-2.1101636732180893,False,True,False,True,False,0.0,0.0,0.0,0.0,0.0,0,0.8054763262977752,1.1471762692527097,False,False,False,False,-0.2555683136635882,-0.2486705588526095,False,False,False,False,17384.0,-4231.647644015865,False,False,False,False,1268.4706322257139,False,False,False,False
2025-03-21 17:00:00+00:00,5.085,5.13,5.065,5.13,654.0,,,,,,,,,,,,,,,,,,,,,,,,,,5.1195033698128,5.397623630054249,5.4289419925984435,,,,,,,,,,,,,,,,,,,,,,,,,,,,,,,5.077387390522592,5.087175368325407,5.079297213542671,5.0846691728560405,5.149433918405297,5.38521679233051,5.38521679233051,5.38521679233051,5.394442686241086,5.443065125592863,5.4439190573986975,,,,,5.275793521595835,"rgba(239, 83, 80, 0.5)",0.12472575320882981,5.240161157942907,-0.883227040998207,45.35823293343775,-2.1101636732180893,False,True,False,True,True,0.0,0.0,0.0,0.0,0.0,0,0.8108720271800677,1.1443941109852773,False,False,False,False,-0.24477411826057538,-0.24672233855659242,False,False,False,False,18038.0,-3886.381789069882,False,False,False,False,1258.9439557570981,False,False,False,False
2025-03-21 18:00:00+00:00,5.13,5.2,5.13,5.2,82066.0,,,,,,,,,,,,,,,,,,,,,,,,,,5.153254444468426,5.320077597119349,5.341880117241872,,,,,,,,,,,,,,,,,,,,,,,,,,,,,,,5.150919696873975,5.134874844123455,5.1292907790325435,5.126468435000534,5.160353256266937,5.311509956847917,5.311509956847917,5.311509956847917,5.317876810041984,5.351860286602282,5.352468790132929,,,,,5.2481324948177175,#000000,0.12516702354765882,5.2259030141107425,-0.206947591918086,49.9598828371509,-5.475489710745009,False,False,False,False,True,0.0,0.0,0.0,0.0,0.0,0,0.8215090090090087,1.135698198198198,False,False,False,False,-0.2161444873965934,-0.23143341297659292,False,False,False,False,100104.0,-2274.1278078439923,False,False,False,False,2511.7665300864455,False,False,False,False
2025-03-21 19:00:00+00:00,5.2,5.23,5.18,5.22,1323.0,,,,,,,,,,,,,,,,,,,,,,,,,,5.153789482311353,5.319458302680315,5.3411504587616365,,,,,,,,,,,,,,,,,,,,,,,,,,,,,,,5.151616811149561,5.135514872078871,5.129953348060082,5.1270758287760945,5.160672111782648,5.310934867787176,5.310934867787176,5.310934867787176,5.317268821647504,5.351081617073535,5.351687179402118,,,,,5.24800524550609,#000000,0.12539799702409143,5.225915669904086,-0.04717515466335046,53.80298855046111,-2.082202220890423,True,False,True,False,True,0.0,0.0,0.0,0.0,0.0,0,0.8290358744394617,1.1294843049327352,False,False,False,False,-0.19901507308008504,-0.21522424302833898,False,False,False,False,101427.0,-666.3583844665659,False,False,False,False,2493.336041247896,False,False,False,False
2025-03-24 14:00:00+00:00,5.18,5.3,5.18,5.3,700.0,,,,,,,,,,,,,,,,,,,,,,,,,,5.15431670874227,5.319281837877716,5.340913594249068,,,,,,,,,,,,,,,,,,,,,,,,,,,,,,,5.1522892587865465,5.136073491419377,5.130515771025631,5.1275852701506555,5.161008498834837,5.310782644892732,5.310782644892732,5.310782644892732,5.317098554639552,5.3508178613979345,5.35142180516103,,,,,5.248119327640201,"rgba(38, 166, 154, 0.5)",0.12734025498850282,5.226110592404993,0.5802517640763183,58.98406449511411,2.5282900971397453,True,False,True,False,True,0.0,0.0,0.0,0.0,0.0,0,0.8348164627363736,1.1206896551724135,False,False,False,False,-0.18475234798754248,-0.19998829550794073,False,False,False,False,102127.0,927.337094362373,False,False,False,False,2465.532381693665,False,False,False,False
2025-03-24 15:00:00+00:00,5.3,5.335,5.3,5.325,0.0,,,,,,,,,,,,,,,,,,,,,,,,,,5.15431670874227,5.319281837877716,5.340913594249068,,,,,,,,,,,,,,,,,,,,,,,,,,,,,,,5.1522892587865465,5.136073491419377,5.130515771025631,5.1275852701506555,5.161008498834837,5.310782644892732,5.310782644892732,5.310782644892732,5.317098554639552,5.3508178613979345,5.35142180516103,,,,,5.248119327640201,"rgba(38, 166, 154, 0.5)",0.1285418219880066,5.226110592404993,0.7693169901095228,63.121958523609585,6.14545217766603,True,False,True,False,True,0.18920700496498455,0.0,0.0,0.0,0.0,0,0.8460255697609781,1.1167315175097274,False,False,False,False,-0.15342475528562172,-0.17670652539678122,False,False,False,False,102127.0,2496.324116155204,False,False,False,False,2427.307073450352,False,False,False,False
2025-03-24 16:00:00+00:00,5.325,5.46,5.325,5.46,130.0,,,,,,,,,,,,,,,,,,,,,,,,,,5.154556806427386,5.319334566441657,5.3409537324131495,,,,,,,,,,,,,,,,,,,,,,,,,,,,,,,5.152591615465882,5.136305750027222,5.130744077750615,5.127789695892034,5.161168145372496,5.310840455718888,5.310840455718888,5.310840455718888,5.317152581153188,5.35085235964905,5.351455961418458,,,,,5.248244761369128,"rgba(0, 255, 255, 0.75)",0.13464711971239196,5.226255320350896,1.7359797977735103,68.63640960016599,11.054249953704257,True,False,True,False,True,4.491700262233575,0.0,0.0,0.0,0.0,0,0.8493975903614457,1.099671412924425,False,False,False,False,-0.12339029163924611,-0.15004840851801365,False,False,False,False,102257.0,4043.0012616411695,False,False,False,False,2391.689909520889,False,False,False,False
2025-03-24 17:00:00+00:00,5.46,5.57,5.46,5.535,500.0,,,,,,,,,,,,,,,,,,,,,,,,,,5.155852677331751,5.319762349763978,5.341329509978429,,,,,,,,,,,,,,,,,,,,,,,,,,,,,,,5.154218155963356,5.137535983893177,5.131947005317316,5.128864247715181,5.162037549740744,5.311289299071058,5.311289299071058,5.311289299071058,5.3175857397217525,5.351204760450793,5.3518069388254474,,,,,5.249000915422507,"rgba(0, 255, 0, 1.0)",0.14110876898577582,5.227096825397757,2.1820272178356324,73.34987928498641,15.212040943569477,True,False,True,False,True,6.717900502942189,0.0,0.0,0.0,0.0,0,0.8658008658008658,1.0865800865800868,False,False,False,False,-0.07478196331895766,-0.11241518591848565,False,False,False,False,102757.0,5573.450854483942,False,False,False,False,2362.3613837918833,False,False,False,False
2025-03-24 18:00:00+00:00,5.535,5.535,5.49,5.49,135.0,,,,,,,,,,,,,,,,,,,,,,,,,,5.156185125886637,5.3198680325467125,5.341421350003672,,,,,,,,,,,,,,,,,,,,,,,,,,,,,,,5.154635058559074,5.137852447965841,5.132256691857855,5.129141104628973,5.162260724959028,5.3114005844220324,5.3114005844220324,5.3114005844220324,5.317692852627063,5.3512903808907195,5.351892180784999,,,,,5.2491926931411905,"rgba(0, 255, 255, 0.75)",0.1460537047961504,5.227311060827414,1.7985777186496295,73.90911865032922,15.685235541263339,True,False,True,False,True,5.168187689607404,0.0,0.0,0.0,0.0,0,0.8696822832525578,1.08992999461497,False,False,False,False,-0.065891191281863,-0.08915318860017432,False,False,False,False,102622.0,7078.079523406672,False,False,False,False,2327.828649159451,False,False,False,False
2025-03-24 19:00:00+00:00,5.49,5.58,5.49,5.575,320.0,,,,,,,,,,,,,,,,,,,,,,,,,,5.157068212046361,5.32017658180836,5.341696193966966,,,,,,,,,,,,,,,,,,,,,,,,,,,,,,,5.155741059383661,5.138688692098093,5.133073815178723,5.129871205936246,5.162855311707895,5.311722791211593,5.311722791211593,5.311722791211593,5.318004887370628,5.351550061158174,5.352150936872262,,,,,5.249717523654439,"rgba(0, 255, 0, 1.0)",0.15507356580283813,5.227891916840943,2.2383446292862907,75.66313095511991,17.537733288642272,True,False,True,False,True,7.630688974878193,0.0,0.0,0.0,0.0,0,0.8827027027027026,1.0854054054054054,False,False,False,False,-0.04519985684820357,-0.06717652272418895,False,False,False,False,102942.0,8564.341856377112,False,False,False,False,2296.699522815893,False,False,False,False
2025-03-25 14:00:00+00:00,5.61,5.61,5.61,5.61,0.0,,,,,,,,,,,,,,,,,,,,,,,,,,5.157068212046361,5.32017658180836,5.341696193966966,,,,,,,,,,,,,,,,,,,,,,,,,,,,,,,5.155741059383661,5.138688692098093,5.133073815178723,5.129871205936246,5.162855311707895,5.311722791211593,5.311722791211593,5.311722791211593,5.318004887370628,5.351550061158174,5.352150936872262,,,,,5.249717523654439,"rgba(0, 255, 0, 1.0)",0.16445232612390714,5.227891916840943,2.323518871184324,77.32803495684999,19.424193480114937,True,False,True,False,True,8.614294078109797,0.0,0.0,0.0,0.0,0,0.8932038834951456,1.0717367853290183,False,False,False,False,-0.011748133871748176,-0.039462328297968564,False,False,False,False,102942.0,10027.561362479792,False,False,False,False,2261.0917782761117,False,False,False,False
2025-03-25 15:00:00+00:00,5.61,5.61,5.6,5.6,1684.0,,,,,,,,,,,,,,,,,,,,,,,,5.6033333333333335,5.6033333333333335,5.162294838358196,5.322174821619145,5.343512407028015,,,,,,,,,,,,,,,,,,,,,,,,,,,,,,,5.162261743069793,5.143617273452591,5.137884186676548,5.134171367857874,5.166396564564793,5.31379487807005,5.31379487807005,5.31379487807005,5.320021969226291,5.353284246159802,5.353880113373123,,,,,5.296721927016437,"rgba(0, 255, 255, 0.75)",0.172991042834296,5.2596282363741835,1.9675687136694708,77.83497676851957,20.338390731122203,True,False,True,False,True,8.25988864339357,0.0,0.0,0.0,0.0,0,0.8947939262472883,1.073752711496746,False,False,False,False,0.0033788296922770827,-0.01804174930284574,False,False,False,False,101258.0,11441.986767712664,False,False,False,False,2252.1446189229937,False,False,False,False
2025-03-25 16:00:00+00:00,5.6,5.605,5.6,5.605,130.0,,,,,,,,,,,,,,,,,,,,,,,,5.6033333333333335,5.6033333333333335,5.16269323327427,5.322327908035193,5.343651565652196,,,,,,,,,,,,,,,,,,,,,,,,,,,,,,,5.162757230628311,5.143993402144041,5.138251445057469,5.134500082639876,5.166667573181165,5.313953613580518,5.313953613580518,5.313953613580518,5.320176497078427,5.353417127572453,5.354012611508342,,,,,5.296936011511248,"rgba(0, 255, 255, 0.75)",0.18134611772632672,5.259881139142557,1.9030948397708165,78.26077511473723,21.28211616539012,True,False,True,False,True,8.403905237775774,0.0,0.0,0.0,0.0,0,0.9136212624584714,1.069767441860465,False,False,False,False,0.0022525408573532343,-0.007894604222746253,False,False,False,False,101388.0,12836.498600771381,False,False,False,False,2219.243151962947,False,False,False,False
2025-03-25 17:00:00+00:00,5.605,5.605,5.47,5.47,45.0,,,,,,,,,,,,,,,,,,,,,,,,5.601195086964317,5.601195086964317,5.162803359729554,5.322364215134093,5.343683327429157,,,,,,,,,,,,,,,,,,,,,,,,,,,,,,,5.162894150369706,5.144098446954206,5.138354318111026,5.134592342936991,5.166742344379306,5.313991759743756,5.313991759743756,5.313991759743756,5.320213273654463,5.353446845845322,5.3540422053827355,,,,,5.2967250176929035,"rgba(38, 166, 154, 1.0)",0.18447515030777836,5.259735319200093,1.1397994822018092,71.30492729543765,21.28211616539012,True,False,True,False,False,3.7236603534942425,0.0,0.0,0.0,0.0,0,0.8910782703886151,1.060207991242474,False,False,False,False,-0.027037323724792887,-0.01746596397376957,False,False,False,False,101343.0,14208.692420914462,False,False,False,False,2185.5339558084825,False,False,False,False
2025-03-25 18:00:00+00:00,5.47,5.59,5.47,5.575,31.0,,,,,,,,,,,,,,,,,,,,,,,,5.600273368606702,5.600273368606702,5.16288564331567,5.32239311265007,5.343709031275785,,,,,,,,,,,,,,,,,,,,,,,,,,,,,,,5.1629964421109,5.1441766268678,5.138430795613338,5.134660884243796,5.166798270297769,5.314021950534008,5.314021950534008,5.314021950534008,5.320242501265285,5.353471112600444,5.354066384561553,,,,,5.296652712101115,"rgba(0, 255, 255, 0.75)",0.1911218186119677,5.259694522543971,1.6497618102734244,69.4185361365532,26.44263198398113,True,False,True,False,False,6.762680669721966,0.0,0.0,0.0,0.0,0,0.8912452419793363,1.065252854812398,False,False,False,False,-0.03041895564281381,-0.02394245980829169,False,False,False,False,101374.0,15560.092538419663,False,False,False,False,2152.130328586645,False,False,False,False
2025-03-25 19:00:00+00:00,5.575,5.59,5.455,5.56,12035.0,,,,,,,,,,,,,,,,,,,,,,,,5.543859365649312,5.543859365649312,5.191588527980379,5.332592554945676,5.352743166739918,,,,,,,,,,,,,,,,,,,,,,,,,,,,,,,5.1980189151555924,5.171682660725181,5.165415385108292,5.15903710168391,5.186785676161265,5.324692485672826,5.324692485672826,5.324692485672826,5.330562227909694,5.361980566439977,5.362543872626311,,,,,5.3046716777370815,"rgba(38, 166, 154, 1.0)",0.19682886882670422,5.272101578310348,1.46268392134656,67.5003473861634,24.41000023343841,True,False,True,False,False,6.257637744529873,0.0,0.0,0.0,0.0,0,0.8866809881847475,1.0644468313641244,False,False,False,False,-0.026012892347956302,-0.024977676078123998,False,False,False,False,89339.0,16703.951568831762,False,False,False,False,2305.353114189953,False,False,False,False
2025-03-26 14:00:00+00:00,5.56,5.56,5.455,5.46,800.0,,,,,,,,,,,,,,,,,,,,,,,,5.541023769100169,5.541023769100169,5.193119285067527,5.333098216307929,5.353177927645992,,,,,,,,,,,,,,,,,,,,,,,,,,,,,,,5.1998451679441935,5.173172682347601,5.1668844230062065,5.1603779782150445,5.187881852842258,5.325226728258045,5.325226728258045,5.325226728258045,5.331075191141997,5.362383415262991,5.362944780156873,,,,,5.305105540182067,"rgba(38, 166, 154, 0.5)",0.19986261046793968,5.272774303158718,0.936771997538356,62.30373129702638,19.38341611922624,True,False,True,False,False,2.98088266118981,0.0,0.0,0.0,0.0,0,0.8935828877005346,1.0657754010695186,False,False,False,False,-0.03243244022840563,-0.028705058153264813,False,False,False,False,88539.0,17817.673249935146,False,False,False,False,2282.0143062180155,False,False,False,False
2025-03-26 15:00:00+00:00,5.46,5.46,5.455,5.455,100.0,,,,,,,,,,,,,,,,,,,,,,,,5.540454749859472,5.540454749859472,5.193287228799986,5.333147296397359,5.353218395299246,,,,,,,,,,,,,,,,,,,,,,,,,,,,,,,5.20004466574487,5.173337599354667,5.167047434483897,5.160527200691663,5.1880025980249025,5.325279275857705,5.325279275857705,5.325279275857705,5.3311251573152765,5.362420010505697,5.362981140151795,,,,,5.305117878378839,"rgba(38, 166, 154, 0.5)",0.20285185203460726,5.272820403732225,0.8980918559062243,58.661475382277985,15.931018867016576,False,False,True,False,False,2.820772367333433,0.0,0.0,0.0,0.0,0,0.9000540248514314,1.0734737979470557,False,False,False,False,-0.05563630113633071,-0.04217067964479776,False,False,False,False,88439.0,18912.577540633825,False,False,False,False,2248.184627051845,False,False,False,False
2025-03-26 16:00:00+00:00,5.455,5.455,5.38,5.38,100.0,,,,,,,,,,,,,,,,,,,,,,,,5.539547180346175,5.539547180346175,5.193422055370872,5.333175824204911,5.353238635771392,,,,,,,,,,,,,,,,,,,,,,,,,,,,,,,5.20020375056274,5.173472286013841,5.167181214908434,5.160650264696752,5.188100035173585,5.325311134200519,5.325311134200519,5.325311134200519,5.331154536500526,5.362436531154377,5.362997435310756,,,,,5.305066270810131,"rgba(38, 166, 154, 0.5)",0.20418144642219427,5.272809024276815,0.5249790203833795,53.70203842585835,11.298253410874153,False,True,False,False,False,0.44965236361938565,0.0,0.0,0.0,0.0,0,0.8821007502679528,1.0734190782422293,False,False,False,False,-0.04736098278289611,-0.04476583121384693,False,False,False,False,88339.0,19988.956183414695,False,False,False,False,2214.8794390355374,False,False,False,False
2025-03-26 17:00:00+00:00,5.38,5.38,5.32,5.32,240.0,,,,,,,,,,,,,,,,,,,,,,,,5.536389163644357,5.536389163644357,5.193645744577128,5.3331823206100015,5.353226228040032,,,,,,,,,,,,,,,,,,,,,,,,,,,,,,5.34,5.200463687497095,5.1737043251413235,5.167414087707084,5.160866680074076,5.188263555286431,5.325325208770005,5.325325208770005,5.325325208770005,5.331162971026873,5.36241565818274,5.362976050719164,,,,,5.306827956615334,#000000,0.20507140044207922,5.273346207571345,0.2275002381028367,48.68226496080177,6.685678453100017,False,True,False,True,False,0.0,0.0,0.0,0.0,0.0,0,0.9024122807017542,1.0833333333333333,False,False,False,False,-0.06333457054842448,-0.054050200881135706,False,False,False,False,88099.0,21044.925854989662,False,False,False,False,2184.2611531590173,False,False,False,False
2025-03-26 18:00:00+00:00,5.32,5.42,5.32,5.405,100.0,,,,,,,,,,,,,,,,,,,,,,,,5.535375586854461,5.535375586854461,5.193765224593198,5.333201544486254,5.353237330127155,,,,,,,,,,,,,,,,,,,,,,,,,,,,,5.381666666666666,5.352254901960784,5.200603965710334,5.173824994245904,5.167534313835517,5.1609776376290855,5.188350265641463,5.325347693637967,5.325347693637967,5.325347693637967,5.331183028651843,5.362423117558775,5.362983289504431,,,,,5.311600029735235,"rgba(38, 166, 154, 0.5)",0.2070594857296496,5.276740931034466,0.6194310225081788,48.55952729298574,6.515685057034432,False,True,False,True,False,1.207411044135533,0.0,0.0,0.0,0.0,0,0.9059080962800872,1.0547045951859955,False,False,False,False,-0.05229764983631184,-0.05317392535872377,False,False,False,False,88199.0,22086.074291346413,False,False,False,False,2151.947026753451,False,False,False,False
2025-03-26 19:00:00+00:00,5.405,5.405,5.355,5.355,691.0,,,,,,,,,,,,,,,,,,,,,,,,5.528285911255955,5.528285911255955,5.19454298132952,5.333306642941876,5.353286907806887,,,,,,,,,,,,,,,,,,,,,,,,,,,,,5.372930889169828,5.3652651147752985,5.201514174976578,5.174615071200702,5.168322778029316,5.161706712872543,5.188916431270189,5.325475074224131,5.325475074224131,5.325475074224131,5.331293824559181,5.362447800934426,5.363006466016719,,,,,5.311341824503742,#000000,0.20826550968059704,5.276672960382219,0.376092228319066,46.95650586286776,4.724475793286572,False,True,False,True,False,0.0,0.0,0.0,0.0,0.0,0,0.9054644808743167,1.0562841530054643,False,False,False,False,-0.04678412673665541,-0.04997902604768959,False,False,False,False,87508.0,23100.367713186002,False,False,False,False,2129.2966852533973,False,False,False,False
2025-03-27 14:00:00+00:00,5.355,5.49,5.33,5.48,304.0,,,,,,,,,,,,,,,,,,,,,,,,5.526510660106602,5.526510660106602,5.195001378706457,5.333426736281156,5.353381531585833,,,,,,,,,,,,,,,,,,,,,,,,,,,,,5.389700152207002,5.380765293383271,5.202055571346992,5.175068816248981,5.1687723419808815,5.1621196059802985,5.189248080699877,5.3256054113500575,5.3256054113500575,5.3256054113500575,5.3314165361224966,5.362530979041945,5.3630889494179455,,,,,5.31313408484814,"rgba(38, 166, 154, 0.5)",0.21066497034325865,5.278373054463809,0.9570976380537286,49.82338323782734,4.724475793286572,False,True,False,False,False,3.33319654700437,0.0,0.0,0.0,0.0,0,0.9099294628323383,1.046120455778622,False,False,False,False,-0.030259256951467955,-0.04011914149957877,False,False,False,False,87812.0,24103.6488339118,False,False,False,False,2100.9975118386155,False,False,False,False
2025-03-27 15:00:00+00:00,5.48,5.49,5.48,5.49,300.0,,,,,,,,,,,,,,,,,,,,,,,,5.525788848631241,5.525788848631241,5.195552866383882,5.33360808244972,5.353536835141334,,,,,,,,,,,,,,,,,,,,,,,,,,,,,5.410553166069295,5.4001967380224265,5.202710005186416,5.175607180154652,5.169303632808365,5.162605721703529,5.189645805473836,5.325797249904054,5.325797249904054,5.325797249904054,5.331600563176973,5.362674558775716,5.3632318160331325,,,,,5.315544245464107,"rgba(38, 166, 154, 0.5)",0.2129388526195989,5.280640701776042,0.983189754468927,52.00930042312831,4.724475793286572,False,True,True,False,True,3.6152513744388592,0.0,0.0,0.0,0.0,0,0.926089354660783,1.0529509100937673,False,False,False,False,0.011000415278776722,-0.014559363110401024,False,False,False,False,88112.0,25096.02637137053,False,False,False,False,2073.075069794606,False,False,False,False
2025-03-27 16:00:00+00:00,5.49,5.505,5.49,5.495,576.0,,,,,,,,,,,,,,,,,,,,,,,,5.524809951758482,5.524809951758482,5.196642070205625,5.333977736670867,5.35385632756298,,,,,,,,,,,,,,,,,,,,,,,,,,,,,5.435718755284966,5.425328659731645,5.204002073079221,5.176668704413779,5.170350734955213,5.163563669311879,5.190432072418149,5.326187118565294,5.326187118565294,5.326187118565294,5.331975382132797,5.362971461068647,5.363527343709949,,,,,5.318733124986587,"rgba(38, 166, 154, 0.5)",0.21496746034924755,5.2837034175677475,0.9829235647524,53.61664834790269,4.724475793286572,False,True,True,False,True,3.758303292700777,0.0,0.0,0.0,0.0,0,0.934380257992148,1.0521592821088053,False,False,False,False,0.017876875146808666,0.0016587560182038212,False,False,False,False,88688.0,26081.948443132227,False,False,False,False,2049.8646035962397,False,False,False,False
2025-03-27 17:00:00+00:00,5.495,5.495,5.495,5.495,0.0,,,,,,,,,,,,,,,,,,,,,,,,5.524809951758482,5.524809951758482,5.196642070205625,5.333977736670867,5.35385632756298,,,,,,,,,,,,,,,,,,,,,,,,,,,,,5.435718755284966,5.425328659731645,5.204002073079221,5.176668704413779,5.170350734955213,5.163563669311879,5.190432072418149,5.326187118565294,5.326187118565294,5.326187118565294,5.331975382132797,5.362971461068647,5.363527343709949,,,,,5.318733124986587,"rgba(38, 166, 154, 0.5)",0.21606482594120982,5.2837034175677475,0.9779314217935007,54.68821363108561,4.724475793286572,False,True,True,False,True,3.758303292700777,0.0,0.0,0.0,0.0,0,0.9351015801354402,1.0485327313769752,False,False,False,False,0.016501468736782935,0.009080112377493378,False,False,False,False,88688.0,27052.58490137824,False,False,False,False,2018.083757028856,False,False,False,False
2025-03-27 18:00:00+00:00,5.495,5.5,5.495,5.5,306.0,,,,,,,,,,,,,,,,,,,,,,,,5.524345449680848,5.524345449680848,5.197220707479069,5.3341754394240795,5.354027452528688,,,,,,,,,,,,,,,,,,,,,,,,,,,,,5.444133362611624,5.434204078929943,5.204687757738172,5.177232711429957,5.17090711533664,5.164072882906169,5.190850405377807,5.326395531324516,5.326395531324516,5.326395531324516,5.332175821291231,5.363130615486096,5.363685769663082,,,,,5.319910089640988,"rgba(38, 166, 154, 0.5)",0.21737475424662372,5.28486491817993,0.9896967224445357,55.58813838137812,-0.8608828827623682,False,True,True,False,True,3.906645626009251,0.0,0.0,0.0,0.0,0,0.9325779036827196,1.0487252124645892,False,False,False,False,0.017876875146808666,0.013478493762151022,False,False,False,False,88994.0,28012.916918411134,False,False,False,False,1991.5398228113545,False,False,False,False
2025-03-27 19:00:00+00:00,5.5,5.59,5.48,5.59,1660.0,,,,,,,,,,,,,,,,,,,,,,,,5.526864551704883,5.526864551704883,5.200887803990413,5.335596286084014,5.355299899875264,,,,,,,,,,,,,,,,,,,,,,,,,,,,,5.490176530353061,5.481547761551353,5.209038914074775,5.180776440115489,5.174394316423594,5.167258634403511,5.193502540233839,5.327876266318678,5.327876266318678,5.327876266318678,5.333611965210137,5.364336107770335,5.364887179213196,,,,,5.327148460092487,"rgba(38, 166, 154, 1.0)",0.2194224195432054,5.291999677467257,1.3581124624964085,59.12905064455484,2.841595536575923,False,False,True,False,True,6.525469806825072,0.0,0.0,0.0,0.0,0,0.9285714285714283,1.0493197278911564,False,False,False,False,0.03851900838975079,0.025998751075950906,False,False,False,False,90654.0,28984.096501071424,False,False,False,False,1986.3996705197055,False,False,False,False
2025-03-28 14:00:00+00:00,5.59,5.59,5.495,5.495,100.0,,,,,,,,,,,,,,,,,,,,,,,,5.526863521160991,5.526863521160991,5.201089771010664,5.335670880409353,5.355365782550139,,,,,,,,,,,,,,,,,,,,,,,,,,,,,5.4910804227561725,5.482602681006936,5.2092775327859195,5.180972658717101,5.174587718575859,5.167435742021957,5.193649320210416,5.327954372812811,5.327954372812811,5.327954372812811,5.333687456822954,5.364398062451897,5.364948894602591,,,,,5.327353171371243,"rgba(38, 166, 154, 0.5)",0.219160457898551,5.292218758675441,0.9252638147818911,57.134075583559905,2.841595536575923,False,False,True,False,True,3.4142730514551154,0.0,0.0,0.0,0.0,0,0.9311717861205915,1.0494880546075085,False,False,False,False,0.04265081205740789,0.034324781566679397,False,False,False,False,90554.0,29938.668648341634,False,False,False,False,1957.1531640000203,False,False,False,False
2025-03-28 15:00:00+00:00,5.495,5.495,5.44,5.44,8.0,,,,,,,,,,,,,,,,,,,,,,,,5.526834981780325,5.526834981780325,5.201102528655825,5.335674711306483,5.355368949357407,,,,,,,,,,,,,,,,,,,,,,,,,,,,,5.491015657189947,5.4825573706728905,5.20929250019406,5.180985245566862,5.174600180434395,5.167447209355802,5.19365864869231,5.327958470847088,5.327958470847088,5.327958470847088,5.333691355997156,5.364400930452673,5.364951744447754,,,,,5.32734957824586,"rgba(38, 166, 154, 0.5)",0.21684365605469616,5.292217877456125,0.6815146231744016,53.7864327604167,2.841595536575923,False,True,True,False,False,1.685412621677905,0.0,0.0,0.0,0.0,0,0.9238203524729962,1.05287094940307,False,False,False,False,0.0013749732519043156,0.017849877409291857,False,False,False,False,90546.0,30878.317196429358,False,False,False,False,1926.933735100795,False,False,False,False
2025-03-28 16:00:00+00:00,5.44,5.505,5.44,5.505,3400.0,,,,,,,,,,,,,,,,,,,,,,,,5.5202933805100995,5.5202933805100995,5.206928397820018,5.337608949711174,5.357019996179883,,,,,,,,,,,,,,,,,,,,,,,,,,,,,5.48750727557645,5.482900672305357,5.2161174757115605,5.186706244968073,5.180257284980571,5.172652272947562,5.197933547463,5.330006681658399,5.330006681658399,5.330006681658399,5.335654721937091,5.365924423781413,5.36646747958295,,,,,5.32912697494225,"rgba(38, 166, 154, 0.5)",0.21709936696160886,5.294862888384057,0.9679305589734984,53.874125722123544,2.841595536575923,False,True,True,False,False,3.584231407030753,0.0,0.0,0.0,0.0,0,0.9204288939051919,1.0496613995485327,False,False,False,False,0.004124995552501892,0.010987436480896874,False,False,False,False,93946.0,31856.110728267664,False,False,False,False,1949.771971765899,False,False,False,False
2025-03-28 17:00:00+00:00,5.505,5.505,5.49,5.495,601.0,,,,,,,,,,,,,,,,,,,,,,,,5.519681616474949,5.519681616474949,5.207981755710413,5.337976398685401,5.357337761909452,,,,,,,,,,,,,,,,,,,,,,,,,,,,,5.4881914408815975,5.483899147155845,5.217347129035394,5.1877395208750485,5.181278815747534,5.173593278599535,5.198710801142327,5.330394126589332,5.330394126589332,5.330394126589332,5.336027281232316,5.366219795958262,5.366761488951597,,,,,5.329645012700144,"rgba(38, 166, 154, 0.5)",0.21811281071545144,5.295515661028892,0.9145924914577991,53.531615957746055,2.841595536575923,False,True,True,False,False,3.2660118280413144,0.0,0.0,0.0,0.0,0,0.9261971830985914,1.0495774647887322,False,False,False,False,0.017876875146808666,0.01443215581385277,False,False,False,False,93345.0,32809.4268410077,False,False,False,False,1928.8607784051874,False,False,False,False
2025-03-28 18:00:00+00:00,5.495,5.5,5.49,5.49,252.0,,,,,,,,,,,,,,,,,,,,,,,,5.519398627626478,5.519398627626478,5.208416080790508,5.338126740064594,5.3574673941823985,,,,,,,,,,,,,,,,,,,,,,,,,,,,,5.488347593797703,5.484177598188491,5.217853407778391,5.188166074920099,5.1817006784474025,5.173982164777123,5.199031869793538,5.330552801103673,5.330552801103673,5.330552801103673,5.336179752376046,5.366340094488428,5.3668812195241005,,,,,5.329840351538489,"rgba(38, 166, 154, 0.5)",0.21899428187852674,5.295768636215084,0.886924362219895,53.08547584944788,2.841595536575923,False,True,True,False,False,3.104645735614419,0.0,0.0,0.0,0.0,0,0.9261971830985913,1.051267605633803,False,False,False,False,0.016501468736782935,0.015466812275317852,False,False,False,False,93093.0,33744.05588223239,False,False,False,False,1902.8629368795255,False,False,False,False
2025-03-28 19:00:00+00:00,5.49,5.505,5.49,5.505,1335.0,,,,,,,,,,,,,,,,,,,,,,,,5.518354302766353,5.518354302766353,5.2107484167071085,5.338952365306297,5.358183530607255,,,,,,,,,,,,,,,,,,,,,,,,,,,,,5.4899624554482855,5.486317059995273,5.220568957106225,5.190455012811066,5.1839640604165655,5.176069336811683,5.200759429811363,5.331422486044262,5.331422486044262,5.331422486044262,5.337016638221994,5.367006868178067,5.3675449886828,,,,,5.331029176876082,"rgba(38, 166, 154, 0.5)",0.21926211226262957,5.297250328730272,0.9474946178612356,53.42638635195443,2.841595536575923,False,True,True,False,False,3.5555689965710613,0.0,0.0,0.0,0.0,0,0.9263217097862766,1.049493813273341,False,False,False,False,0.017876875146808666,0.01667184371106326,False,False,False,False,94428.0,34684.892225143514,False,False,False,False,1894.0588603387578,False,False,False,False
2025-03-31 14:00:00+00:00,5.605,5.605,5.54,5.54,1800.0,,,,,,,,,,,,,,,,,,,,,,,,5.5212854349951135,5.5212854349951135,5.214492676305134,5.340473510863546,5.359552737332015,,,,,,,,,,,,,,,,,,,,,,,,,,,,,5.501251494212659,5.497936120391787,5.224938674466989,5.194092876509467,5.187550960829934,5.179369302549667,5.203531161912241,5.333004871939768,5.333004871939768,5.333004871939768,5.3385534306758,5.368307437335523,5.36884137066196,,,,,5.334470957769791,"rgba(38, 166, 154, 1.0)",0.2207226052502655,5.300976440752665,1.0829138183482345,55.109130507317,2.841595536575923,False,True,True,False,False,4.606764388748726,0.0,0.0,0.0,0.0,0,0.9284516489659025,1.0469536053661261,False,False,False,False,0.059194008041130265,0.037932925876096764,False,False,False,False,96228.0,35639.04893483121,False,False,False,False,1892.600583434281,False,False,False,False
2025-03-31 15:00:00+00:00,5.54,5.68,5.54,5.68,100.0,,,,,,,,,,,,,,,,,,,,,,,,5.52170512148226,5.52170512148226,5.214740806126417,5.340584593248929,5.3596550450601965,,,,,,,,,,,,,,,,,,,,,,,,,,,,,5.502396745570682,5.499086185905603,5.2252291256243755,5.194331887717159,5.187786027283129,5.179585036211909,5.203714463617058,5.3331194976234855,5.3331194976234855,5.3331194976234855,5.338665418056475,5.368405773171907,5.368939463618586,,,,,5.3347716281693,"rgba(0, 255, 255, 0.75)",0.22481688244130296,5.301286957509109,1.6845400504553683,60.380680376839635,5.821923001373676,True,False,True,False,True,8.594731078994297,0.0,0.0,0.0,0.0,0,0.9275041505257333,1.040398450470393,False,False,False,False,0.09787653357135591,0.06790472972372634,False,False,False,False,96328.0,36579.962904833825,False,False,False,False,1864.8083263267727,False,False,False,False
2025-03-31 16:00:00+00:00,5.68,5.68,5.68,5.68,0.0,,,,,,,,,,,,,,,,,,,,,,,,5.52170512148226,5.52170512148226,5.214740806126417,5.340584593248929,5.3596550450601965,,,,,,,,,,,,,,,,,,,,,,,,,,,,,5.502396745570682,5.499086185905603,5.2252291256243755,5.194331887717159,5.187786027283129,5.179585036211909,5.203714463617058,5.3331194976234855,5.3331194976234855,5.3331194976234855,5.338665418056475,5.368405773171907,5.368939463618586,,,,,5.3347716281693,"rgba(0, 255, 255, 0.75)",0.22787694245117662,5.301286957509109,1.6619190972866051,63.895046956521384,9.062829247867754,True,False,True,False,True,8.594731078994297,0.0,0.0,0.0,0.0,0,0.9492470719464581,1.0362520914668154,False,False,False,False,0.1592231482534991,0.11356393898861272,False,False,False,False,96328.0,37506.28906134803,False,False,False,False,1835.8965693294583,False,False,False,False
2025-03-31 17:00:00+00:00,5.68,5.77,5.68,5.73,116.0,,,,,,,,,,,,,,,,,,,,,,,,5.5225918052758525,5.5225918052758525,5.21509236400951,5.340754391020053,5.359814066385032,,,,,,,,,,,,,,,,,,,,,,,,,,,,,5.504630011159756,5.501306670031122,5.225642467826864,5.194667690829662,5.188115449408102,5.1798864528712905,5.203973048472398,5.333293657454744,5.333293657454744,5.333293657454744,5.338836329437261,5.368559905597982,5.369093296261973,,,,,5.335302040345941,"rgba(0, 255, 255, 0.75)",0.2318613479747769,5.301818708494684,1.8467126808556986,67.39459999144685,12.230701074406717,True,False,True,False,True,9.96485090813631,0.0,0.0,0.0,0.0,0,0.9523809523809524,1.0182724252491697,False,False,False,False,0.19063227032615387,0.1520981046573833,False,False,False,False,96444.0,38420.0520216372,False,False,False,False,1809.2315062390792,False,False,False,False
2025-03-31 18:00:00+00:00,5.73,5.835,5.73,5.835,137.0,,,,,,,,,,,,,,,,,,,,,,,,5.52400195416373,5.52400195416373,5.21556637405453,5.340992806482379,5.360039206096765,,,,,,,,,,,,,,,,,,,,,,,,,,,,,5.5080633802816905,5.504709379677366,5.226201086184863,5.195118334085034,5.188556896654624,5.180289695479578,5.204320917702962,5.333537455689818,5.333537455689818,5.333537455689818,5.339076118653355,5.368779013013846,5.369312033060752,,,,,5.336091195379148,"rgba(0, 255, 0, 1.0)",0.23832656073032515,5.302600620627812,2.23390702966849,71.60484348173577,16.014200198980973,True,False,True,False,True,12.71849817232151,0.0,0.0,0.0,0.0,0,0.9594520547945204,1.0082191780821916,False,False,False,False,0.22682525505777437,0.18946167985757884,False,False,False,False,96581.0,39321.77214533275,False,False,False,False,1783.3054363749072,False,False,False,False
2025-03-31 19:00:00+00:00,5.835,5.91,5.78,5.91,379.0,,,,,,,,,,,,,,,,,,,,,,,,5.528753872423468,5.528753872423468,5.217022819515514,5.341746684627825,5.360755035037426,,,,,,,,,,,,,,,,,,,,,,,,,,,,,5.519235648719002,5.5157679699046085,5.227919708201464,5.196498532224186,5.189907606439168,5.181522221169334,5.205388626600317,5.334306782414461,5.334306782414461,5.334306782414461,5.339833938456798,5.3694775298021185,5.37000948448319,,,,,5.338639660959514,"rgba(0, 255, 0, 1.0)",0.24605124713403087,5.305110818524453,2.458386976376705,75.41165587370969,19.390840689010318,True,False,True,False,True,14.583009991085774,0.0,0.0,0.0,0.0,0,0.9653116531165311,1.0021680216802167,False,False,False,False,0.2682938632599106,0.22887777155874472,False,False,False,False,96960.0,40215.38808106402,False,False,False,False,1761.533259066769,False,False,False,False
2025-04-01 14:00:00+00:00,5.92,6.01,5.92,6.01,712.0,,,,,,,,,,,,,,,,,,,,,,,,5.54021123077289,5.54021123077289,5.220215661727683,5.343461629419418,5.362394388279316,,,,,,,,,,,,,,,,,,,,,,,,,,,,,5.544712407134166,5.540966811516861,5.231692004048345,5.199512031965196,5.192853103646883,5.184206788432841,5.207727353682016,5.336052482355684,5.336052482355684,5.336052482355684,5.341556727268148,5.3710824180219445,5.371612246504638,,,,,5.3444763044589045,"rgba(0, 255, 0, 1.0)",0.2556969454802375,5.3108281073722425,2.7343771796515077,78.98986084513572,22.57674775343719,True,False,True,False,True,16.94751134689619,0.0,0.0,0.0,0.0,0,0.9795698924731181,0.9919354838709679,False,False,False,False,0.34282818708289103,0.2858529793208179,False,False,False,False,97672.0,41106.18826585372,False,False,False,False,1745.2614255928656,False,False,False,False
2025-04-01 15:00:00+00:00,6.01,6.01,6.01,6.01,0.0,,,,,,,,,,,,,,,,,,,,,,,,5.54021123077289,5.54021123077289,5.220215661727683,5.343461629419418,5.362394388279316,,,,,,,,,,,,,,,,,,,,,,,,,,,,,5.544712407134166,5.540966811516861,5.231692004048345,5.199512031965196,5.192853103646883,5.184206788432841,5.207727353682016,5.336052482355684,5.336052482355684,5.336052482355684,5.341556727268148,5.3710824180219445,5.371612246504638,,,,,5.3444763044589045,"rgba(0, 255, 0, 1.0)",0.2628427920513112,5.3108281073722425,2.6600382957858226,81.37533082608641,24.729124599481295,True,False,True,False,True,16.94751134689619,0.0,0.0,0.0,0.0,0,0.9962018448182309,0.991318502441671,False,False,False,False,0.3428281897291463,0.3143405845249821,False,False,False,False,97672.0,41983.177595065295,False,False,False,False,1718.2031089170073,False,False,False,False
2025-04-01 16:00:00+00:00,6.01,6.09,5.95,5.95,2600.0,,,,,,,,,,,,,,,,,,,,,,,5.996666666666665,5.578941866283752,5.578941866283752,5.231902228551469,5.349808497704167,5.368467354571982,,,,,,,,,,,,,,,,,,,,,,,,,,,,,5.620636751308393,5.616351402939491,5.245451397776563,5.210553072516576,5.203648956961196,5.194060667126924,5.216330763659954,5.34251077888742,5.34251077888742,5.34251077888742,5.347932015820141,5.377030449860734,5.377552568798175,,,,,5.396937308604853,"rgba(0, 255, 0, 1.0)",0.26656138687545944,5.3624571081362,2.204156043569459,79.44759872591382,24.729124599481295,True,False,True,False,True,14.753045749746036,0.0,0.0,0.0,0.0,0,0.9929881337648326,0.9795037756202803,False,False,False,False,0.3428281902892004,0.3285843874070913,False,False,False,False,95072.0,42806.26011297126,False,False,False,False,1731.874378546201,False,False,False,False
2025-04-01 17:00:00+00:00,5.95,6.09,5.82,5.9,5195.0,,,,,,,,,,,,,,,,,,,,,,5.936666666666667,5.956679495403036,5.630798336914364,5.630798336914364,5.252478222751743,5.360984965961707,5.379133513283036,,,,,,,,,,,,,,,,,,,,,,,,,,,,,5.700057001418988,5.695924748150982,5.269431092205022,5.230106757968618,5.222805949626051,5.211630876528195,5.2316915349366715,5.3538944188945505,5.3538944188945505,5.3538944188945505,5.359161345987922,5.387464005024225,5.387971790668395,,,,5.936666666666667,5.4452733948546825,"rgba(0, 255, 255, 0.75)",0.2680265214791468,5.4153798825617825,1.8081050888686874,75.56650980354941,24.729124599481295,True,False,True,False,False,12.967770996071646,-1.0,6.09,5.82,0.0,0,0.9795597484276729,0.9711740041928719,False,False,False,False,0.30168853157964876,0.31513645949337,False,False,False,False,89877.0,43536.03902594844,False,False,False,False,1785.5662486462597,False,False,False,False
2025-04-01 18:00:00+00:00,5.9,5.955,5.9,5.94,1000.0,,,,,,,,,,,,,,,,,,,,,,5.935859564164649,5.953835512601857,5.6389658947978045,5.6389658947978045,5.256273886299536,5.363069411926566,5.381122874541546,,,,,,,,,,,,,,,,,,,,,,,,,,,,,5.710744047619047,5.7066833242059145,5.2738241479044214,5.23372466862287,5.226354156238528,5.214895353037095,5.234553049597263,5.356017434205291,5.356017434205291,5.356017434205291,5.361255635017896,5.389410018475477,5.389915133578534,,,,5.935859564164649,5.448875243802134,"rgba(0, 255, 255, 0.75)",0.2711860835144147,5.419322885866598,1.919999387084058,73.88975881575952,30.77952969035809,True,False,True,False,False,13.958926826470702,0.0,0.0,0.0,0.0,0,0.9879391714735187,0.991609858416361,False,False,False,False,0.28458449600309765,0.2998604777482338,False,False,False,False,90877.0,44270.00741314304,False,False,False,False,1773.3869269618217,False,False,False,False
2025-04-01 19:00:00+00:00,5.94,6.0,5.9,5.95,2400.0,,,,,,,,,,,,,,,,,,,,,,5.9398080279232115,5.9530132499627815,5.657990841977387,5.657990841977387,5.2654553191645785,5.368169811343529,5.385996457774099,,,,,,,,,,,,,,,,,,,,,,,,,,,,,5.734598080757727,5.730702739387957,5.284420716179332,5.242481402997593,5.2349442740792025,5.22280796410829,5.241504282431306,5.361209835353026,5.361209835353026,5.361209835353026,5.366379513958143,5.394180151273416,5.394678890845925,,,,5.9398080279232115,5.4579376036100475,"rgba(0, 255, 255, 0.75)",0.2757721020194889,5.429198457095874,1.8885214968819488,73.00084694213581,29.703621655290064,True,False,True,False,False,14.206722684365843,0.0,0.0,0.0,0.0,0,0.997373949579832,0.9831932773109243,False,False,False,False,0.29856620505154446,0.29921334139988914,False,False,False,False,93277.0,45029.80574782299,False,False,False,False,1783.1018583267546,False,False,False,False
2025-04-02 14:00:00+00:00,5.95,6.04,5.95,6.04,218.0,,,,,,,,,,,,,,,,,,,,,,5.941544309542722,5.954101755308274,5.659935791830357,5.659935791830357,5.266349317382331,5.3686760323541955,5.3864816618039075,,,,,,,,,,,,,,,,,,,,,,,,,,,,,5.737069781803211,5.733184875662454,5.285452094363736,5.243332765144769,5.235779075550812,5.223576868218442,5.242181905204901,5.361724588891115,5.361724588891115,5.361724588891115,5.366887912178167,5.39465575859349,5.395153905990868,,,,5.941544309542722,5.458973668471817,"rgba(0, 255, 0, 1.0)",0.27980113594421074,5.430311296458638,2.1790072491447194,74.23979745257924,29.703621655290064,True,False,True,False,False,16.391702462553912,0.0,0.0,0.0,0.0,0,1.016350210970464,0.966772151898734,False,False,False,False,0.32687965732681434,0.3130464993633517,False,False,False,False,93495.0,45781.20410832186,False,False,False,False,1758.8367132364172,False,False,False,False
2025-04-02 15:00:00+00:00,6.04,6.04,6.04,6.04,0.0,,,,,,,,,,,,,,,,,,,,,,5.941544309542722,5.954101755308274,5.659935791830357,5.659935791830357,5.266349317382331,5.3686760323541955,5.3864816618039075,,,,,,,,,,,,,,,,,,,,,,,,,,,,,5.737069781803211,5.733184875662454,5.285452094363736,5.243332765144769,5.235779075550812,5.223576868218442,5.242181905204901,5.361724588891115,5.361724588891115,5.361724588891115,5.366887912178167,5.39465575859349,5.395153905990868,,,,5.941544309542722,5.458973668471817,"rgba(0, 255, 0, 1.0)",0.28281377376398337,5.430311296458638,2.1557956510638903,75.06576445954153,29.703621655290064,True,False,True,False,False,16.391702462553912,0.0,0.0,0.0,0.0,0,1.0389957264957266,0.9524572649572649,False,False,False,False,0.34282819138070997,0.32793734537203084,False,False,False,False,93495.0,46520.952881836245,False,False,False,False,1731.5679269846896,False,False,False,False
2025-04-02 16:00:00+00:00,6.04,6.06,6.04,6.06,0.0,,,,,,,,,,,,,,,,,,,,,,5.941544309542722,5.954101755308274,5.659935791830357,5.659935791830357,5.266349317382331,5.3686760323541955,5.3864816618039075,,,,,,,,,,,,,,,,,,,,,,,,,,,,,5.737069781803211,5.733184875662454,5.285452094363736,5.243332765144769,5.235779075550812,5.223576868218442,5.242181905204901,5.361724588891115,5.361724588891115,5.361724588891115,5.366887912178167,5.39465575859349,5.395153905990868,,,,5.941544309542722,5.458973668471817,"rgba(0, 255, 0, 1.0)",0.28699761432915344,5.430311296458638,2.194055532528507,76.01193628158944,29.703621655290064,True,False,True,False,False,16.875083425898318,0.0,0.0,0.0,0.0,0,1.0702247191011236,0.9421348314606742,False,False,False,False,0.3428281919126482,0.3353827686423395,False,False,False,False,93495.0,47249.23268211785,False,False,False,False,1704.7219126128339,False,False,False,False
2025-04-02 17:00:00+00:00,6.06,6.065,6.055,6.055,150.0,,,,,,,,,,,,,,,,,,,,,,5.943498828517238,5.955453890282222,5.661444682910409,5.661444682910409,5.267003107584045,5.3690501020313475,5.3868409254030745,,,,,,,,,,,,,,,,,,,,,,,,,,,,,5.739041530278232,5.735161061588331,5.286207284026212,5.243954330447103,5.236388230608711,5.224137521361779,5.2426767723723495,5.3621046747782675,5.3621046747782675,5.3621046747782675,5.367263516735295,5.3950082560837735,5.39550598556198,,,,5.943498828517238,5.459819736651866,"rgba(0, 255, 0, 1.0)",0.29401688374636364,5.431212434738055,2.1216045735661253,76.27575363016909,29.703621655290064,True,False,True,False,True,16.68218471586515,0.0,0.0,0.0,0.0,0,1.0675675675675675,0.9279279279279278,False,False,False,False,0.34282819243568363,0.3391054805390116,False,False,False,False,93345.0,47963.89574130982,False,False,False,False,1680.6176969134099,False,False,False,False
2025-04-02 18:00:00+00:00,6.055,6.055,6.005,6.005,300.0,,,,,,,,,,,,,,,,,,,,,,5.946030443700745,5.957128326168198,5.664152779518023,5.664152779518023,5.268247017497591,5.369757292483149,5.387519129049568,,,,,,,,,,,,,,,,,,,,,,,,,,,,,5.7424686742118025,5.738601881505204,5.28764172962149,5.245138778190113,5.237549610217173,5.225207384055863,5.243620297286205,5.362823634855176,5.362823634855176,5.362823634855176,5.367973710326434,5.395673220900923,5.396170133278652,,,,5.946030443700745,5.461275204604734,"rgba(0, 255, 255, 0.75)",0.3006501963088254,5.432774063378498,1.9032947380274314,72.93991195821799,28.06789782586823,True,False,True,False,False,14.759162536786711,0.0,0.0,0.0,0.0,0,1.061120543293718,0.9371816638370118,False,False,False,False,0.32434557170702444,0.331725526123018,False,False,False,False,93045.0,48662.82759028176,False,False,False,False,1659.2127713798686,False,False,False,False
2025-04-02 19:00:00+00:00,5.99,6.02,5.93,5.98,2213.0,,,,,,,,,,,,,,,,,,,,,,5.951938247937725,5.960200104196267,5.680573151621636,5.680573151621636,5.2767571748842395,5.374570167202989,5.392125730942498,,,,,,,,,,,,,,,,,,,,,,,,,,,,,5.761697708356522,5.757975888402653,5.297414475272442,5.253265886522686,5.245526095487032,5.232570652238081,5.250111872310571,5.367720165232062,5.367720165232062,5.367720165232062,5.37280793551675,5.400185676532215,5.400676784047937,,,,5.951938247937725,5.469606559939503,"rgba(0, 255, 255, 0.75)",0.3062161104617146,5.441842159657293,1.7574445692333744,69.13372125248034,24.335556694944216,True,False,True,False,False,13.808778431056908,0.0,0.0,0.0,0.0,0,1.0479413423575856,0.9419063733784545,False,False,False,False,0.29099933610579737,0.31136243111440765,False,False,False,False,90832.0,49316.61320903708,False,False,False,False,1667.798619885607,False,False,False,False
2025-04-03 14:00:00+00:00,5.98,5.98,5.75,5.75,100.0,,,,,,,,,,,,,,,,,,,,,,5.9508560815480305,5.959258135816403,5.680919197182877,5.680919197182877,5.277055521496245,5.3747321149249085,5.392279211184697,,,,,,,,,,,,,,,,,,,,,,,,,,,,,5.761937862713931,5.758227567508152,5.297753463526488,5.253553602550335,5.245809356229172,5.232833587079031,5.250342496073304,5.36788553467278,5.36788553467278,5.36788553467278,5.372970757128953,5.400335302709766,5.40082617345949,,,,5.9508560815480305,5.46971331161665,"rgba(38, 166, 154, 1.0)",0.30617250628297477,5.441976822189971,1.0060445385822596,57.86546823543063,14.033319289781645,False,True,True,False,False,5.779386205309116,0.0,0.0,0.0,0.0,0,1.0281612368856987,0.9442297073440089,False,False,False,False,0.2260756534060696,0.2687190422602386,False,False,False,False,90732.0,49958.712229052006,False,False,False,False,1643.4916645385433,False,False,False,False
2025-04-03 15:00:00+00:00,5.75,5.75,5.75,5.75,331.0,,,,,,,,,,,,,,,,,,,,,,5.945272528764592,5.954483582638266,5.681456595141289,5.681456595141289,5.2779033125733354,5.375176539901418,5.392696932386921,,,,,,,,,,,,,,,,,,,,,,,,,,,,,5.761793565585743,5.758128982044599,5.2987102289432295,5.254376764767271,5.2466214905365325,5.233590096002426,5.25100317315746,5.368340729170793,5.368340729170793,5.368340729170793,5.373417933640777,5.400740889349904,5.401231016223855,,,,5.945272528764592,5.469654120715564,"rgba(38, 166, 154, 1.0)",0.30613004361479806,5.442001601035804,1.006103142727635,50.3532995573975,7.643903428985567,False,True,False,True,False,5.779386205309116,0.0,0.0,0.0,0.0,0,1.0311804008908687,0.970489977728285,False,False,False,False,0.16014163360731248,0.21443033793377556,False,False,False,False,90732.0,50590.85622550081,False,False,False,False,1623.1429565612016,False,False,False,False
2025-04-03 16:00:00+00:00,5.75,5.775,5.75,5.775,12837.0,,,,,,,,,,,,,,,,,,,,,,5.852613158745554,5.866310464209088,5.701206020775407,5.701206020775407,5.309673784434755,5.392367928938758,5.408899304629766,,,,,,,,,,,,,,,,,,,,,,,,,,,,,5.76334887247955,5.760837720273844,5.334193596975692,5.285329431459115,5.277198371876082,5.262208439976132,5.276156773038059,5.38593061709369,5.38593061709369,5.38593061709369,5.3907111569389174,5.416493421059987,5.416955962572882,,,,5.852613158745554,5.478675114022003,"rgba(38, 166, 154, 1.0)",0.3040652194146055,5.454071626140264,1.0554590047411416,46.537899796617126,4.636981292451416,False,True,False,True,False,6.480519929454754,0.0,0.0,0.0,0.0,0,1.05042492917847,0.9603399433427761,False,False,False,False,0.16723205925770257,0.19083119859573905,False,False,False,False,103569.0,51412.22279564808,False,False,False,False,1797.0012052966867,False,False,False,False
2025-04-03 17:00:00+00:00,5.75,5.775,5.75,5.75,737.0,,,,,,,,,,,,,,,,,,,,,,5.849886255118192,5.863476549980413,5.701956209278431,5.701956209278431,5.311341907808,5.393288252629378,5.409766331122559,,,,,,,,,,,,,,,,,,,,,,,,,,,,,5.7632586226541,5.760792918750101,5.336032021423417,5.286964541734872,5.2788170460043995,5.263732890562134,5.27750334403171,5.3868723800439,5.3868723800439,5.3868723800439,5.391636961204075,5.417336196822509,5.417797251824335,,,,5.849886255118192,5.479308032517937,"rgba(38, 166, 154, 0.5)",0.30255783454281554,5.454862777918068,0.9754737388569144,43.234353531910955,1.8572520739000709,False,True,False,True,False,5.646978033188159,0.0,0.0,0.0,0.0,0,1.0500284252416148,0.9465605457646387,False,False,False,False,0.16723205925770257,0.1790316289267208,False,False,False,False,102832.0,52209.428643777566,False,False,False,False,1780.5670780827845,False,False,False,False
2025-04-03 18:00:00+00:00,5.75,5.76,5.75,5.76,130.0,,,,,,,,,,,,,,,,,,,,,,5.8494130777140025,5.8629843559840715,5.702082644481183,5.702082644481183,5.311633770934792,5.3934493702186606,5.409918091263967,,,,,,,,,,,,,,,,,,,,,,,,,,,,,5.763237766095534,5.760779939347013,5.336353376978017,5.28725077228131,5.279100447392591,5.263999915271774,5.277739266177588,5.387037261243712,5.387037261243712,5.387037261243712,5.391799040921373,5.417483699250334,5.417944493280169,,,,5.8494130777140025,5.479418222790235,"rgba(38, 166, 154, 1.0)",0.3005717224895828,5.455000663014703,1.0147306421876319,41.574696733022144,0.35388792275966807,False,True,False,True,False,5.935356832972115,0.0,0.0,0.0,0.0,0,1.0496858937749856,0.9480296973158193,False,False,False,False,0.1629758494002721,0.17100373916349645,False,False,False,False,102962.0,52996.29021519187,False,False,False,False,1754.976890825687,False,False,False,False
2025-04-03 19:00:00+00:00,5.76,5.76,5.43,5.435,5340.0,,,,,,,,,,,,,,,,,,,,,,5.796317351081817,5.811843213813796,5.688174873768123,5.688174873768123,5.317664266006852,5.3961005670988875,5.412243834710745,,,,,,,,,,,,,,,,,,,,,,,,,,,,,5.73775336722093,5.7357078369189445,5.342600445199104,5.293463728283386,5.285344896438284,5.270043948861975,5.2829713136307905,5.389818375024841,5.389818375024841,5.389818375024841,5.394483498311089,5.419662161718233,5.420113995711412,,,,5.796317351081817,5.473105964880851,#000000,0.2969461685676739,5.449474057676875,-0.048743035637373325,34.29180916634,-6.451851240284782,False,True,False,True,False,0.0,0.0,0.0,0.0,0.0,0,1.012742382271468,0.9506925207756233,False,False,False,False,0.07331093723098814,0.1221573381972423,False,False,False,False,97622.0,53688.161684723775,False,False,False,False,1810.5586444562964,False,False,False,False
2025-04-04 14:00:00+00:00,4.9,5.04,4.83,4.83,4112.0,,,,,,,,,,,,,,,,,,,,,,5.691202074361387,5.712289293648054,5.6388487177535955,5.6388487177535955,5.309399656410305,5.389360199438956,5.40537408842446,,,,,,,,,,,,,,,,,,,,,,,,,,,,,5.669592665875214,5.668034921885256,5.332467754926305,5.2862013367387695,5.278414863312456,5.263943679382068,5.277213125643699,5.3831272361842455,5.3831272361842455,5.3831272361842455,5.38775585392727,5.412735982989648,5.413184557463203,,,,5.691202074361387,5.446212459924348,"rgba(255, 0, 0, 1.0)",0.30353520656031985,5.42245800432019,-1.9518592621724566,26.12544113191243,-13.866461076676472,False,True,False,True,False,0.0,0.0,0.0,0.0,0.0,0,0.9835456475583862,1.009023354564756,False,False,False,False,-0.300028742296373,-0.08893570204956536,False,False,False,False,93510.0,54305.55452682108,False,False,False,False,1846.2399057825553,False,False,False,False
2025-04-04 15:00:00+00:00,4.83,4.86,4.83,4.85,290.0,,,,,,,,,,,,,,,,,,,,,,5.684274366154686,5.705675045450952,5.6353676541152105,5.6353676541152105,5.308754797465272,5.388840685198453,5.404846150671335,,,,,,,,,,,,,,,,,,,,,,,,,,,,,5.664897632631647,5.663370798250766,5.331684657743389,5.285629926495749,5.277867959884335,5.263459105015516,5.276757063281894,5.3826109036801055,5.3826109036801055,5.3826109036801055,5.387237163234974,5.412204390214417,5.412652755253872,,,,5.684274366154686,5.444336025810899,"rgba(255, 0, 0, 1.0)",0.30900377559720493,5.4205696186575825,-1.8464810585399976,21.233965839897134,-18.18798750440373,False,True,False,True,False,0.0,0.0,0.0,0.0,0.0,0,0.9698600645855757,1.036598493003229,False,False,False,False,-0.34282825441539394,-0.21588197823247965,False,False,False,False,93800.0,54917.87151090137,False,False,False,False,1822.1121553053063,False,False,False,False
2025-04-04 16:00:00+00:00,4.85,4.85,4.665,4.665,700.0,,,,,,,,,,,,,,,,,,,,,,5.665681589141911,5.687945351374191,5.6258303471024815,5.6258303471024815,5.306803315197609,5.3873141296078595,5.403302839383361,,,,,,,,,,,,,,,,,,,,,,,,,,,,,5.652152403130862,5.65070529907926,5.329339678707743,5.283881378730935,5.276187746220864,5.261958636983794,5.275354154901784,5.381090528302514,5.381090528302514,5.381090528302514,5.385712215102418,5.410653941093608,5.411101908400647,,,,5.665681589141911,5.439151343308469,"rgba(255, 26, 202, 1.0)",0.32044116548991486,5.415334550020529,-2.3415672854433685,17.360040261091413,-21.732875118412494,False,True,False,True,False,0.0,0.0,0.0,0.0,0.0,0,0.9522788203753353,1.0364611260053622,False,False,False,False,-0.34282825441539394,-0.2793551163239368,False,False,False,False,93100.0,55509.84249522848,False,False,False,False,1804.7150676261542,False,False,False,False
2025-04-04 17:00:00+00:00,4.665,4.67,4.64,4.67,170.0,,,,,,,,,,,,,,,,,,,,,,5.6609617738269415,5.683444135349319,5.623374785014581,5.623374785014581,5.306277121637012,5.386907152191017,5.402892270901838,,,,,,,,,,,,,,,,,,,,,,,,,,,,,5.648890006447453,5.647462713387242,5.328710231191063,5.283407772582956,5.275731922590452,5.261550277007388,5.274973262453957,5.380684851493342,5.380684851493342,5.380684851493342,5.385305577254586,5.41024186412984,5.410689749226118,,,,5.6609617738269415,5.43781249773432,"rgba(255, 26, 202, 1.0)",0.3312157104468949,5.4139806395297345,-2.246211807181229,14.923816367420965,-24.15117571006569,False,True,False,True,False,0.0,0.0,0.0,0.0,0.0,0,0.9362272240085742,1.0557341907824223,False,False,False,False,-0.34282825441539394,-0.31109168536966536,False,False,False,False,93270.0,56095.27129375206,False,False,False,False,1779.3706479730356,False,False,False,False
2025-04-04 18:00:00+00:00,4.67,4.715,4.54,4.6,4298.0,,,,,,,,,,,,,,,,,,,,,,5.550371782532514,5.57728133237479,5.562673744314695,5.562673744314695,5.292412698189411,5.37618577853365,5.3920868928979635,,,,,,,,,,,,,,,,,,,,,,,,,,,,,5.569791956855602,5.568811301966642,5.31221286850523,5.270883664345999,5.263662607251986,5.250704367453532,5.264855645538098,5.369993577465772,5.369993577465772,5.369993577465772,5.3745920799330085,5.399401472299371,5.3998474737795,,,,5.550371782532514,5.4049215071742,"rgba(255, 26, 202, 1.0)",0.3452849326059265,5.380683363158942,-2.260983001102849,13.061494457971381,-26.252794832179806,False,True,False,True,False,0.0,0.0,0.0,0.0,0.0,0,0.9361362426822775,1.0494944119212346,False,False,False,False,-0.34282825441539394,-0.3269599698925296,False,False,False,False,88972.0,56604.988017879936,False,False,False,False,1818.419165058725,False,False,False,False
2025-04-04 19:00:00+00:00,4.6,4.73,4.435,4.67,8737.0,,,,,,,,,,,,,,,,,,,,,,5.383871587694722,5.414595240850013,5.45868189403421,5.45868189403421,5.265621476179536,5.355104099598964,5.370832582622368,,,,,,,,,,,,,,,,,,,,,,,,,,,,4.611666666666666,5.440477974305502,5.440106835962549,5.280631919398307,5.246579182420723,5.240205111944754,5.22952592648788,5.24501793659622,5.348974249970921,5.348974249970921,5.348974249970921,5.3535266895892075,5.378074661799599,5.378516718498972,,,,5.383871587694722,5.314221007076055,"rgba(255, 0, 0, 1.0)",0.3561814878011585,5.287522695394167,-1.7337304619798344,14.057829258817826,-26.252794832179806,False,True,False,True,False,0.0,0.0,0.0,0.0,0.0,0,0.926943005181347,1.0393782383419687,False,False,False,False,-0.34282825441539394,-0.3348941121539618,False,False,False,False,97709.0,57242.2595214787,False,False,False,False,1925.6839842051013,False,False,False,False
2025-04-07 14:00:00+00:00,4.67,4.97,4.67,4.875,1094.0,,,,,,,,,,,,,,,,,,,,,,5.372018655333121,5.402689542730522,5.450302738474455,5.450302738474455,5.263526165983101,5.353325931470918,5.3690228517463465,,,,,,,,,,,,,,,,,,,,,,,,,,,,4.636890279049265,5.430471043663633,5.430142401630619,5.278149275964625,5.244703175536606,5.238402811654922,5.227909281616576,5.2434772405641334,5.347208097273511,5.347208097273511,5.347208097273511,5.351751626658942,5.376251115633697,5.376692371808726,,,,5.372018655333121,5.311316835229295,"rgba(239, 83, 80, 1.0)",0.3614720030776984,5.284539580684655,-1.1329773182921283,20.210166678740446,-26.252794832179806,False,True,False,True,True,0.0,0.0,0.0,0.0,0.0,0,0.9510842158345939,1.0151285930408473,False,False,False,False,-0.22776728371956545,-0.28133069793676363,False,False,False,False,98803.0,57886.61208703717,False,False,False,False,1912.789658868588,False,False,False,False
2025-04-07 15:00:00+00:00,4.875,4.985,4.85,4.865,603.0,,,,,,,,,,,,,,,,,,,,,,5.366432800183167,5.397029533501384,5.446236013578931,5.446236013578931,5.262546245384401,5.352467782797193,5.368145898965596,,,,,,,,,,,,,,,,,,,,,,,,,,,,4.6520958724682115,5.425655984063905,5.425347647188225,5.276982948519908,5.243832293556455,5.237568359641231,5.227164052910809,5.242761507191888,5.346357164720251,5.346357164720251,5.346357164720251,5.350895339882124,5.375365879596808,5.375806651403711,,,,5.366432800183167,5.310078205646364,"rgba(239, 83, 80, 1.0)",0.3668560485535914,5.2832786083956655,-1.1401709472825061,24.19631691525101,-35.83765417593615,False,True,False,True,True,0.0,0.0,0.0,0.0,0.0,0,0.9719999999999999,1.0124999999999997,False,False,False,False,-0.18234995150276226,-0.23184032471976296,False,False,False,False,98200.0,58511.62585312961,False,False,False,False,1892.4828424520206,False,False,False,False
2025-04-07 16:00:00+00:00,4.865,4.865,4.75,4.75,3061.0,,,,,,,,,,,,,,,,,,,,,,5.333672831506713,5.3641197717959574,5.422448065550017,5.422448065550017,5.256144886568265,5.347098364852625,5.362694433779227,,,,,,,,,,,,,,,,,,,,,,,,,,,,4.682997900456958,5.397583449652004,5.3973852647479195,5.26945019397315,5.238064456523837,5.232014632412631,5.222159131555807,5.2380049275401985,5.341018784170086,5.341018784170086,5.341018784170086,5.345533953327149,5.369878655921696,5.370317369467493,,,,5.333672831506713,5.299765367032949,"rgba(239, 83, 80, 1.0)",0.37458244621044867,5.272628076816657,-1.395228425955212,25.55541715463043,-34.168284208561374,False,True,False,True,True,0.0,0.0,0.0,0.0,0.0,0,0.962056914628058,1.0294558162755867,False,False,False,False,-0.23365357309046464,-0.2327469489051138,False,False,False,False,95139.0,59079.492118972565,False,False,False,False,1910.5993875302836,False,False,False,False
2025-04-07 17:00:00+00:00,4.76,4.815,4.73,4.79,1455.0,,,,,,,,,,,,,,,,,,,,,,5.319106319818763,5.34944257891202,5.411564843093764,5.411564843093764,5.2530985536966766,5.344536732939804,5.3600944539579665,,,,,,,,,,,,,,,,,,,,,,,,,,,,4.6922763656633215,5.384883882092049,5.384732562604183,5.265877711785037,5.235313884811127,5.22936419921624,5.2197660120885105,5.235729193958347,5.3384716505456495,5.3384716505456495,5.3384716505456495,5.342976073509981,5.3672619626704305,5.367699714429565,,,,5.319106319818763,5.294795468570404,"rgba(239, 83, 80, 1.0)",0.38114735510862596,5.267495018722997,-1.2527832407151611,27.543025883683672,-31.791915671968752,False,True,False,True,True,0.0,0.0,0.0,0.0,0.0,0,0.9590409590409592,1.0344655344655347,False,False,False,False,-0.25022154777379985,-0.2414842483394568,False,False,False,False,96594.0,59661.112396197794,False,False,False,False,1903.5358311344653,False,False,False,False
2025-04-07 18:00:00+00:00,4.79,4.79,4.465,4.49,18571.0,,,,,,,,,,,,,,,,,,,,,,5.134143841783492,5.1634040299922574,5.264340443620801,5.264340443620801,5.202572137690702,5.3030668885454375,5.318264133035874,,,,,,,,,,,,,,,,,,,,,,,,,,,,4.630997384724004,5.218253927471635,5.218579455356379,5.207749211243422,5.188939792176039,5.18441959020079,5.178678745368347,5.196855611099734,5.297133787655079,5.297133787655079,5.297133787655079,5.301540611115672,5.325278031177249,5.325707252171914,,,,5.134143841783492,5.215168233017132,"rgba(255, 0, 0, 1.0)",0.39617447698736347,5.184872150606715,-1.7539548632479893,25.965862365968807,-31.791915671968752,False,True,False,True,True,0.0,0.0,0.0,0.0,0.0,0,0.9344978165938864,1.030082484230956,False,False,False,False,-0.3204330982631779,-0.28095867330131735,False,False,False,False,78023.0,59945.79282416371,False,False,False,False,2161.946128326179,False,False,False,False
2025-04-07 19:00:00+00:00,4.49,4.5,4.455,4.5,13125.0,,,,,,,,,,,,,,,,,,,,,,5.036400281452078,5.064213315212345,5.177514790890339,5.177514790890339,5.166336000923396,5.27280039915096,5.287775970405559,,,,,,,,,,,,,,,,,,,,,,,,,,,,4.58991742771799,5.12449337840822,5.124996095926804,5.166811159829332,5.155328610146061,5.1517221129917745,5.148485193181202,5.168159602034059,5.266947771147972,5.266947771147972,5.266947771147972,5.271295123004373,5.294695734037304,5.295119766039726,,,,5.036400281452078,5.165448717413609,"rgba(255, 0, 0, 1.0)",0.4099570621330819,5.13344705477285,-1.5451546351632737,25.17822234754718,-31.791915671968752,False,True,False,True,True,0.0,0.0,0.0,0.0,0.0,0,0.9309178743961353,1.0579710144927539,False,False,False,False,-0.34282825441539394,-0.31189346385835565,False,False,False,False,91148.0,60429.547974176676,False,False,False,False,2331.91595579399,False,False,False,False
2025-04-08 14:00:00+00:00,4.5,4.885,4.5,4.77,19816.0,,,,,,,,,,,,,,,,,,,,,,4.97748611150058,5.001667503171111,5.111399333938843,5.111399333938843,5.134599155363939,5.243467167153005,5.2579658743074145,,,,,,,,,,,,,,,,,,,,,,,,,,,,4.628205315318026,5.058770142631607,5.059320225482205,5.131479806573531,5.12594459582198,5.123149437065822,5.121960355370229,5.142352919037074,5.237796997689501,5.237796997689501,5.237796997689501,5.242008999883294,5.264674554942813,5.2650862104454585,,,,4.97748611150058,5.129253715953061,"rgba(239, 83, 80, 0.5)",0.4161725322226005,5.096913645437252,-0.7855243201451706,30.700592239932664,-27.449958618540677,False,True,False,True,True,0.0,0.0,0.0,0.0,0.0,0,0.9401589527816736,1.0210378681626926,False,False,False,False,-0.2451261789441004,-0.27850982140122804,False,False,False,False,110964.0,61213.02785054603,False,False,False,False,2602.9870262467966,False,False,False,False
2025-04-08 15:00:00+00:00,4.77,4.83,4.63,4.83,1516.0,,,,,,,,,,,,,,,,,,,,,,4.9744938663029155,4.998415317269582,5.107607007759515,5.107607007759515,5.132597893154887,5.241531745926234,5.255992800032279,,,,,,,,,,,,,,,,,,,,,,,,,,,,4.631218850216246,5.055157490159385,5.055707839569781,5.129274273858921,5.124088798639736,5.121343710138019,5.12027646748495,5.140696652359857,5.235876087035868,5.235876087035868,5.235876087035868,5.240077319839187,5.262684699379159,5.26309536210415,,,,4.9744938663029155,5.127118826812473,"rgba(239, 83, 80, 0.5)",0.42109279754483925,5.094787773333467,-0.628810976766401,35.47040090141773,-22.737299574690816,False,True,False,True,True,0.0,0.0,0.0,0.0,0.0,0,0.955576122165664,1.0277649236464599,False,False,False,False,-0.22859209363034239,-0.2535509575157852,False,False,False,False,112480.0,62007.86462805694,False,False,False,False,2586.1345142119626,False,False,False,False
2025-04-08 16:00:00+00:00,4.83,4.83,4.6,4.6,700.0,,,,,,,,,,,,,,,,,,,,,,4.972584700104091,4.996400772815498,5.105449856146146,5.105449856146146,5.131465916157697,5.240482326348804,5.254927716845089,,,,,,,,,,,,,,,,,,,,,,,,,,,,4.631682076744615,5.053032433400707,5.0535837816345905,5.128025701149426,5.123033973579598,5.120315670577045,5.119316780552027,5.139762241061388,5.2348326496086495,5.2348326496086495,5.2348326496086495,5.239029445393574,5.261612679688006,5.262022935895663,,,,4.972584700104091,5.1258417530031455,"rgba(239, 83, 80, 1.0)",0.43087591491524446,5.0934988032367565,-1.1453385676798171,35.73003538288227,-22.211896277614922,False,True,False,True,True,0.0,0.0,0.0,0.0,0.0,0,0.9569399908382958,1.026568941823179,False,False,False,False,-0.23519051428730195,-0.24437073590154357,False,False,False,False,111780.0,62779.525641575434,False,False,False,False,2556.8921186427847,False,False,False,False
2025-04-08 17:00:00+00:00,4.6,4.8,4.6,4.79,583.0,,,,,,,,,,,,,,,,,,,,,,4.9712964481123185,4.995018775248704,5.103891096488729,5.103891096488729,5.1306374775093655,5.239693676552687,5.254125178213505,,,,,,,,,,,,,,,,,,,,,,,,,,,,4.632509661521877,5.051528925399904,5.052080587627523,5.127113318628203,5.122263759103642,5.119565575688853,5.118616583475755,5.139076173737237,5.234049336321266,5.234049336321266,5.234049336321266,5.238242172301339,5.260803962908942,5.261213854688372,,,,4.9712964481123185,5.124938872983785,"rgba(239, 83, 80, 0.5)",0.43529913086672745,5.0925948411355515,-0.6951423048629859,39.15822055686698,-18.638760312617528,False,True,False,True,True,0.0,0.0,0.0,0.0,0.0,0,0.957714799820063,1.0179937022042287,False,False,False,False,-0.24180910726937843,-0.243089921585461,False,False,False,False,112363.0,63548.26167814016,False,False,False,False,2526.2891400591757,False,False,False,False
2025-04-08 18:00:00+00:00,4.79,4.89,4.79,4.89,400.0,,,,,,,,,,,,,,,,,,,,,,4.97088030107761,4.994528086633208,5.103188874055558,5.103188874055558,5.130250136962093,5.2392881080451525,5.2537086980098575,,,,,,,,,,,,,,,,,,,,,,,,,,,,4.633796792083568,5.050908636335903,5.051459728300727,5.126688643926517,5.121907133266197,5.119219390739175,5.118293740538298,5.138752127533441,5.233648008422533,5.233648008422533,5.233648008422533,5.237837695308362,5.2603825882279365,5.260792187825727,,,,4.97088030107761,5.124572179437738,#000000,0.43727275179166425,5.092241264380651,-0.46250598408429533,42.940083558996676,-14.830435869673302,False,False,False,True,True,0.0,0.0,0.0,0.0,0.0,0,0.9750334373606776,1.0098082924654481,False,False,False,False,-0.18075845950584774,-0.21192419054565437,False,False,False,False,112763.0,64311.280876928686,False,False,False,False,2493.323416957483,False,False,False,False
2025-04-08 19:00:00+00:00,4.89,4.9,4.745,4.745,5724.0,,,,,,,,,,,,,,,,,,,,,,4.962276787511718,4.9849711125737635,5.091216461500668,5.091216461500668,5.123635072354314,5.232681542248603,5.246956665935402,,,,,,,,,,,,,,,,,,,,,,,,,,,,4.646163538281268,5.03983200515541,5.040379328334206,5.119435831378437,5.115775613917214,5.113253815673693,5.1127196684813,5.133225899919474,5.227097716952378,5.227097716952378,5.227097716952378,5.231245627499507,5.253565495773848,5.2539712285998945,,,,4.962276787511718,5.1178007289284055,"rgba(239, 83, 80, 0.5)",0.4424634152942691,5.085571961534983,-0.7697177885508992,43.45050252118894,-14.043302704432172,False,False,False,True,True,0.0,0.0,0.0,0.0,0.0,0,0.9826512455516012,1.008896797153025,False,False,False,False,-0.18830843896160196,-0.20011631475362818,False,False,False,False,107039.0,64973.72613465072,False,False,False,False,2543.4114259969015,False,False,False,False
2025-04-09 14:00:00+00:00,4.745,4.745,4.56,4.56,200.0,,,,,,,,,,,,,,,,,,,,,,4.961690064825819,4.984359004599598,5.0905765212018785,5.0905765212018785,5.123287507775113,5.232363049876814,5.246634064653711,,,,,,,,,,,,,,,,,,,,,,,,,,,,4.646098718881613,5.039196413417132,5.0397440633779125,5.119053897139409,5.11545035393298,5.1129363462289845,5.112422491058407,5.132937313836991,5.226780785465386,5.226780785465386,5.226780785465386,5.230927538727534,5.253241079916456,5.253646706904401,,,,4.961690064825819,5.1174040006644175,"rgba(239, 83, 80, 1.0)",0.4521219440065338,5.085170038474312,-1.1615672396266687,41.62126047485841,-14.043302704432172,False,False,False,True,True,0.0,0.0,0.0,0.0,0.0,0,0.9675580885576502,1.0118369136343708,False,False,False,False,-0.2629088104409502,-0.2315125625972892,False,False,False,False,106839.0,65622.80014806699,False,False,False,False,2507.0794659039266,False,False,False,False
2025-04-09 15:00:00+00:00,4.56,4.56,4.49,4.51,117.0,,,,,,,,,,,,,,,,,,,,,,4.961245421875761,4.983901769859369,5.0901219714250034,5.0901219714250034,5.123043241534761,5.232145893747501,5.246414821940044,,,,,,,,,,,,,,,,,,,,,,,,,,,,4.645903829048991,5.038735168311819,5.0392831716436755,5.118785123005618,5.1152211394097336,5.112712421887106,5.112212828385185,5.1327351012984845,5.22656440984715,5.22656440984715,5.22656440984715,5.230710585048069,5.25302092582423,5.253426500530615,,,,4.961245421875761,5.117115957892496,"rgba(239, 83, 80, 1.0)",0.4631743975248606,5.084875917758744,-1.2411651439086462,39.8626473071333,-14.043302704432172,False,True,False,True,False,0.0,0.0,0.0,0.0,0.0,0,0.9623797025371829,1.0293088363954506,False,False,False,False,-0.32075515268127086,-0.27613385763928,False,False,False,False,106722.0,66259.99704499618,False,False,False,False,2470.0239703085167,False,False,False,False
2025-04-09 16:00:00+00:00,4.51,4.51,4.44,4.44,100.0,,,,,,,,,,,,,,,,,,,,,,4.96081737919414,4.9834640341509475,5.0896954830515195,5.0896954830515195,5.122815020329845,5.231945634686,5.246212930210657,,,,,,,,,,,,,,,,,,,,,,,,,,,4.463333333333333,4.6456629772301525,5.038298596358118,5.038846978188427,5.118533870757531,5.115006731548268,5.112502882575906,5.112016611479864,5.132546401875528,5.2263647548667,5.2263647548667,5.2263647548667,5.230510483024899,5.252818326500386,5.253223861099786,,,,4.96081737919414,5.0871382401475875,"rgba(239, 83, 80, 1.0)",0.4756960570981579,5.04644499000195,-1.2748581388321496,37.92842086559166,-14.043302704432172,False,True,False,True,False,0.0,0.0,0.0,0.0,0.0,0,0.9624125874125873,1.0305944055944056,False,False,False,False,-0.34282825441539394,-0.309481056027337,False,False,False,False,106622.0,66885.76453267066,True,False,False,False,2433.2794126293147,True,False,False,False
2025-04-09 17:00:00+00:00,4.44,4.93,4.44,4.93,856.0,,,,,,,,,,,,,,,,,,,,,,4.959399095969983,4.981914692892743,5.087824891817355,5.087824891817355,5.121763485811127,5.230910512477315,5.2451569435011995,,,,,,,,,,,,,,,,,,,,,,,,,,4.766666666666667,4.734937238493724,4.6470141624705406,5.036545815241426,5.037093830263263,5.117383072886818,5.114028764905307,5.111550276093757,5.11112498529638,5.131665658982964,5.225337686935629,5.225337686935629,5.225337686935629,5.229477436739355,5.251753017743807,5.252157999302212,,,,4.959399095969983,5.084008978268704,#000000,0.47847334172212136,5.0360529521169575,-0.22164861209456715,43.91848166873571,-12.86462101804279,False,False,False,True,True,0.0,0.0,0.0,0.0,0.0,0,0.9650820361800589,0.9915860328144722,False,False,False,False,-0.24748727127580195,-0.27848416365156947,False,False,False,False,107478.0,67515.10151666024,False,False,False,False,2408.825468247465,False,False,False,False
2025-04-09 18:00:00+00:00,4.93,5.07,4.93,5.055,821.0,,,,,,,,,,,,,,,,,,,,,,4.959809138418079,4.982162617468213,5.087441066454971,5.087441066454971,5.121471419776229,5.23045788747517,5.244678897905016,,,,,,,,,,,,,,,,,,,,,,,,,,4.889873782548202,4.8658703807915975,4.65094881623838,5.036433792588485,5.036978643952027,5.11707334321078,5.113771776604584,5.111304657370114,5.110895778424978,5.131404603718815,5.224895051985668,5.224895051985668,5.224895051985668,5.229027377521616,5.251263465787896,5.251667752018758,,,,4.959809138418079,5.094985279160256,#000000,0.47988758067914744,5.048786523310441,0.012947775561862405,49.1878263688013,-7.952127406765726,False,False,False,False,True,0.0,0.0,0.0,0.0,0.0,0,1.0087829360100378,0.9795064826432457,False,False,False,False,-0.11185216114027881,-0.19516816239592413,False,False,False,False,108299.0,68147.41002027791,False,False,False,False,2384.208019127349,False,False,False,False
2025-04-09 19:00:00+00:00,5.055,5.2,4.99,5.03,1747.0,,,,,,,,,,,,,,,,,,,,,5.073333333333334,4.961465353342184,4.983464449475671,5.087277183393288,5.087277183393288,5.121183898025005,5.2297492037428635,5.243913899792828,,,,,,,,,,,,,,,,,,,,,,,,,,4.983478874610594,4.968718785471056,4.660262750443879,5.036910508982626,5.0374474891238,5.116784223364032,5.113542007491368,5.1110929461401975,5.110699376569427,5.1311213561196,5.224208562462787,5.224208562462787,5.224208562462787,5.2283243908469625,5.25047292061926,5.250875658382595,,,5.073333333333334,4.961465353342184,5.1025008950021755,#000000,0.4814116629135447,5.051914709219497,-0.04552176631298756,52.31936007366046,-5.076533618194468,True,False,True,False,True,0.0,-1.0,5.2,4.99,866.0,0,1.0148331273176763,0.9645653069633292,False,False,False,False,-0.07195358822077767,-0.1335608753083509,False,False,False,False,106552.0,68742.83001996351,False,False,False,False,2374.3288250323512,False,False,False,False
2025-04-10 14:00:00+00:00,4.98,4.98,4.98,4.98,0.0,,,,,,,,,,,,,,,,,,,,,5.073333333333334,4.961465353342184,4.983464449475671,5.087277183393288,5.087277183393288,5.121183898025005,5.2297492037428635,5.243913899792828,,,,,,,,,,,,,,,,,,,,,,,,,,4.983478874610594,4.968718785471056,4.660262750443879,5.036910508982626,5.0374474891238,5.116784223364032,5.113542007491368,5.1110929461401975,5.110699376569427,5.1311213561196,5.224208562462787,5.224208562462787,5.224208562462787,5.2283243908469625,5.25047292061926,5.250875658382595,,,5.073333333333334,4.961465353342184,5.1025008950021755,#000000,0.48307575926471863,5.051914709219497,-0.14886838728765256,53.60019487088629,-3.7917480994412784,True,False,True,False,True,0.0,0.0,0.0,0.0,0.0,0,1.0127677100494232,0.9785831960461284,False,False,False,False,-0.12029299208550724,-0.12692693369692906,False,False,False,False,106552.0,69329.01870182453,False,False,False,False,2337.5175254194464,False,False,False,False
2025-04-10 15:00:00+00:00,4.65,4.77,4.64,4.755,1536.0,,,,,,,,,,,,,,,,,,,,,4.908800893491725,4.958428400242957,4.980218472268187,5.0835807690198,5.0835807690198,5.119096808898987,5.227742320250096,5.241871877375912,,,,,,,,,,,,,,,,,,,,,,,,,,4.902401545698925,4.893724308300396,4.661430582039409,5.033369893731109,5.03390705596107,5.1145012175518065,5.11159405093619,5.10919323335493,5.108919113375341,5.129372916695628,5.2222151880210586,5.2222151880210586,5.2222151880210586,5.226320992071973,5.248415235759755,5.2488170478556615,,,4.908800893491725,4.958428400242957,5.0871638778317845,"rgba(239, 83, 80, 0.5)",0.4878510517039436,5.033923343368189,-0.5717387354070023,51.215580813383184,-3.7917480994412784,True,False,False,False,True,0.0,0.0,0.0,0.0,0.0,0,1.002021018593371,0.9842360549717057,False,False,False,False,-0.23865732373466214,-0.1827921287157956,False,False,False,False,105016.0,69882.3052335792,False,False,False,False,2325.09089711837,False,False,False,False
2025-04-10 16:00:00+00:00,4.755,4.81,4.755,4.81,100.0,,,,,,,,,,,,,,,,,,,,,4.905338456990837,4.95829101549091,4.980066393510937,5.083388751850023,5.083388751850023,5.118985485812204,5.227630209605396,5.241757301517823,,,,,,,,,,,,,,,,,,,,,,,,,,4.900213109354414,4.891746447028424,4.661591641727059,5.033193287544448,5.033730367128615,5.114379821058359,5.111490548396803,5.109092421029016,5.108824624105871,5.129279058564133,5.222104031394016,5.222104031394016,5.222104031394016,5.2262091271975795,5.248299555767178,5.248701302153886,,,4.905338456990837,4.95829101549091,5.086746240494416,#000000,0.4910909256922719,5.033446395922176,-0.4550000503617374,50.43650143933808,-3.7917480994412784,True,False,False,False,False,0.0,0.0,0.0,0.0,0.0,0,1.0036452004860268,0.9862292426083434,False,False,False,False,-0.2047707249059432,-0.1937814268108694,False,False,False,False,105116.0,70428.56406716713,False,False,False,False,2290.593363829713,False,False,False,False
2025-04-10 17:00:00+00:00,4.81,4.81,4.81,4.81,0.0,,,,,,,,,,,,,,,,,,,,,4.905338456990837,4.95829101549091,4.980066393510937,5.083388751850023,5.083388751850023,5.118985485812204,5.227630209605396,5.241757301517823,,,,,,,,,,,,,,,,,,,,,,,,,,4.900213109354414,4.891746447028424,4.661591641727059,5.033193287544448,5.033730367128615,5.114379821058359,5.111490548396803,5.109092421029016,5.108824624105871,5.129279058564133,5.222104031394016,5.222104031394016,5.222104031394016,5.2262091271975795,5.248299555767178,5.248701302153886,,,4.905338456990837,4.95829101549091,5.086746240494416,#000000,0.493845208633318,5.033446395922176,-0.45246241538021237,49.91711518997468,-3.7917480994412784,True,False,False,False,False,0.0,0.0,0.0,0.0,0.0,0,1.0016214025131738,0.9870287798946088,False,False,False,False,-0.1928608655896736,-0.19332114620027152,False,False,False,False,105116.0,70966.35377155214,False,False,False,False,2255.0802884215004,False,False,False,False
2025-04-10 18:00:00+00:00,4.81,4.885,4.805,4.88,258.0,,,,,,,,,,,,,,,,,,,,,4.901889590771766,4.958075470715738,4.979810140506487,5.083004636105145,5.083004636105145,5.118755587939563,5.227384315579344,5.241504616088917,,,,,,,,,,,,,,,,,,,,,,,,,,4.898100476369564,4.890075981296913,4.662212072649574,5.03286113663657,5.03339778777598,5.114130038969367,5.111278029732448,5.108885820543569,5.108631010308134,5.129083720534094,5.221860779219442,5.221860779219442,5.221860779219442,5.225963913058018,5.248043817198861,5.248445380915394,,,4.901889590771766,4.958075470715738,5.086255021560788,#000000,0.4955235924056754,5.0329131630523225,-0.3085890669906502,50.73240378038731,-3.7917480994412784,True,False,False,False,False,0.0,0.0,0.0,0.0,0.0,0,1.0044480388192476,0.9809947432268499,False,False,False,False,-0.177780191103823,-0.18555066865204728,False,False,False,False,105374.0,71499.80565106297,False,False,False,False,2224.117803329694,False,False,False,False
2025-04-10 19:00:00+00:00,4.88,4.9,4.85,4.88,1000.0,,,,,,,,,,,,,,,,,,,,,4.896454787043023,4.957411673094641,4.9789865805393845,5.081658511815834,5.081658511815834,5.1179360143632255,5.22648556267677,5.240579077771298,,,,,,,,,,,,,,,,,,,,,,,,,,4.894707977207978,4.887986652124234,4.664823550901121,5.031730259633066,5.032264993711963,5.113241302134796,5.110522094305843,5.108151474999949,5.107942715365086,5.128384626320987,5.2209724613327255,5.2209724613327255,5.2209724613327255,5.22506784484447,5.247106223407123,5.247507064695706,,,4.896454787043023,4.957411673094641,5.085146870115438,#000000,0.49696876657889705,5.031793383962546,-0.305438478573779,51.27592950732906,-3.7917480994412784,True,False,False,False,False,0.0,0.0,0.0,0.0,0.0,0,1.0105476673427993,0.98052738336714,False,False,False,False,-0.16491753883311347,-0.17523410374258036,False,False,False,False,105374.0,72024.98695879843,False,False,False,False,2205.1392327354356,False,False,False,False
2025-04-11 14:00:00+00:00,4.88,4.94,4.88,4.91,143.0,,,,,,,,,,,,,,,,,,,,,4.896859671125976,4.957356455238466,4.978907901592971,5.081498518286773,5.081498518286773,5.1178353980065,5.2263696279598015,5.240459197345055,,,,,,,,,,,,,,,,,,,,,,,,,,4.895046432440799,4.888466443123508,4.6652497477602335,5.03160435697702,5.032138757120886,5.1131325864551975,5.11042974495065,5.108061909774136,5.107858760731927,5.128298168727358,5.22085806734305,5.22085806734305,5.22085806734305,5.224952306340408,5.246984564029961,5.247385298456128,,,4.896859671125976,4.957356455238466,5.085123690281653,#000000,0.49874921933149846,5.031793767093244,-0.24419841149123264,52.20443719971966,-3.124759592979217,True,False,True,False,False,0.0,0.0,0.0,0.0,0.0,0,1.012591389114541,0.9772542648253452,False,False,False,False,-0.14997886263539806,-0.1626064831889892,False,False,False,False,105517.0,72544.24297494108,False,False,False,False,2173.1680818403124,False,False,False,False
2025-04-11 15:00:00+00:00,4.91,4.95,4.91,4.95,100.0,,,,,,,,,,,,,,,,,,,,,4.897674720174721,4.957339618393497,4.978874238946796,5.081404181267883,5.081404181267883,5.117774115129314,5.226295434561771,5.24038217728571,,,,,,,,,,,,,,,,,,,,,,,,,,4.895680790529901,4.88919006155232,4.665579285196833,5.031535741044561,5.032069874435728,5.113066601853411,5.110373800984326,5.108007751154143,5.107808000450697,5.128245130166676,5.220784979614374,5.220784979614374,5.220784979614374,5.2248783971791966,5.246906267950755,5.247306925590181,,,4.897674720174721,4.957339618393497,5.085173009748309,#000000,0.4993708834916936,5.031871674510219,-0.16394963586534506,53.60082346246895,-1.3716735347593385,True,False,True,False,True,0.0,0.0,0.0,0.0,0.0,0,1.0134091832588379,0.9764323445753756,False,False,False,False,-0.141472628990318,-0.1520395560896536,False,False,False,False,105617.0,73056.9988978102,False,False,False,False,2141.0259410365866,False,False,False,False
2025-04-11 16:00:00+00:00,4.95,4.975,4.95,4.96,300.0,,,,,,,,,,,,,,,,,,,,,4.901377957818931,4.957350156405592,4.978833198181007,5.081170662523456,5.081170662523456,5.1176158590913765,5.226092275080826,5.240170351435868,,,,,,,,,,,,,,,,,,,,,,,,,,4.8985660496526275,4.892313604367189,4.666653843517254,5.03138457581199,5.031917816766376,5.112896956567752,5.110230308371556,5.107869157019786,5.107678118593657,5.1281069313009215,5.220585215280351,5.220585215280351,5.220585215280351,5.22467611023157,5.246690525473628,5.247090947049704,,,4.901377957818931,4.957350156405592,5.085483821401065,#000000,0.4998750474499187,5.032298002408149,-0.144632149128013,54.736365005508155,0.07750160296625097,True,False,True,False,True,0.0,0.0,0.0,0.0,0.0,0,1.0203583061889252,0.9710912052117263,False,False,False,False,-0.12769269840708822,-0.13986612724837091,False,False,False,False,105917.0,73566.4562792395,False,False,False,False,2112.482903191058,False,False,False,False
2025-04-11 17:00:00+00:00,4.96,4.99,4.96,4.965,100.0,,,,,,,,,,,,,,,,,,,,,4.902708175624528,4.957361769031935,4.97882750521644,5.081099521848159,5.081099521848159,5.117566556428976,5.226027182950856,5.240102347068257,,,,,,,,,,,,,,,,,,,,,,,,,,4.899616194991142,4.893437426238021,4.667022381176776,5.031341539289375,5.0318744709270655,5.112844226233815,5.1101857544324485,5.10782617317146,5.1076378375230025,5.128063680631971,5.220521264733995,5.220521264733995,5.220521264733995,5.224611311447703,5.246621204368618,5.247021546532551,,,4.902708175624528,4.957361769031935,5.085602505049303,#000000,0.5008278102257211,5.0324578226954175,-0.13469264549229942,55.6059782391061,1.2472335499053742,True,False,True,False,True,0.0,0.0,0.0,0.0,0.0,0,1.0170593013809912,0.9699431356620632,False,False,False,False,-0.1224058215606908,-0.13113597440453084,False,False,False,False,106017.0,74069.56548421254,False,False,False,False,2081.2816178702665,False,False,False,False
2025-04-11 18:00:00+00:00,5.05,5.05,5.05,5.05,100.0,,,,,,,,,,,,,,,,,,,,,4.9054439078751875,4.957436850266915,4.978883998497161,5.081079330762337,5.081079330762337,5.1175437396792605,5.225982159756506,5.240054211727055,,,,,,,,,,,,,,,,,,,,,,,,,,4.901745975546429,4.895623749010846,4.667484562872857,5.031354976079195,5.031887501407848,5.112820771206948,5.110166408444821,5.10780792969239,5.107620772589287,5.12804210451642,5.2204774667639295,5.2204774667639295,5.2204774667639295,5.224566602825733,5.2465716575235835,5.246971914188263,,,4.9054439078751875,4.957436850266915,5.085900035646799,#000000,0.5011038445901792,5.032829358594713,0.034265634939061394,58.042954975066436,3.8069383763760527,True,False,True,False,True,0.0,0.0,0.0,0.0,0.0,0,1.0194017784963623,0.9680679062247372,False,False,False,False,-0.09081669291729424,-0.11097633366091254,False,False,False,False,106117.0,74566.42493406971,False,False,False,False,2050.5640734071617,False,False,False,False
2025-04-11 19:00:00+00:00,5.05,5.16,4.93,4.93,4055.0,,,,,,,,,,,,,,,,,,,,,4.948929265105768,4.959003300925669,4.979750344127528,5.0791705412626,5.0791705412626,5.116045959895443,5.223730848258553,5.237682244411698,,,,,,,,,,,,,,,,,,,,,,,,,,4.940019941225861,4.935769882310985,4.683308482324338,5.030654487018013,5.031173102536159,5.111238158265625,5.108834718357308,5.106530368445975,5.106423125645461,5.126696846616615,5.218273545488674,5.218273545488674,5.218273545488674,5.222327464232531,5.24414504415964,5.244541997803919,,,4.948929265105768,4.959003300925669,5.090415304194097,#000000,0.5025224839217071,5.032892980066885,-0.20475298789400218,56.064241124331986,3.8069383763760527,True,False,True,False,False,0.0,0.0,0.0,0.0,0.0,0,1.0123358535614801,0.9578193394349382,False,False,False,False,-0.092916333057619,-0.10194633335926577,False,False,False,False,102062.0,74992.71291958801,False,False,False,False,2081.640599400849,False,False,False,False
2025-04-14 14:00:00+00:00,4.93,4.965,4.885,4.965,3800.0,,,,,,,,,,,,,,,,,,,,,4.945887906941613,4.958404805990087,4.97857441901588,5.075864523940424,5.075864523940424,5.113824420524901,5.221011584028086,5.2348581139458,,,,,,,,,,,,,,,,,,,,,,,,,,4.939590261017253,4.9364185979399755,4.693990975697585,5.028263334151238,5.028772444359761,5.1088557719037455,5.10680339356089,5.104562691385696,5.104574974947751,5.124760528339933,5.21559530553311,5.21559530553311,5.21559530553311,5.219618746062467,5.241273530123998,5.241667630064946,,,4.945887906941613,4.958404805990087,5.088759545603408,#000000,0.5037067554594548,5.030040547867598,-0.12912383477619158,55.5970895958778,3.8069383763760527,True,False,True,False,False,0.0,0.0,0.0,0.0,0.0,0,1.014314115308151,0.9705765407554672,False,False,False,False,-0.14359723448884268,-0.12277178392405422,False,False,False,False,105862.0,75471.30651773393,False,False,False,False,2108.28183041789,False,False,False,False
2025-04-14 15:00:00+00:00,4.965,4.995,4.965,4.995,100.0,,,,,,,,,,,,,,,,,,,,,4.946181123022717,4.958425055264111,4.978579216409457,5.075808428148979,5.075808428148979,5.1137820554981905,5.2209524221344905,5.234796097178375,,,,,,,,,,,,,,,,,,,,,,,,,,4.939892670040846,4.936739988533122,4.694311406696178,5.028233866426908,5.028742678526092,5.108810878731864,5.106765217500323,5.104525894260403,5.10454038681635,5.124722730809004,5.215537263617856,5.215537263617856,5.215537263617856,5.219559871922595,5.241210220507224,5.2416042423509035,,,4.946181123022717,4.958425055264111,5.088775194574194,#000000,0.5043838717584906,5.0300846941966455,-0.06955950846391191,56.0253085253191,3.8069383763760527,True,False,True,False,False,0.0,0.0,0.0,0.0,0.0,0,1.0226640159045726,0.9630218687872764,False,False,False,False,-0.12029299208550724,-0.12153238800478072,False,False,False,False,105962.0,75944.03044769153,False,False,False,False,2077.1456780083104,False,False,False,False
2025-04-14 16:00:00+00:00,4.995,5.04,4.995,5.015,236.0,,,,,,,,,,,,,,,,,,,,,4.947406507059547,4.958529520552281,4.97864620831004,5.075722386268597,5.075722386268597,5.1137067420702484,5.220831640198654,5.234668398143833,,,,,,,,,,,,,,,,,,,,,,,,,,4.941080623306234,4.937968668577384,4.695146909160134,5.0282153025233685,5.028723329621883,5.108732124706356,5.106698622686166,5.104462126337805,5.104480440645534,5.124653808003853,5.215419200037569,5.215419200037569,5.215419200037569,5.2194397881687165,5.241079385066129,5.241473217113866,,,4.947406507059547,4.958529520552281,5.088901905620914,#000000,0.5050356779832802,5.030337767989812,-0.03036967220030676,56.81969608611099,3.8069383763760527,True,False,True,False,False,0.0,0.0,0.0,0.0,0.0,0,1.0241679873217113,0.9580031695721077,False,False,False,False,-0.10447947256957654,-0.11300593028717863,False,False,False,False,106198.0,76413.0842392002,False,False,False,False,2048.6007837756233,False,False,False,False
2025-04-14 17:00:00+00:00,5.015,5.025,5.015,5.02,0.0,,,,,,,,,,,,,,,,,,,,,4.947406507059547,4.958529520552281,4.97864620831004,5.075722386268597,5.075722386268597,5.1137067420702484,5.220831640198654,5.234668398143833,,,,,,,,,,,,,,,,,,,,,,,,,,4.941080623306234,4.937968668577384,4.695146909160134,5.0282153025233685,5.028723329621883,5.108732124706356,5.106698622686166,5.104462126337805,5.104480440645534,5.124653808003853,5.215419200037569,5.215419200037569,5.215419200037569,5.2194397881687165,5.241079385066129,5.241473217113866,,,4.947406507059547,4.958529520552281,5.088901905620914,#000000,0.505051268470617,5.030337767989812,-0.020468749679842534,57.48598897031772,4.093872732735768,True,False,True,False,False,0.0,0.0,0.0,0.0,0.0,0,1.025844930417495,0.9634194831013916,False,False,False,False,-0.10342717304458815,-0.1082165516658834,False,False,False,False,106198.0,76874.86587890252,False,False,False,False,2016.8395313139856,False,False,False,False
2025-04-14 18:00:00+00:00,5.02,5.02,5.02,5.02,0.0,,,,,,,,,,,,,,,,,,,,,4.947406507059547,4.958529520552281,4.97864620831004,5.075722386268597,5.075722386268597,5.1137067420702484,5.220831640198654,5.234668398143833,,,,,,,,,,,,,,,,,,,,,,,,,,4.941080623306234,4.937968668577384,4.695146909160134,5.0282153025233685,5.028723329621883,5.108732124706356,5.106698622686166,5.104462126337805,5.104480440645534,5.124653808003853,5.215419200037569,5.215419200037569,5.215419200037569,5.2194397881687165,5.241079385066129,5.241473217113866,,,4.947406507059547,4.958529520552281,5.088901905620914,#000000,0.504926334828754,5.030337767989812,-0.020473814251177978,57.930184226455545,4.765678323892814,True,False,True,False,True,0.0,0.0,0.0,0.0,0.0,0,1.0220617729643,0.9723225030084235,False,False,False,False,-0.10342717304458815,-0.10582186235523577,False,False,False,False,106198.0,77329.48811333814,False,False,False,False,1985.570701371133,False,False,False,False
2025-04-14 19:00:00+00:00,5.02,5.05,5.0,5.05,417.0,,,,,,,,,,,,,,,,,,,,,4.949967362302269,4.958765846920014,4.978815642831666,5.075613699062515,5.075613699062515,5.113596758932626,5.220635966778288,5.234460348101765,,,,,,,,,,,,,,,,,,,,,,,,,,4.943535749994682,4.940490519373454,4.696688640844277,5.028229774845332,5.028736344208317,5.108618430647918,5.106602931823634,5.104371024365974,5.1043947840999655,5.124551002391922,5.215228394782519,5.215228394782519,5.215228394782519,5.219245364872745,5.240865719399414,5.241259211315763,,,4.949967362302269,4.958765846920014,5.089197666938443,#000000,0.5045268053307899,5.030899683083111,0.037857883297927185,59.18255353103101,6.165061548525543,True,False,True,False,True,0.0,0.0,0.0,0.0,0.0,0,1.0242130750605327,0.9681194511702985,False,False,False,False,-0.10132325617483995,-0.10357255926503786,False,False,False,False,106615.0,77783.52705731739,False,False,False,False,1961.2517757684798,False,False,False,False
2025-04-15 14:00:00+00:00,5.05,5.05,5.05,5.05,0.0,,,,,,,,,,,,,,,,,,,,,4.949967362302269,4.958765846920014,4.978815642831666,5.075613699062515,5.075613699062515,5.113596758932626,5.220635966778288,5.234460348101765,,,,,,,,,,,,,,,,,,,,,,,,,,4.943535749994682,4.940490519373454,4.696688640844277,5.028229774845332,5.028736344208317,5.108618430647918,5.106602931823634,5.104371024365974,5.1043947840999655,5.124551002391922,5.215228394782519,5.215228394782519,5.215228394782519,5.219245364872745,5.240865719399414,5.241259211315763,,,4.949967362302269,4.958765846920014,5.089197666938443,#000000,0.5040561780502507,5.030899683083111,0.037893230454532606,60.01746640074799,7.1312717194076924,True,False,True,False,True,0.0,0.0,0.0,0.0,0.0,0,1.0282828282828282,0.96,False,False,False,False,-0.09081669291729424,-0.09719462609116605,False,False,False,False,106615.0,78230.52663782409,False,False,False,False,1930.8447714929994,False,False,False,False
2025-04-15 15:00:00+00:00,5.05,5.05,5.05,5.05,0.0,,,,,,,,,,,,,,,,,,,,,4.949967362302269,4.958765846920014,4.978815642831666,5.075613699062515,5.075613699062515,5.113596758932626,5.220635966778288,5.234460348101765,,,,,,,,,,,,,,,,,,,,,,,,,,4.943535749994682,4.940490519373454,4.696688640844277,5.028229774845332,5.028736344208317,5.108618430647918,5.106602931823634,5.104371024365974,5.1043947840999655,5.124551002391922,5.215228394782519,5.215228394782519,5.215228394782519,5.219245364872745,5.240865719399414,5.241259211315763,,,4.949967362302269,4.958765846920014,5.089197666938443,#000000,0.5034775642048542,5.030899683083111,0.03793677866670055,60.57407498055931,7.831697501237201,True,False,True,False,True,0.0,0.0,0.0,0.0,0.0,0,1.0280146163215589,0.9638652050345105,False,False,False,False,-0.09081669291729424,-0.09400565950423015,False,False,False,False,106615.0,78670.59599227643,False,False,False,False,1900.9091936403947,False,False,False,False
2025-04-15 16:00:00+00:00,5.05,5.05,4.95,4.96,2339.0,,,,,,,,,,,,,,,,,,,,,4.955223603371911,4.959251661939535,4.9789497508477485,5.074352601132709,5.074352601132709,5.112629925251461,5.219274356811651,5.233032365888114,,,,,,,,,,,,,,,,,,,,,,,,,,4.949137883163039,4.946455065900891,4.703918771985931,5.027580836804441,5.028080547558113,5.1075956139155645,5.105731850329196,5.103531448094432,5.103605097556756,5.12368578746069,5.213892824992987,5.213892824992987,5.213892824992987,5.217890445270791,5.239407671343959,5.239799346586291,,,4.955223603371911,4.959251661939535,5.089381904471871,#000000,0.5025444267931904,5.031635799085432,-0.1425462014225303,56.22979274359032,9.204860338144805,True,False,True,False,False,0.0,0.0,0.0,0.0,0.0,0,1.0153718321562109,0.9771499792272537,False,False,False,False,-0.11185216114027881,-0.10292891032225449,False,False,False,False,104276.0,79067.57900014812,False,False,False,False,1907.7012991653498,False,False,False,False
2025-04-15 17:00:00+00:00,4.96,4.96,4.96,4.96,0.0,,,,,,,,,,,,,,,,,,,,,4.955223603371911,4.959251661939535,4.9789497508477485,5.074352601132709,5.074352601132709,5.112629925251461,5.219274356811651,5.233032365888114,,,,,,,,,,,,,,,,,,,,,,,,,,4.949137883163039,4.946455065900891,4.703918771985931,5.027580836804441,5.028080547558113,5.1075956139155645,5.105731850329196,5.103531448094432,5.103605097556756,5.12368578746069,5.213892824992987,5.213892824992987,5.213892824992987,5.217890445270791,5.239407671343959,5.239799346586291,,,4.955223603371911,4.959251661939535,5.089381904471871,#000000,0.5023228296874638,5.031635799085432,-0.14260908493847008,53.333604585611,6.628209965929955,True,False,True,False,False,0.0,0.0,0.0,0.0,0.0,0,1.0165605095541401,0.991932059447983,False,False,False,False,-0.12875091696078358,-0.11583991364151904,False,False,False,False,104276.0,79458.40723270396,False,False,False,False,1878.124534837205,False,False,False,False
2025-04-15 18:00:00+00:00,4.96,4.96,4.96,4.96,0.0,,,,,,,,,,,,,,,,,,,,,4.955223603371911,4.959251661939535,4.9789497508477485,5.074352601132709,5.074352601132709,5.112629925251461,5.219274356811651,5.233032365888114,,,,,,,,,,,,,,,,,,,,,,,,,,4.949137883163039,4.946455065900891,4.703918771985931,5.027580836804441,5.028080547558113,5.1075956139155645,5.105731850329196,5.103531448094432,5.103605097556756,5.12368578746069,5.213892824992987,5.213892824992987,5.213892824992987,5.217890445270791,5.239407671343959,5.239799346586291,,,4.955223603371911,4.959251661939535,5.089381904471871,#000000,0.5023916942132004,5.031635799085432,-0.14258953702971056,51.402812480291445,4.963217038818861,True,False,False,False,False,0.0,0.0,0.0,0.0,0.0,0,1.004264392324094,0.9863539445628998,False,False,False,False,-0.12875091696078358,-0.12229541530115132,False,False,False,False,104276.0,79843.17611281708,False,False,False,False,1849.0063249947675,False,False,False,False
2025-04-15 19:00:00+00:00,4.96,4.98,4.95,4.95,285.0,,,,,,,,,,,,,,,,,,,,,4.9553055288075765,4.9592532462708725,4.9789103918882125,5.07415539136784,5.07415539136784,5.112488398474316,5.219090635219786,5.232840783097184,,,,,,,,,,,,,,,,,,,,,,,,,,4.949307112010059,4.946664944997192,4.704694404591107,5.027452512775411,5.0279514810454105,5.10744493439411,5.105602997718724,5.103406809648154,5.103487822885984,5.123560731971902,5.213712182866999,5.213712182866999,5.213712182866999,5.217707515111696,5.239212530825929,5.239603991402783,,,4.9553055288075765,4.9592532462708725,5.089309754353045,#000000,0.5019575822860034,5.024404545958879,-0.1482287519595322,49.56082927721128,3.3331274477590327,True,False,False,False,False,0.0,0.0,0.0,0.0,0.0,0,1.0141935483870967,0.9806451612903223,False,False,False,False,-0.12663476422008976,-0.12446508976062054,False,False,False,False,103991.0,80217.56097928502,False,False,False,False,1824.7581649173292,False,False,False,False
2025-04-16 14:00:00+00:00,4.95,4.95,4.95,4.95,0.0,,,,,,,,,,,,,,,,,,,,,4.9553055288075765,4.9592532462708725,4.9789103918882125,5.07415539136784,5.07415539136784,5.112488398474316,5.219090635219786,5.232840783097184,,,,,,,,,,,,,,,,,,,,,,,,,,4.949307112010059,4.946664944997192,4.704694404591107,5.027452512775411,5.0279514810454105,5.10744493439411,5.105602997718724,5.103406809648154,5.103487822885984,5.123560731971902,5.213712182866999,5.213712182866999,5.213712182866999,5.217707515111696,5.239212530825929,5.239603991402783,,,4.9553055288075765,4.9592532462708725,5.089309754353045,#000000,0.5014966609070258,5.024404545958879,-0.14836498776344312,48.33284047515784,2.212657510782037,True,False,False,True,False,0.0,0.0,0.0,0.0,0.0,0,1.0151580770896493,0.977912516240797,False,False,False,False,-0.13298668461500343,-0.12872588718781197,False,False,False,False,103991.0,80586.14142921857,False,False,False,False,1796.4673406550448,False,False,False,False
2025-04-16 15:00:00+00:00,4.95,5.11,4.95,5.11,100.0,,,,,,,,,,,,,,,,,,,,,4.955911900773711,4.959325556479307,4.978967017681841,5.0741448150880695,5.0741448150880695,5.112470242644821,5.219050261577956,5.232797418761976,,,,,,,,,,,,,,,,,,,,,,,,,5.0566666666666675,4.949890809909569,4.94725977396853,4.705068068014936,5.027471963850954,5.027970569400772,5.107426751698795,5.10558782055656,5.103392572669595,5.103474410463838,5.123542804538807,5.213672986945139,5.213672986945139,5.213672986945139,5.217667443835651,5.239167807936709,5.239559186109358,,,4.955911900773711,4.959325556479307,5.088079105542076,#000000,0.5003170346241778,5.0210626517250185,0.17776198314292596,54.99830158746071,0.5383190483822631,True,False,True,False,True,0.0,0.0,0.0,0.0,0.0,0,1.0246326707000863,0.9593777009507346,False,False,False,False,-0.09922023287754111,-0.11397306003267654,False,False,False,False,104091.0,80950.55784116866,False,False,False,False,1770.165521420083,False,False,False,False
2025-04-16 16:00:00+00:00,5.11,5.135,5.11,5.125,0.0,,,,,,,,,,,,,,,,,,,,,4.955911900773711,4.959325556479307,4.978967017681841,5.0741448150880695,5.0741448150880695,5.112470242644821,5.219050261577956,5.232797418761976,,,,,,,,,,,,,,,,,,,,,,,,,5.0566666666666675,4.949890809909569,4.94725977396853,4.705068068014936,5.027471963850954,5.027970569400772,5.107426751698795,5.10558782055656,5.103392572669595,5.103474410463838,5.123542804538807,5.213672986945139,5.213672986945139,5.213672986945139,5.217667443835651,5.239167807936709,5.239559186109358,,,4.955911900773711,4.959325556479307,5.088079105542076,#000000,0.4989281303747814,5.0210626517250185,0.2083212830611626,59.88447238956037,4.74296614962438,True,False,True,False,True,0.0,0.0,0.0,0.0,0.0,0,1.0388137810728306,0.9568251199302227,False,False,False,False,-0.06045209826840627,-0.08721257915054141,False,False,False,False,104091.0,81309.32438626682,False,False,False,False,1742.7210947313995,False,False,False,False
2025-04-16 17:00:00+00:00,5.125,5.14,5.125,5.13,100.0,,,,,,,,,,,,,,,,,,,,,4.956957064700287,4.959453390794364,4.979078139857559,5.074179580316453,5.074179580316453,5.112476484186776,5.219028546080788,5.232772532083228,,,,,,,,,,,,,,,,,,,,,,,,,5.094166666666667,4.950873754033059,4.948251582136647,4.705520476518729,5.027541291566028,5.028039455357516,5.107435428426887,5.105595906168034,5.103401182294413,5.1034824841250765,5.123544981129114,5.213652524652671,5.213652524652671,5.213652524652671,5.217646049862436,5.239141477107119,5.239532767376604,,,4.956957064700287,4.959453390794364,5.08973025580249,#000000,0.4971437155127976,5.026588281173323,0.20801171894531315,63.29845145603915,7.585032390503898,True,False,True,False,True,0.0,0.0,0.0,0.0,0.0,0,1.0380078636959371,0.9506334643949321,False,False,False,False,-0.05627385484895181,-0.07174321699974662,False,False,False,False,104191.0,81664.07904694484,False,False,False,False,1717.2525506270367,False,False,False,False
2025-04-16 18:00:00+00:00,5.13,5.13,5.01,5.01,600.0,,,,,,,,,,,,,,,,,,,,,4.960162494258155,4.959854583899487,4.979386460023956,5.074092214768331,5.074092214768331,5.11235483954712,5.2187768919260975,5.232503065374174,,,,,,,,,,,,,,,,,,,,,,,,,5.061041666666667,4.953988809162173,4.951432379860714,4.70769854400478,5.027630594748152,5.028126639008906,5.107312338001743,5.105492674865538,5.1033037944160276,5.103390744298453,5.123426943399729,5.213407882541711,5.213407882541711,5.213407882541711,5.217396196092267,5.238863920405215,5.2392547201181445,,,4.960162494258155,4.959854583899487,5.0887922550895714,#000000,0.4938986473699533,5.024992091921016,-0.03035459198126988,58.6854588944622,7.585032390503898,True,False,True,False,False,0.0,0.0,0.0,0.0,0.0,0,1.0269097222222223,0.9535590277777778,False,False,False,False,-0.08242592552310572,-0.07708457126142618,False,False,False,False,103591.0,82004.0313097829,False,False,False,False,1699.9308056560749,False,False,False,False
2025-04-16 19:00:00+00:00,5.01,5.035,4.95,4.95,1288.0,,,,,,,,,,,,,,,,,,,,,4.961413779583692,4.960028687285423,4.979376722850741,5.0733551942283235,5.0733551942283235,5.111797006703358,5.218010879154406,5.231701183661441,,,,,,,,,,,,,,,,,,,,,,,,4.9783333333333335,5.0100223499361425,4.955527288487645,4.953124115033447,4.711322652305157,5.027213362158656,5.027705871675598,5.106721681984915,5.104987834774874,5.1028164577082515,5.102931943510808,5.122928762602435,5.212655935422134,5.212655935422134,5.212655935422134,5.216633797504506,5.238045790372353,5.23843560851642,,,4.961413779583692,4.960028687285423,5.07621286781401,#000000,0.4907541356133611,5.012227287232702,-0.12679931296947275,53.26573544597832,10.250648816812266,True,False,True,False,False,0.0,0.0,0.0,0.0,0.0,0,1.022433132010354,0.9585849870578084,False,False,False,False,-0.11501554927479228,-0.09605006026810922,False,False,False,False,102303.0,82318.7440026545,False,False,False,False,1693.544281537376,False,False,False,False
2025-04-17 14:00:00+00:00,4.95,4.95,4.95,4.95,0.0,,,,,,,,,,,,,,,,,,,,,4.961413779583692,4.960028687285423,4.979376722850741,5.0733551942283235,5.0733551942283235,5.111797006703358,5.218010879154406,5.231701183661441,,,,,,,,,,,,,,,,,,,,,,,,4.9783333333333335,5.0100223499361425,4.955527288487645,4.953124115033447,4.711322652305157,5.027213362158656,5.027705871675598,5.106721681984915,5.104987834774874,5.1028164577082515,5.102931943510808,5.122928762602435,5.212655935422134,5.212655935422134,5.212655935422134,5.216633797504506,5.238045790372353,5.23843560851642,,,4.961413779583692,4.960028687285423,5.07621286781401,#000000,0.4866128379461948,5.012227287232702,-0.12787843307903476,49.652586480322405,7.149951079051057,False,False,False,False,False,0.0,0.0,0.0,0.0,0.0,0,1.0246646473388143,0.9653829511034185,False,False,False,False,-0.13298668461500343,-0.11451837244155633,False,False,False,False,102303.0,82628.57742896993,False,False,False,False,1667.2877810484244,False,False,False,False
2025-04-17 15:00:00+00:00,4.95,5.11,4.95,5.04,369.0,,,,,,,,,,,,,,,,,,,,,4.962805187088207,4.960226023116634,4.9795192700092334,5.07326713969134,5.07326713969134,5.111703554152575,5.217842475598799,5.231522050534073,,,,,,,,,,,,,,,,,,,,,,5.033333333333334,5.033333333333334,4.990581371957353,5.0135232668566,4.956910923694781,4.954543645083934,4.712553304609608,5.027228165628753,5.027719462443002,5.106625524339784,5.104906427004855,5.102738917552277,5.102858868386235,5.122840716920336,5.212491751959146,5.212491751959146,5.212491751959146,5.216466477671436,5.237861786122588,5.238251309100267,,,4.962805187088207,4.960226023116634,5.060890791361648,#000000,0.4799438593295093,5.006615353276403,0.06955948299919117,51.32336725783722,7.149951079051057,False,False,False,False,False,0.0,0.0,0.0,0.0,0.0,0,1.0292347377472058,0.9514187446259673,False,False,False,False,-0.09922023287754111,-0.10686930265954872,False,False,False,False,102672.0,82939.32816650528,False,False,False,False,1647.1592883189915,False,False,False,False
2025-04-17 16:00:00+00:00,5.04,5.08,5.04,5.075,200.0,,,,,,,,,,,,,,,,,,,,,4.963865684290633,4.960378673640602,4.979641496214421,5.073257292876354,5.073257292876354,5.1116734243824,5.217766971546475,5.2314405862045925,,,,,,,,,,,,,,,,,,,,,,5.044463971880492,5.044463971880492,4.998596302279663,5.017398067996487,4.95794280031822,4.955593111638956,4.713281861529135,5.027277621385704,5.027768198357189,5.106595984254951,5.104881868523541,5.1027161047942045,5.1028373359496095,5.12280992560455,5.212418595903862,5.212418595903862,5.212418595903862,5.2163915763984905,5.2377776127591344,5.238166971318881,,,4.963865684290633,4.960378673640602,5.0624046130532205,#000000,0.4712636071111189,5.008974577378689,0.14010295220132066,53.72303922663928,7.149951079051057,True,False,True,False,True,0.0,0.0,0.0,0.0,0.0,0,1.0295629820051413,0.9541559554413025,False,False,False,False,-0.08661978839706379,-0.09674454552830625,False,False,False,False,102872.0,83248.3618383424,False,False,False,False,1624.7227102055188,False,False,False,False
2025-04-17 17:00:00+00:00,5.075,5.08,5.065,5.08,100.0,,,,,,,,,,,,,,,,,,,,,4.964439339974881,4.960462111671627,4.9797096225700646,5.073258330109414,5.073258330109414,5.111661598670607,5.217731716873398,5.23140232937659,,,,,,,,,,,,,,,,,,,,,,5.049028400597908,5.049028400597908,5.002500425821836,5.019487365493894,4.95849889152811,4.956157683215132,4.713655336664879,5.027308843092355,5.027799050667362,5.106584776984816,5.104872676676174,5.102707730286021,5.102829421882332,5.1227972032624205,5.2123845244736495,5.2123845244736495,5.2123845244736495,5.216356625459678,5.237737990919153,5.238127266592206,,,4.964439339974881,4.960462111671627,5.063091498225247,#000000,0.459649788347524,5.010083052445447,0.1521091694742423,55.509336012392964,7.149951079051057,True,False,True,False,True,0.0,0.0,0.0,0.0,0.0,0,1.0319792566983579,0.9636992221261884,False,False,False,False,-0.08137791739055653,-0.08906123145943139,False,False,False,False,102972.0,83554.15467805802,False,False,False,False,1601.0835984193868,False,False,False,False
2025-04-17 18:00:00+00:00,5.08,5.125,5.08,5.12,100.0,,,,,,,,,,,,,,,,,,,,,4.965178281038705,4.960569675499915,4.979801448768378,5.073279193805826,5.073279193805826,5.1116605257841865,5.217704708861346,5.231372240775967,,,,,,,,,,,,,,,,,,,,,,5.056740355439966,5.056740355439966,5.007645438340626,5.022597129856493,4.959207328605203,4.95687380392157,4.714062422642134,5.027361817587446,5.027851622168547,5.106585396987493,5.1048737408681895,5.102709429566221,5.102830986182364,5.122793355413971,5.212358732519473,5.212358732519473,5.212358732519473,5.216329929509884,5.2377065000843634,5.238095690477987,,,4.965178281038705,4.960569675499915,5.0641500935061075,#000000,0.44739081409941384,5.011761577243297,0.24193259974410658,58.176903607147224,0.6220893959293647,True,False,True,False,True,0.0,0.0,0.0,0.0,0.0,0,1.0259067357512954,0.9602763385146804,False,False,False,False,-0.068815060588268,-0.07893814602384969,False,False,False,False,103072.0,83856.75693111139,False,False,False,False,1577.810984490404,False,False,False,False
2025-04-17 19:00:00+00:00,5.12,5.195,5.12,5.185,982.0,,,,,,,,,,,,,,,,,,,,5.166666666666667,4.9748512996007515,4.962031430187905,4.981102371415403,5.073821524529312,5.073821524529312,5.1118341002620005,5.217581274633188,5.231217264547014,,,,,,,,,,,,,,,,,,,,,,5.118389491719018,5.118389491719018,5.05903038280136,5.059449509420856,4.968412329055969,4.966140473191797,4.718600758333846,5.028250504551791,5.028735805896443,5.106793872450292,5.105059779115175,5.102898581496207,5.103008655800153,5.122907672795106,5.212247780907192,5.212247780907192,5.212247780907192,5.2162096969697,5.2375371399901285,5.237925453381971,,,4.9748512996007515,4.962031430187905,5.072125970609187,#000000,0.43625801316886986,5.03123162747957,0.35247117045139115,61.964852020348346,4.397495721708182,True,False,True,False,True,1.466213427450466,0.0,0.0,0.0,0.0,0,1.029209621993127,0.9527491408934707,False,False,False,False,-0.04583650799221018,-0.06238732700802993,False,False,False,False,104054.0,84169.89248256704,False,False,False,True,1568.5736048859017,False,False,False,False
2025-04-18 14:00:00+00:00,5.185,5.185,5.185,5.185,0.0,,,,,,,,,,,,,,,,,,,,5.166666666666667,4.9748512996007515,4.962031430187905,4.981102371415403,5.073821524529312,5.073821524529312,5.1118341002620005,5.217581274633188,5.231217264547014,,,,,,,,,,,,,,,,,,,,,,5.118389491719018,5.118389491719018,5.05903038280136,5.059449509420856,4.968412329055969,4.966140473191797,4.718600758333846,5.028250504551791,5.028735805896443,5.106793872450292,5.105059779115175,5.102898581496207,5.103008655800153,5.122907672795106,5.212247780907192,5.212247780907192,5.212247780907192,5.2162096969697,5.2375371399901285,5.237925453381971,,,4.9748512996007515,4.962031430187905,5.072125970609187,#000000,0.42593307218620363,5.03123162747957,0.36101533917330464,64.49015096248243,6.9649320856241985,True,False,True,False,True,1.466213427450466,0.0,0.0,0.0,0.0,0,1.0375323554788611,0.953839516824849,False,False,False,False,-0.034366854576145356,-0.04837709079208764,False,False,False,False,104054.0,84478.17321927143,False,False,False,True,1544.2546342675155,False,False,False,False
2025-04-18 15:00:00+00:00,5.185,5.185,5.185,5.185,0.0,,,,,,,,,,,,,,,,,,,,5.166666666666667,4.9748512996007515,4.962031430187905,4.981102371415403,5.073821524529312,5.073821524529312,5.1118341002620005,5.217581274633188,5.231217264547014,,,,,,,,,,,,,,,,,,,,,,5.118389491719018,5.118389491719018,5.05903038280136,5.059449509420856,4.968412329055969,4.966140473191797,4.718600758333846,5.028250504551791,5.028735805896443,5.106793872450292,5.105059779115175,5.102898581496207,5.103008655800153,5.122907672795106,5.212247780907192,5.212247780907192,5.212247780907192,5.2162096969697,5.2375371399901285,5.237925453381971,,,4.9748512996007515,4.962031430187905,5.072125970609187,#000000,0.4140178870662554,5.03123162747957,0.3714051429276107,66.17368359057181,8.8080881559194,True,False,True,False,True,1.466213427450466,0.0,0.0,0.0,0.0,0,1.0386284722222223,0.9544270833333333,False,False,False,False,-0.034366854576145356,-0.0413719726841165,False,False,False,False,104054.0,84781.67440967032,False,False,False,True,1520.3127019532903,False,False,False,False
2025-04-18 16:00:00+00:00,5.185,5.185,5.185,5.185,0.0,,,,,,,,,,,,,,,,,,,,5.166666666666667,4.9748512996007515,4.962031430187905,4.981102371415403,5.073821524529312,5.073821524529312,5.1118341002620005,5.217581274633188,5.231217264547014,,,,,,,,,,,,,,,,,,,,,,5.118389491719018,5.118389491719018,5.05903038280136,5.059449509420856,4.968412329055969,4.966140473191797,4.718600758333846,5.028250504551791,5.028735805896443,5.106793872450292,5.105059779115175,5.102898581496207,5.103008655800153,5.122907672795106,5.212247780907192,5.212247780907192,5.212247780907192,5.2162096969697,5.2375371399901285,5.237925453381971,,,4.9748512996007515,4.962031430187905,5.072125970609187,#000000,0.40119470234436677,5.03123162747957,0.3832761789273139,67.29603867596474,10.214990553170857,True,False,True,False,True,1.466213427450466,0.0,0.0,0.0,0.0,0,1.0369404606692743,0.9513255106475447,False,False,False,False,-0.034366854576145356,-0.037869413630130924,False,False,False,False,104054.0,85080.47015525683,False,False,False,True,1496.741962388123,False,False,False,False
2025-04-18 17:00:00+00:00,5.185,5.185,5.185,5.185,0.0,,,,,,,,,,,,,,,,,,,,5.166666666666667,4.9748512996007515,4.962031430187905,4.981102371415403,5.073821524529312,5.073821524529312,5.1118341002620005,5.217581274633188,5.231217264547014,,,,,,,,,,,,,,,,,,,,,,5.118389491719018,5.118389491719018,5.05903038280136,5.059449509420856,4.968412329055969,4.966140473191797,4.718600758333846,5.028250504551791,5.028735805896443,5.106793872450292,5.105059779115175,5.102898581496207,5.103008655800153,5.122907672795106,5.212247780907192,5.212247780907192,5.212247780907192,5.2162096969697,5.2375371399901285,5.237925453381971,,,4.9748512996007515,4.962031430187905,5.072125970609187,#000000,0.3846872720760244,5.03123162747957,0.39972305735668134,68.04427539956002,11.353755808907827,True,False,True,False,True,1.466213427450466,0.0,0.0,0.0,0.0,0,1.0361813426329556,0.953792502179599,False,False,False,False,-0.034366854576145356,-0.03611813410313814,False,False,False,False,104054.0,85374.6334086637,False,False,False,True,1473.5366606456714,False,False,False,False
2025-04-18 18:00:00+00:00,5.185,5.185,5.185,5.185,0.0,,,,,,,,,,,,,,,,,,,,5.166666666666667,4.9748512996007515,4.962031430187905,4.981102371415403,5.073821524529312,5.073821524529312,5.1118341002620005,5.217581274633188,5.231217264547014,,,,,,,,,,,,,,,,,,,,,,5.118389491719018,5.118389491719018,5.05903038280136,5.059449509420856,4.968412329055969,4.966140473191797,4.718600758333846,5.028250504551791,5.028735805896443,5.106793872450292,5.105059779115175,5.102898581496207,5.103008655800153,5.122907672795106,5.212247780907192,5.212247780907192,5.212247780907192,5.2162096969697,5.2375371399901285,5.237925453381971,,,4.9748512996007515,4.962031430187905,5.072125970609187,#000000,0.3670803358571103,5.03123162747957,0.41889569530165693,68.54309988195688,12.320256887261763,True,False,True,False,True,1.466213427450466,0.0,0.0,0.0,0.0,0,1.0362920857017928,0.9536510712724093,False,False,False,False,-0.034366854576145356,-0.035242494339641744,False,False,False,False,104054.0,85664.23599147513,False,False,False,False,1450.6911310232579,False,True,False,False
2025-04-18 19:00:00+00:00,5.185,5.185,5.185,5.185,0.0,,,,,,,,,,,,,,,,,,,,5.166666666666667,4.9748512996007515,4.962031430187905,4.981102371415403,5.073821524529312,5.073821524529312,5.1118341002620005,5.217581274633188,5.231217264547014,,,,,,,,,,,,,,,,,,,,,,5.118389491719018,5.118389491719018,5.05903038280136,5.059449509420856,4.968412329055969,4.966140473191797,4.718600758333846,5.028250504551791,5.028735805896443,5.106793872450292,5.105059779115175,5.102898581496207,5.103008655800153,5.122907672795106,5.212247780907192,5.212247780907192,5.212247780907192,5.2162096969697,5.2375371399901285,5.237925453381971,,,4.9748512996007515,4.962031430187905,5.072125970609187,#000000,0.3474086826675304,5.03123162747957,0.44261522579038726,68.87564953688812,13.167778317900215,True,False,True,False,True,1.466213427450466,0.0,0.0,0.0,0.0,0,1.0372970601140852,0.9530495831505046,False,False,False,False,-0.034366854576145356,-0.03480467445789355,False,False,False,False,104054.0,85949.34861176234,False,False,False,False,1428.1997956585562,False,True,False,False
2025-04-21 14:00:00+00:00,5.14,5.14,4.96,4.96,48.0,,,,,,,,,,,,,,,,,,,,5.159831715210356,4.974956998162873,4.9620515199430075,4.981115603495317,5.07380625104693,5.07380625104693,5.111819937712722,5.217557920390196,5.23119253980796,,,,,,,,,,,,,,,,,,,,,,5.115764313507504,5.115764313507504,5.05842349638268,5.058962353142955,4.968523970544036,4.966256508078996,4.718748409571829,5.028247932631942,5.028733086932086,5.10677915403657,5.105047263460458,5.102886599335118,5.102997364505846,5.122894567884861,5.212224965282503,5.212224965282503,5.212224965282503,5.216186481065623,5.237511793273425,5.23790006899938,,,4.974956998162873,4.9620515199430075,5.0716111594821465,#000000,0.325758256137028,5.030555255642467,-0.21658777425671233,55.97621468788866,12.416132606564375,False,False,True,False,False,0.0,0.0,0.0,0.0,0.0,0,1.019388194743645,0.953468332615252,False,False,False,False,-0.09081669291729424,-0.0628106836875939,False,False,False,False,104006.0,86229.2966953009,False,False,False,False,1406.8013492142375,False,False,False,False
2025-04-21 15:00:00+00:00,4.96,4.96,4.96,4.96,0.0,,,,,,,,,,,,,,,,,,,,5.159831715210356,4.974956998162873,4.9620515199430075,4.981115603495317,5.07380625104693,5.07380625104693,5.111819937712722,5.217557920390196,5.23119253980796,,,,,,,,,,,,,,,,,,,,,,5.115764313507504,5.115764313507504,5.05842349638268,5.058962353142955,4.968523970544036,4.966256508078996,4.718748409571829,5.028247932631942,5.028733086932086,5.10677915403657,5.105047263460458,5.102886599335118,5.102997364505846,5.122894567884861,5.212224965282503,5.212224965282503,5.212224965282503,5.216186481065623,5.237511793273425,5.23790006899938,,,4.974956998162873,4.9620515199430075,5.0716111594821465,#000000,0.30415905334171117,5.030555255642467,-0.23196829049569911,47.37659145522235,4.887384868217872,False,True,False,True,False,0.0,0.0,0.0,0.0,0.0,0,1.0203111495246326,0.9697493517718235,False,False,False,False,-0.12875091696078358,-0.09578080032418874,False,False,False,False,104006.0,86504.90449847453,False,False,False,False,1384.990475583009,False,False,False,False
2025-04-21 16:00:00+00:00,4.96,4.96,4.92,4.92,100.0,,,,,,,,,,,,,,,,,,,,5.139787610619469,4.974754970958924,4.962030800199128,4.981081764079609,5.073723251302351,5.073723251302351,5.111762610300653,5.2174879469081334,5.231119918144169,,,,,,,,,,,,,,,,,,,,,,5.106157626821134,5.106157626821134,5.054498483422236,5.0558113870077745,4.968366023339319,4.966109398272268,4.718967190717973,5.028186331775699,5.02867126749611,5.106717899093781,5.104994642289854,5.102835557977212,5.102949297636756,5.12284428972438,5.212156027404601,5.212156027404601,5.212156027404601,5.216116773828392,5.237437973942181,5.237826177496457,,,4.974754970958924,4.962030800199128,5.069708645488013,#000000,0.2814973636923834,5.027882428799778,-0.38324489929387207,40.50710559284147,-0.9102238280800705,False,True,False,True,False,0.0,0.0,0.0,0.0,0.0,0,1.0243055555555556,0.9670138888888886,False,False,False,False,-0.13722720170460154,-0.11650400101439515,False,False,False,False,103906.0,86774.68892485477,False,False,False,False,1365.0681426282335,False,False,False,False
2025-04-21 17:00:00+00:00,4.92,4.92,4.9,4.905,1.0,,,,,,,,,,,,,,,,,,,,5.139582964927793,4.974751747233549,4.962030412782698,4.981081248878689,5.07372227408624,5.07372227408624,5.11176195691624,5.217487185799752,5.2311191311534975,,,,,,,,,,,,,,,,,,,,,,5.10605350877193,5.10605350877193,5.0544526348808025,5.055774406552992,4.968363328994811,4.966106816794008,4.718969121390389,5.028185553918608,5.028670487706359,5.106717198471982,5.10499403962957,5.102834972460459,5.1029487462792575,5.12284372076904,5.212155276401787,5.212155276401787,5.212155276401787,5.216116015318875,5.237437175258884,5.237825378109671,,,4.974751747233549,4.962030412782698,5.069688110753113,#000000,0.2667739705281375,5.027853226141707,-0.4605142919247012,35.52153529768215,-5.054542530593515,False,True,False,True,False,0.0,0.0,0.0,0.0,0.0,0,1.0278745644599303,0.9625435540069687,False,False,False,False,-0.14997886263539806,-0.13324143182489662,False,False,False,False,103905.0,87040.27514307408,False,False,False,False,1343.9197993316718,False,False,False,False
2025-04-21 18:00:00+00:00,4.905,4.92,4.89,4.92,161.0,,,,,,,,,,,,,,,,,,,,5.110973942208463,4.974249699012764,4.961970045280388,4.981000294745279,5.073566676701669,5.073566676701669,5.1116576781334695,5.217365356551358,5.230993129651926,,,,,,,,,,,,,,,,,,,,,,5.090738314733948,5.090738314733948,5.04750821140639,5.050117699043945,4.967944627632714,4.965706089373911,4.71928217838579,5.028062190151405,5.028546810200107,5.106605409978025,5.104897881359828,5.102741557594907,5.102860778300397,5.122752869708309,5.212035076362004,5.212035076362004,5.212035076362004,5.215994605047609,5.23730928872932,5.237697378153625,,,4.974249699012764,4.961970045280388,5.066703511180838,#000000,0.250640171352263,5.0235821344248475,-0.41327028251695413,33.4060620723411,-6.797024300976069,False,True,False,True,False,0.0,0.0,0.0,0.0,0.0,0,1.0266958424507657,0.9649890590809627,False,False,False,False,-0.15210874416248568,-0.14267508799369116,False,False,False,False,104066.0,87304.23986953804,False,False,False,False,1325.5799574815683,False,False,False,False
2025-04-21 19:00:00+00:00,4.92,4.965,4.92,4.965,973.0,,,,,,,,,,,,,,,,,,,,5.041822663723326,4.973164274542278,4.961886697486246,4.9807883816455645,5.0728610165512364,5.0728610165512364,5.111154310182061,5.216726684408483,5.2303283716723366,,,,,,,,,,,,,,,,,,,,,,5.045603713469568,5.045603713469568,5.025556455344748,5.031098854614082,4.96719894654424,4.9650562052590566,4.721544778952533,5.027572839824328,5.028055182099855,5.106069416450634,5.104437619099973,5.102295691166429,5.102440757580038,5.122308379169315,5.211406615888983,5.211406615888983,5.211406615888983,5.215358557708379,5.2366327236908665,5.237020100842939,,,4.973164274542278,4.961886697486246,5.058358372764066,#000000,0.23166403524332715,5.011420807530074,-0.20037986250786147,35.327545981360316,-6.797024300976069,False,True,False,True,False,0.0,0.0,0.0,0.0,0.0,0,1.0263042525208244,0.9622972380534853,False,False,False,False,-0.13616661839919766,-0.13942085319644443,False,False,False,False,105039.0,87579.19739094055,False,False,False,False,1320.1136015516215,False,False,False,False
2025-04-22 14:00:00+00:00,5.02,5.05,5.02,5.05,100.0,,,,,,,,,,,,,,,,,,,,5.041745595489782,4.97347032695302,4.9619425573401585,4.9808299517450845,5.07284174096668,5.07284174096668,5.111131546703097,5.216683307807102,5.230282106629525,,,,,,,,,,,,,,,,,,,,,,5.045424909593704,5.045424909593704,5.025883084577114,5.031269309332311,4.967508540647815,4.965373562001554,4.721865424180488,5.027580841086392,5.028062860938787,5.1060461843929765,5.104417946854891,5.1022770074849895,5.102423129405345,5.122286619432845,5.211364375662291,5.211364375662291,5.211364375662291,5.21531547291454,5.236585146615114,5.236972444220834,,,4.97347032695302,4.9619425573401585,5.0584022555835535,#000000,0.2121340091494859,5.011521564296071,0.18138739685447441,41.286499219081264,-6.797024300976069,False,True,False,True,True,0.0,0.0,0.0,0.0,0.0,0,1.0245183887915938,0.9658493870402801,False,False,False,False,-0.09711808399310613,-0.11826946859477527,False,False,False,False,105139.0,87851.44239263139,False,False,False,False,1301.1971116050847,False,False,False,False
2025-04-22 15:00:00+00:00,5.075,5.075,5.05,5.065,110.0,,,,,,,,,,,,,,,,,,,,5.042705050505051,4.973920706518439,4.9620222511218435,4.98089361712078,5.072835609746564,5.072835609746564,5.111114732009131,5.2166419161755035,5.230237478442533,,,,,,,,,,,,,,,,,,,,,,5.046032161939992,5.046032161939992,5.026792071197411,5.031930795198798,4.967954708994711,4.965827748507202,4.72224320355638,5.027606144442656,5.028087784665787,5.106029669700072,5.104404154433683,5.1022641637659065,5.102410993828556,5.122269480490881,5.211324258848652,5.211324258848652,5.211324258848652,5.215274408566233,5.2365390470477164,5.236926255342269,,,4.973920706518439,4.9620222511218435,5.058618400181703,#000000,0.18969943034672043,5.0118931496788175,0.279952608313676,45.94229542915528,-14.329605163250733,False,True,False,True,True,0.0,0.0,0.0,0.0,0.0,0,1.0228170250109696,0.9662132514260641,False,False,False,False,-0.08557104342088896,-0.10192025600783211,False,False,False,False,105249.0,88121.17196793942,False,False,False,False,1282.7289393321378,False,False,False,False
2025-04-22 16:00:00+00:00,5.065,5.12,5.065,5.115,10.0,,,,,,,,,,,,,,,,,,,,5.042935613682093,4.973978124905123,4.962032109632888,4.9809019720628305,5.0728372020320425,5.0728372020320425,5.111114376566328,5.216639054106226,5.230234313551573,,,,,,,,,,,,,,,,,,,,,,5.046198012702315,5.046198012702315,5.026953251137531,5.032058217895918,4.968010577533321,4.965884277789482,4.722281193117253,5.027610801942933,5.02809240404689,5.106029457767595,5.104404020027916,5.102264095883691,5.102410925784816,5.122268891942848,5.2113215162638715,5.2113215162638715,5.2113215162638715,5.215271577161649,5.236535744320249,5.236922944233796,,,4.973978124905123,4.962032109632888,5.058661474685657,"rgba(38, 166, 154, 0.5)",0.18156477016690808,5.011963469269882,0.5674918687992114,51.150244062936125,-9.365072958787273,False,True,True,False,True,0.23357358905547088,0.0,0.0,0.0,0.0,0,1.0242718446601944,0.9682259488084731,False,False,False,False,-0.0730000756034135,-0.0874601658056228,False,False,False,False,105259.0,88386.8747281264,False,False,False,False,1262.9967077145852,False,False,False,False
2025-04-22 17:00:00+00:00,5.115,5.135,5.03,5.035,200.0,,,,,,,,,,,,,,,,,,,,5.044703289882061,4.974814739597438,4.962181419065149,4.981022126022124,5.0728299765807945,5.0728299765807945,5.1110859664878046,5.216565492073461,5.230154855273291,,,,,,,,,,,,,,,,,,,,,,5.047383227176221,5.047383227176221,5.02862821594264,5.033307169493563,4.968838402908889,4.966726411809764,4.72297247341182,5.027660990993883,5.028141897888263,5.10600180652292,5.104381000744185,5.102242763643484,5.102390761477638,5.122239517847398,5.211250277018546,5.211250277018546,5.211250277018546,5.215198611438451,5.236453605181657,5.236840642341978,,,4.974814739597438,4.962181419065149,5.0590685921498855,#000000,0.1816786589975045,5.012661507021492,0.12295606485522906,50.46643962451154,-9.365072958787273,False,True,False,False,True,0.0,0.0,0.0,0.0,0.0,0,1.0105263157894737,0.9701754385964912,False,False,False,False,-0.0771876447565656,-0.0823239052810942,False,False,False,False,105059.0,88645.35729048101,False,False,False,False,1246.5161386027312,False,False,False,False
2025-04-22 18:00:00+00:00,5.035,5.035,5.01,5.01,150.0,,,,,,,,,,,,,,,,,,,,5.043308054085832,4.975107360588131,4.962241449762901,4.981061288847835,5.072782158525883,5.072782158525883,5.111041523585616,5.216492593664043,5.230077709010653,,,,,,,,,,,,,,,,,,,,,,5.046174158342582,5.046174158342582,5.028312551103842,5.032912567345981,4.969147939684526,4.967047816760087,4.723416460393975,5.027652009714242,5.028132468087377,5.105955642382139,5.104341652795817,5.102205067691348,5.102355212210068,5.1221983647101315,5.211179047900363,5.211179047900363,5.211179047900363,5.215126141779437,5.236374530830453,5.236761451220869,,,4.975107360588131,4.962241449762901,5.058920533958693,#000000,0.18170880575824186,5.012473769562488,-0.01361392229818431,48.92285324843678,-9.365072958787273,False,True,False,False,True,0.0,0.0,0.0,0.0,0.0,0,1.0066430469441983,0.9898139946855623,False,False,False,False,-0.10237510171382445,-0.09234950349745932,False,False,False,False,104909.0,88897.5067898534,False,False,False,False,1229.515888391836,False,False,False,False
2025-04-22 19:00:00+00:00,5.01,5.06,5.01,5.025,295.0,,,,,,,,,,,,,,,,,,,,5.042210862619808,4.975845536728165,4.962387111228066,4.981165536569297,5.0727113297711846,5.0727113297711846,5.110966796023141,5.21635901914718,5.229935695245122,,,,,,,,,,,,,,,,,,,,,,5.045076515345816,5.045076515345816,5.028503309555941,5.03285117755136,4.969907537067546,4.967829710144929,4.724325053456168,5.027659597642233,5.028139137666324,5.105878788303865,5.104276353528002,5.1021428008586005,5.10229646688734,5.122127902732892,5.2110487920863555,5.2110487920863555,5.2110487920863555,5.214993419541432,5.236228684548221,5.236615372667185,,,4.975845536728165,4.962387111228066,5.058889166583927,#000000,0.17939337217962747,5.012505143143292,0.06965060472912744,48.66897677183979,-9.365072958787273,False,True,False,False,True,0.0,0.0,0.0,0.0,0.0,0,0.9946571682991985,0.997328584149599,False,False,False,False,-0.09711808399310613,-0.09473379374528273,False,False,False,False,105204.0,89150.32063807274,False,False,False,False,1215.0272699671564,False,False,False,False
2025-04-23 14:00:00+00:00,5.16,5.16,4.97,4.97,9.0,,,,,,,,,,,,,,,,,,,5.033333333333332,5.0421854093660405,4.975868417949173,4.96239165220607,4.981168814996879,5.072709260318979,5.072709260318979,5.110964566279993,5.216354983774217,5.2299314022109495,,,,,,,,,,,,,,,,,,,,,,5.045049471170249,5.045049471170249,5.028511675647934,5.03285190126751,4.9699310387418185,4.96785388221466,4.724352838916587,5.027659924786499,5.028139436700803,5.1058764987042515,5.104274408877249,5.102140947804241,5.102294718447405,5.12212579434387,5.211044858046133,5.211044858046133,5.211044858046133,5.2149894101913965,5.236224274493421,5.23661095551961,,,4.975868417949173,4.96239165220607,5.051623091908047,#000000,0.1767677766077381,5.008795876948513,-0.21947369420504984,46.08428993648801,-9.365072958787273,False,True,False,True,False,0.0,0.0,0.0,0.0,0.0,0,0.9885714285714285,0.9854945054945052,False,False,False,False,-0.08452248618643661,-0.08962813996585967,False,False,False,False,105195.0,89399.0753568623,False,False,False,False,1196.3291727583633,False,False,False,False
2025-04-23 15:00:00+00:00,4.975,4.975,4.88,4.88,52.0,,,,,,,,,,,,,,,,,,,4.929617486338797,5.04005849785856,4.975721114248737,4.96237290043413,4.9811435880612,5.072660375779792,5.072660375779792,5.110931499083728,5.216316174729539,5.229891253631822,,,,,,,,,,,,,,,,,,,,,,5.04329797979798,5.04329797979798,5.027353912601625,5.03180996472663,4.96980656779371,4.967734339838796,4.724450103019351,5.027621295282254,5.028100707033888,5.1058410906392275,5.104243909024654,5.1021113152171,5.102266798296512,5.122096925235966,5.211006572130302,5.211006572130302,5.211006572130302,5.2149507356751394,5.236183520517856,5.236570165104779,,,4.975721114248737,4.96237290043413,5.047128737691252,"rgba(239, 83, 80, 0.5)",0.17245111593545498,5.003077712987045,-0.713696239768668,41.40296752511229,-9.365072958787273,False,True,False,True,False,0.0,0.0,0.0,0.0,0.0,0,0.9806678383128293,1.0057117750439366,False,False,False,False,-0.14253477197136372,-0.11608145596861169,False,False,False,False,105143.0,89643.16721179467,False,False,False,False,1178.5876351962181,False,False,False,False
2025-04-23 16:00:00+00:00,4.88,4.88,4.88,4.88,0.0,,,,,,,,,,,,,,,,,,,4.929617486338797,5.04005849785856,4.975721114248737,4.96237290043413,4.9811435880612,5.072660375779792,5.072660375779792,5.110931499083728,5.216316174729539,5.229891253631822,,,,,,,,,,,,,,,,,,,,,,5.04329797979798,5.04329797979798,5.027353912601625,5.03180996472663,4.96980656779371,4.967734339838796,4.724450103019351,5.027621295282254,5.028100707033888,5.1058410906392275,5.104243909024654,5.1021113152171,5.102266798296512,5.122096925235966,5.211006572130302,5.211006572130302,5.211006572130302,5.2149507356751394,5.236183520517856,5.236570165104779,,,4.975721114248737,4.96237290043413,5.047128737691252,"rgba(239, 83, 80, 0.5)",0.16967292329920305,5.003077712987045,-0.7253821681966797,38.28208591752848,-3.2873439135491935,False,True,False,True,False,0.0,0.0,0.0,0.0,0.0,0,0.9731159100925518,1.0145438519171441,False,False,False,False,-0.16277912285658566,-0.13943028941259866,False,False,False,False,105143.0,89883.47469688313,False,False,False,False,1160.314958681548,False,False,False,False
2025-04-23 17:00:00+00:00,4.88,4.895,4.88,4.89,0.0,,,,,,,,,,,,,,,,,,,4.929617486338797,5.04005849785856,4.975721114248737,4.96237290043413,4.9811435880612,5.072660375779792,5.072660375779792,5.110931499083728,5.216316174729539,5.229891253631822,,,,,,,,,,,,,,,,,,,,,,5.04329797979798,5.04329797979798,5.027353912601625,5.03180996472663,4.96980656779371,4.967734339838796,4.724450103019351,5.027621295282254,5.028100707033888,5.1058410906392275,5.104243909024654,5.1021113152171,5.102266798296512,5.122096925235966,5.211006572130302,5.211006572130302,5.211006572130302,5.2149507356751394,5.236183520517856,5.236570165104779,,,4.975721114248737,4.96237290043413,5.047128737691252,"rgba(239, 83, 80, 0.5)",0.1695994751819071,5.003077712987045,-0.6667338614448036,36.87201630915223,-5.000122061463358,False,True,False,True,False,0.0,0.0,0.0,0.0,0.0,0,0.9740088105726872,1.0132158590308369,False,False,False,False,-0.15957425737009756,-0.1495022733913481,False,False,False,False,105143.0,90120.05648452835,False,False,False,False,1142.3255794771828,False,False,False,False
2025-04-23 18:00:00+00:00,4.89,4.94,4.86,4.935,127.0,,,,,,,,,,,,,,,,,,,4.9174911347517725,5.035144163150492,4.9753641788425265,4.962327161063797,4.981082053034474,5.072541109354673,5.072541109354673,5.1108507849228495,5.2162214326467975,5.229793241014699,,,,,,,,,,,,,,,,,,,,,,5.039207650273224,5.039207650273224,5.0246204651162785,5.029339001349526,4.969504795378999,4.967444507760773,4.724687227818226,5.027527058216225,5.028006225453862,5.105754667498419,5.104169459588628,5.102038982064106,5.1021986430643596,5.122026451273211,5.210913107293798,5.210913107293798,5.210913107293798,5.214856322050395,5.236084029779408,5.23647058539611,,,4.9753641788425265,4.962327161063797,5.045832552059429,#000000,0.1693509070826787,5.001219983315209,-0.3910223125222462,38.79672148070277,-5.000122061463358,False,True,False,True,False,0.0,0.0,0.0,0.0,0.0,0,0.9724288840262583,1.0087527352297592,False,False,False,False,-0.1542399960777355,-0.1518711347345418,False,False,False,False,105270.0,90354.93932972946,False,False,False,False,1126.5840976248235,False,False,False,False
2025-04-23 19:00:00+00:00,4.935,4.935,4.88,4.905,84.0,,,,,,,,,,,,,,,,,,,4.914148284313725,5.0319718792866945,4.975111912568307,4.962293972197573,4.981038485218096,5.0724598727822885,5.0724598727822885,5.1107960958873555,5.216157772712698,5.22972742856866,,,,,,,,,,,,,,,,,,,,,,5.036538400063933,5.036538400063933,5.022805458875251,5.027692655908823,4.96928980666884,4.9672374114338265,4.724839551321656,5.027462126057442,5.027941135775347,5.105696076507865,5.104118970884957,5.101989914090376,5.102152408512013,5.1219787571920365,5.210850287714438,5.210850287714438,5.210850287714438,5.214792878236473,5.236017244708326,5.236403741799434,,,4.975111912568307,4.962293972197573,5.045164492461438,"rgba(239, 83, 80, 0.5)",0.1678784416509979,5.00022596540449,-0.5672316496864728,38.81417097378398,-5.000122061463358,False,True,False,True,False,0.0,0.0,0.0,0.0,0.0,0,0.985456148082856,1.009255178492728,False,False,False,False,-0.15104363339137256,-0.15145738406295717,False,False,False,False,105186.0,90584.87825484993,False,False,False,False,1110.4200030880045,False,False,False,False
2025-04-24 14:00:00+00:00,4.9,4.9,4.89,4.89,100.0,,,,,,,,,,,,,,,,,,,4.908552867383512,5.028013040167523,4.974755966630396,4.962245055269846,4.980977398572173,5.072355497027294,5.072355497027294,5.110726777976826,5.216078757721209,5.229645883229423,,,,,,,,,,,,,,,,,,,,,,5.033185436665885,5.033185436665885,5.020476404629129,5.02557975572679,4.968981691816756,4.966938833225599,4.725007283599128,5.027376394463903,5.027855229792627,5.105621700533987,5.104054842461914,5.101927546628409,5.102093643677871,5.121918491711851,5.210772259725541,5.210772259725541,5.210772259725541,5.214714117123412,5.23593455670037,5.236320985093183,,,4.974755966630396,4.962245055269846,5.044260062833249,"rgba(239, 83, 80, 0.5)",0.16700898179438237,4.998888995257869,-0.6519948453546706,38.208176947867386,-5.072512344302744,False,True,False,True,False,0.0,0.0,0.0,0.0,0.0,0,0.9857651245551601,1.0106761565836297,False,False,False,False,-0.15637263908432697,-0.15391501157364207,False,False,False,False,105086.0,90809.701847798,False,False,False,False,1094.7545766835394,False,False,False,False
2025-04-24 15:00:00+00:00,4.89,4.9,4.89,4.9,300.0,,,,,,,,,,,,,,,,,,,4.903246527777777,5.017649044362616,4.973749445041175,4.9621057983837655,4.980801598609903,5.072048915077236,5.072048915077236,5.110522273670089,5.215844390473376,5.229403906588121,,,,,,,,,,,,,,,,,,,,,,5.024225552395537,5.024225552395537,5.014136940319735,5.019771987785952,4.968112242171637,4.966097317579435,4.725518407871318,5.02712623549726,5.027604538235493,5.105402383501386,5.103865730679175,5.101743654064387,5.101920359232611,5.121740519414168,5.210540861321413,5.210540861321413,5.210540861321413,5.214480513492233,5.2356891431373045,5.236075364848113,,,4.973749445041175,4.9621057983837655,5.042211460924307,"rgba(239, 83, 80, 0.5)",0.15828381397275623,4.995763352145735,-0.6050103907795485,38.52946827409005,-5.348169942166493,False,True,False,True,False,0.0,0.0,0.0,0.0,0.0,0,0.9869545659019343,1.010796221322537,False,False,False,False,-0.15637263908432697,-0.15514382532898452,False,False,False,False,105386.0,91035.69096643678,False,False,False,False,1082.4328003008488,False,False,False,False
2025-04-24 16:00:00+00:00,4.9,4.93,4.86,4.93,30.0,,,,,,,,,,,,,,,,,,,4.903392687559354,5.016780184411969,4.973663090896089,4.96209402828397,4.980786143636425,5.072020060444981,5.072020060444981,5.110502799996605,5.2158217063553245,5.229380454914654,,,,,,,,,,,,,,,,,,,,,,5.023459030645511,5.023459030645511,5.013589460576215,5.019264713210742,4.968038454353802,4.966026233952635,4.725572329602584,5.027103185739858,5.027581432325829,5.105381526596143,5.103847750258596,5.1017261787452615,5.101903890327461,5.121723527692266,5.210518476866783,5.210518476866783,5.210518476866783,5.214457906440627,5.2356653446169705,5.23605154545579,,,4.973663090896089,4.96209402828397,5.042059649237886,#000000,0.1491456752052461,4.995524866034499,-0.43933467024321965,40.86026514250177,-5.348169942166493,False,True,False,True,True,0.0,0.0,0.0,0.0,0.0,0,0.9842057761732851,1.0054151624548733,False,False,False,False,-0.15637263908432697,-0.15575823220665574,False,False,False,False,105416.0,91258.64149408892,False,False,False,False,1066.1160126992852,False,False,False,False
2025-04-24 17:00:00+00:00,4.93,4.93,4.895,4.895,10.0,,,,,,,,,,,,,,,,,,,4.903438670411984,5.016493579732778,4.973634355565087,4.962090106027903,4.98078099341046,5.072010444471581,5.072010444471581,5.110496309598865,5.215814145722319,5.229372638447531,,,,,,,,,,,,,,,,,,,,,,5.023205739897346,5.023205739897346,5.01340820478047,5.019096631338008,4.968013897780624,4.966002577182635,4.725590296380077,5.027095504447504,5.027573732317827,5.105374575267201,5.103841757513686,5.101720354334629,5.101898401309767,5.121717864381579,5.210511016114741,5.210511016114741,5.210511016114741,5.214450371494674,5.235657412541894,5.236043606423828,,,4.973634355565087,4.962090106027903,5.042009329154527,"rgba(239, 83, 80, 0.5)",0.14768962463633506,4.995445826519553,-0.6801143057062237,40.58564792868049,-5.348169942166493,False,True,False,True,True,0.0,0.0,0.0,0.0,0.0,0,0.9873987398739875,0.9963996399639965,False,False,False,False,-0.14891442931858473,-0.15233633076262024,False,False,False,False,105406.0,91477.98038565344,False,False,False,False,1049.7421210295288,False,False,False,False
2025-04-24 18:00:00+00:00,4.895,4.9,4.86,4.88,437.0,,,,,,,,,,,,,,,,,,,4.894524223962866,5.002553945625925,4.971911628494444,4.9618370346332545,4.9804758968816945,5.071523718922931,5.071523718922931,5.1101760282357445,5.215455638127909,5.229003232510934,,,,,,,,,,,,,,,,,,,,,,5.010808571051241,5.010808571051241,5.004206912878787,5.01057852204783,4.9665013698271006,4.964530403332159,4.726256861369872,5.026686669337928,5.0271641931639435,5.105030573669622,5.10354485992655,5.101431415759869,5.101626109632226,5.121440016062824,5.210156755881724,5.210156755881724,5.210156755881724,5.214092956602976,5.2352830877128795,5.235668986107436,,,4.971911628494444,4.9618370346332545,5.039024460497447,"rgba(239, 83, 80, 0.5)",0.14720112489776527,4.9908765979939735,-0.7532320019359915,39.6697869185915,-5.4652672921278835,False,True,False,True,True,0.0,0.0,0.0,0.0,0.0,0,0.9909706546275395,0.9986455981941307,False,False,False,False,-0.16277912285658536,-0.15755772680960278,False,False,False,False,104969.0,91687.14348044951,False,False,False,False,1040.2422431841098,False,False,False,False
2025-04-24 19:00:00+00:00,4.88,4.91,4.875,4.88,225.0,,,,,,,,,,,,,,,,,,,4.893510431829209,4.996847986974541,4.971127330358261,4.961720548633463,4.980332498714639,5.071284939664809,5.071284939664809,5.1100174281901385,5.215275928245476,5.228817873604082,,,,,,,,,,,,,,,,,,,,,,5.00558252734054,5.00558252734054,5.0002331961591215,5.0068419145949346,4.965815792209143,4.963864707100515,4.726616300005258,5.026488963972545,5.0269661073555945,5.104860409221207,5.103397989050488,5.101288529889163,5.101491435830231,5.121302137141969,5.209979248839877,5.209979248839877,5.209979248839877,5.213913813372705,5.235095178031546,5.235480923102841,,,4.971127330358261,4.961720548633463,5.03785585551043,"rgba(239, 83, 80, 0.5)",0.14133134666288955,4.989052315686933,-0.7716074194569849,39.0592129118655,-6.471656220003418,False,True,False,True,True,0.0,0.0,0.0,0.0,0.0,0,0.9977375565610861,0.9909502262443438,False,False,False,False,-0.1574394887378151,-0.15749860777370894,False,False,False,False,104969.0,91893.06373656656,False,False,False,False,1027.6028285611003,False,False,False,False
2025-04-25 14:00:00+00:00,4.88,4.88,4.88,4.88,0.0,,,,,,,,,,,,,,,,,,,4.893510431829209,4.996847986974541,4.971127330358261,4.961720548633463,4.980332498714639,5.071284939664809,5.071284939664809,5.1100174281901385,5.215275928245476,5.228817873604082,,,,,,,,,,,,,,,,,,,,,,5.00558252734054,5.00558252734054,5.0002331961591215,5.0068419145949346,4.965815792209143,4.963864707100515,4.726616300005258,5.026488963972545,5.0269661073555945,5.104860409221207,5.103397989050488,5.101288529889163,5.101491435830231,5.121302137141969,5.209979248839877,5.209979248839877,5.209979248839877,5.213913813372705,5.235095178031546,5.235480923102841,,,4.971127330358261,4.961720548633463,5.03785585551043,"rgba(239, 83, 80, 0.5)",0.1401971906004131,4.989052315686933,-0.7778495076820134,38.652163574048174,-7.270087408299958,False,True,False,True,True,0.0,0.0,0.0,0.0,0.0,0,0.9981735159817352,0.9972602739726026,False,False,False,False,-0.16277912285658566,-0.16013886531514732,False,False,False,False,104969.0,92095.79143057327,False,False,False,False,1011.6710017617033,False,False,False,False
2025-04-25 15:00:00+00:00,4.88,4.9,4.85,4.9,110.0,,,,,,,,,,,,,,,,,,,4.892756064690027,4.994141742522757,4.970726394597363,4.961659863323174,4.980258753953935,5.071165245365089,5.071165245365089,5.109938225920869,5.215186799390413,5.2287259974147995,,,,,,,,,,,,,,,,,,,,,4.883333333333333,5.00308440151093,5.00308440151093,4.998305601359116,5.005023423905766,4.965463631423693,4.963522205897515,4.726786030758326,5.026389022873244,5.026865985653087,5.104775396144268,5.103324590793552,5.101217105785809,5.101424114227257,5.121233343582766,5.209891190956426,5.209891190956426,5.209891190956426,5.213824960029196,5.235002061564578,5.2353877321079905,,,4.970726394597363,4.961659863323174,5.024217060256429,"rgba(239, 83, 80, 0.5)",0.140127837387177,4.977082146340808,-0.5500844641441781,40.33683488351625,-7.270087408299958,False,True,False,True,True,0.0,0.0,0.0,0.0,0.0,1,0.9922374429223744,0.9940639269406392,False,False,False,False,-0.16491753883311347,-0.16252820207413038,False,False,False,False,105079.0,92297.08148591322,False,False,False,False,997.6916063855529,False,False,False,False
2025-04-25 16:00:00+00:00,4.89,4.89,4.87,4.88,300.0,,,,,,,,,,,,,,,,,,,4.890610986547085,4.987173382173382,4.9696103115047645,4.961487811387274,4.9800513034501925,5.070833800499722,5.070833800499722,5.10971932747332,5.214941524604471,5.228473258345899,,,,,,,,,,,,,,,,,,,,,4.880894308943089,4.996586896592175,4.996586896592175,4.9932142686367325,5.000196885857673,4.964479934008595,4.962564528869184,4.727237252861604,5.026110829574822,5.026587309618983,5.104540388515988,5.10312163301576,5.101019574051808,5.101237917847437,5.121043300797341,5.209648825281613,5.209648825281613,5.209648825281613,5.213580433655556,5.234745953190558,5.235131421313494,,,4.9696103115047645,4.961487811387274,5.022601611995283,"rgba(239, 83, 80, 0.5)",0.13808986498221767,4.974591119658636,-0.6849968292084074,40.06128260626519,-7.270087408299958,False,True,False,True,True,0.0,0.0,0.0,0.0,0.0,1,0.9953789279112751,1.0018484288354896,False,False,False,False,-0.16277912285658566,-0.162653662465358,False,False,False,False,104779.0,92490.59960241069,False,False,False,False,986.8746822555443,False,False,False,False
2025-04-25 17:00:00+00:00,4.88,4.88,4.87,4.87,1.0,,,,,,,,,,,,,,,,,,,4.890601307189542,4.9871502204136995,4.969606363785469,4.961487192272755,4.980050567403277,5.070832659076459,5.070832659076459,5.109718577353547,5.214940691360921,5.228472400389435,,,,,,,,,,,,,,,,,,,,,4.880875912408759,4.996565212291813,4.996565212291813,4.993197074010327,5.00018056270372,4.964476437112348,4.962561118542583,4.727238687046183,5.026109861801748,5.026586340301274,5.104539582745231,5.103120936911176,5.101018896359729,5.101237279029788,5.121042650315559,5.209648001665284,5.209648001665284,5.209648001665284,5.213579602888974,5.234745084082217,5.235130551535465,,,4.969606363785469,4.961487192272755,5.022595652550953,"rgba(239, 83, 80, 0.5)",0.1300963606833771,4.974582067904894,-0.8038815794349636,39.20280272114748,-7.484242057171151,False,True,False,True,True,0.0,0.0,0.0,0.0,0.0,0,0.9815157116451019,1.002772643253235,False,False,False,False,-0.16491753883311347,-0.16378560064923575,False,False,False,False,104778.0,92681.10193415625,False,False,False,False,971.5898034608846,False,False,False,False
2025-04-25 18:00:00+00:00,4.87,4.895,4.87,4.895,334.0,,,,,,,,,,,,,,,,,,,4.889981123171307,4.980756334539913,4.968485829086105,4.961312096243043,4.979835939041115,5.070477848149941,5.070477848149941,5.1094824201311315,5.2146734688737935,5.2281968244619295,,,,,,,,,,,,,,,,,,,,,4.883472035794183,4.990465824747978,4.990465824747978,4.988326945889224,4.995503330866023,4.963491988332892,4.961604525956955,4.7277597088091134,5.025815460274715,5.026291380278843,5.104286271247213,5.1029021506677985,5.100806014544252,5.101036585138181,5.120837264480969,5.209384036338668,5.209384036338668,5.209384036338668,5.213313218278641,5.234465736133107,5.234850976859639,,,4.968485829086105,4.961312096243043,5.021305712918646,"rgba(239, 83, 80, 0.5)",0.11867766170338737,4.972518125853556,-0.6531821131368303,41.25505691129699,-7.484242057171151,False,True,False,True,True,0.0,0.0,0.0,0.0,0.0,1,0.9806094182825484,1.002770083102493,False,False,False,False,-0.16171046919426538,-0.16274803492175055,False,False,False,False,105112.0,92873.82903595228,False,False,False,False,961.7046902289328,False,False,False,False
2025-04-25 19:00:00+00:00,4.895,5.015,4.895,4.985,502.0,,,,,,,,,,,,,,,,,,,4.904349484929416,4.9793809772213535,4.9684164552278265,4.961325022342622,4.979784866231436,5.070173303962053,5.070173303962053,5.109252870289199,5.2143683738630235,5.227878277194196,,,,,,,,,,,,,,,,,,,,,4.91629243517776,4.988505112474438,4.988505112474438,4.986827185792349,4.99372444237918,4.963520129363221,4.961667654284409,4.7289193110230485,5.025623089961624,5.02609779729585,5.104043297715231,5.102692969362206,5.10060360124977,5.100845614417762,5.120632283145466,5.209084212335692,5.209084212335692,5.209084212335692,5.21300947788386,5.234141093423638,5.234525965966258,,,4.9684164552278265,4.961325022342622,5.0227809897981635,#000000,0.10059395679731663,4.974257957756857,0.1067861587827533,48.77561052303755,-5.0304890142113265,False,False,False,False,True,0.0,0.0,0.0,0.0,0.0,0,0.9826484018264839,0.9908675799086757,False,False,False,False,-0.1308682171148758,-0.14680812601831317,False,False,False,False,105614.0,93071.35106640263,False,False,False,False,954.5774857292595,False,False,False,False
2025-04-28 14:00:00+00:00,5.07,5.155,4.98,5.145,700.0,,,,,,,,,,,,,,,,,,,4.9441834788718255,4.991745982535008,4.971789461502855,4.961967068267509,4.980327329766225,5.0702661743982205,5.0702661743982205,5.109217679770865,5.2141624869383545,5.227651592281572,,,,,,,,,,,,,,,,,,,,,4.9799435028248595,4.9986685133887345,4.9986685133887345,4.9955900329102025,5.001215441913764,4.966812373947805,4.964994825698231,4.731386258941554,5.025920435463599,5.026392614261581,5.104017309414451,5.1026732138872655,5.100588522577671,5.1008309377349095,5.1205823041608065,5.208886529096611,5.208886529096611,5.208886529096611,5.212805696507374,5.2339049401143845,5.234289236937791,,,4.971789461502855,4.961967068267509,5.0294328483287245,"rgba(0, 255, 255, 0.75)",0.10204874299050527,4.983526236317337,1.582319967407012,58.65227148918467,3.6445803401521175,True,False,True,False,True,3.170084928501165,0.0,0.0,0.0,0.0,0,0.9905575539568345,0.97886690647482,False,False,False,False,-0.08347411433819184,-0.11514112017825251,False,False,False,False,106314.0,93276.66345297002,False,False,False,False,950.6305479660151,False,False,False,False
2025-04-28 15:00:00+00:00,5.145,5.165,5.11,5.14,1364.0,,,,,,,,,,,,,,,,,,5.138333333333333,5.000708644610458,5.0173307741522715,4.98011421381804,4.963622838775396,4.981784650095565,5.07079390477273,5.07079390477273,5.109342553608507,5.213911972337005,5.227359319510188,,,,,,,,,,,,,,,,,,,,,5.0451937984496125,5.02086129232681,5.02086129232681,5.0153126688276615,5.018740629685156,4.974889521836701,4.973129479901371,4.736684452165282,5.02687419525394,5.027340952144342,5.104178802714612,5.10281927853152,5.100740449470256,5.100973164470149,5.120645404949922,5.208652518399643,5.208652518399643,5.208652518399643,5.21255941615066,5.233593628231799,5.233976765043399,,,4.98011421381804,4.963622838775396,5.037228908775713,"rgba(38, 166, 154, 1.0)",0.10326538015586341,5.00234990884922,1.3329742353441025,64.87142919190543,8.673111287020546,True,False,True,False,True,3.0086944918534435,0.0,0.0,0.0,0.0,0,1.0036150022593764,0.9859918662449163,False,False,False,False,-0.054185478025472064,-0.0846632991018623,False,False,False,False,104950.0,93457.64541493948,False,False,False,False,957.0393766797202,False,False,False,False
2025-04-28 16:00:00+00:00,5.14,5.14,5.05,5.085,639.0,,,,,,,,,,,,,,,,,,5.123445664836079,5.01162565740045,5.0229494913650345,4.982666654730788,4.964183530121223,4.982257389789957,5.0708694429184415,5.0708694429184415,5.109307109758268,5.213723067150656,5.227151624684217,,,,,,,,,,,,,,,,,,,,,5.052711814345991,5.025766923271531,5.025766923271531,5.019954492119367,5.0228604897887,4.977410147277397,4.975679482000181,4.738836451435404,5.0271307092761,5.027595240157381,5.10415127823794,5.102797918945787,5.100723371584315,5.100956659145137,5.120597226305609,5.2084710234478315,5.2084710234478315,5.2084710234478315,5.212372412936112,5.233377378301092,5.233759994914645,,,4.982666654730788,4.964183530121223,5.0387833813779555,"rgba(38, 166, 154, 0.5)",0.10375221695230792,5.004849824328323,0.7725153064297391,65.217582181577,8.673111287020546,True,False,True,False,True,1.2418542894852571,0.0,0.0,0.0,0.0,0,0.9968354430379747,0.9882459312839057,False,False,False,False,-0.07195358822077812,-0.0783084436613202,False,False,False,False,104311.0,93625.91447827376,False,False,False,False,952.1085336304222,False,False,False,False
2025-04-28 17:00:00+00:00,5.085,5.105,5.0,5.02,1455.0,,,,,,,,,,,,,,,,,,5.08903605166763,5.01807346216256,5.025697850438995,4.985588342068842,4.964948467248373,4.982833728936359,5.070630767012686,5.070630767012686,5.108999677209425,5.213119786746614,5.226507412119582,,,,,,,,,,,,,,,,,,,,,5.049738513721862,5.027933445713929,5.027933445713929,5.022594573513845,5.02500391665361,4.980420329051163,4.978760818169176,4.742959732736922,5.027260575098703,5.027720770820174,5.103839853665055,5.102532487814584,5.10047136037603,5.100718190630467,5.120299551931381,5.207883846155093,5.207883846155093,5.207883846155093,5.2117732676881765,5.232714558526623,5.233096046338532,,,4.985588342068842,4.964948467248373,5.038500421020939,#000000,0.10380256727542542,5.00496460077827,0.14484612101967845,61.84714393713959,8.673111287020546,True,False,True,False,False,0.0,0.0,0.0,0.0,0.0,0,0.9972997299729972,0.9828982898289828,False,False,False,False,-0.08976717336869025,-0.08403780851500522,False,False,False,False,102856.0,93769.01657938579,False,False,False,False,959.9053005508807,False,False,False,False
2025-04-28 18:00:00+00:00,5.02,5.06,4.99,5.0,882.0,,,,,,,,,,,,,,,,,,5.074328725038402,5.017911499804202,5.024959688629413,4.986494074367787,4.9652561309555905,4.983031527291685,5.07036472598273,5.07036472598273,5.108745982694044,5.212703118111504,5.226066550265639,,,,,,,,,,,,,,,,,,,,,5.045098881289433,5.027073817762399,5.027073817762399,5.022187629721876,5.0244651230949575,4.981421214113524,4.979804261206997,4.745200337840975,5.027203510421945,5.027661314420571,5.103577275754318,5.102307077958542,5.100255137014687,5.100513761273932,5.1200631735654625,5.207476682857903,5.207476682857903,5.207476682857903,5.211359040585675,5.232262707316171,5.232643529251873,,,4.986494074367787,4.9652561309555905,5.03771360387226,#000000,0.10007623220449746,5.004059055785505,-0.04055963834859983,58.61390656260269,16.083665978456352,True,False,True,False,False,0.0,0.0,0.0,0.0,0.0,0,0.9964012595591544,0.9878542510121457,False,False,False,False,-0.10132325617483995,-0.09268053234492259,False,False,False,False,101974.0,93896.22562466662,False,False,False,False,958.6974664338128,False,False,False,False
2025-04-28 19:00:00+00:00,5.025,5.03,4.965,4.985,3809.0,,,,,,,,,,,,,,,,,,5.036469914508937,5.00974949142691,5.016708675799086,4.9872586309785865,4.965959385733604,4.983285221079306,5.068758877669228,5.068758877669228,5.107392580209515,5.210712026510418,5.223973928014445,,,,,,,,,,,,,,,,,,,,,5.025568872160592,5.018711692367752,5.018711692367752,5.015589441876289,5.017672375933245,4.982690396270398,4.981241701534171,4.753672965672214,5.02643352233164,5.026882035083535,5.102161614254636,5.101085500596937,5.099076905496186,5.099399677987147,5.118827014430406,5.205525431094638,5.205525431094638,5.205525431094638,5.2093781848077025,5.230123994974091,5.230502027091055,,,4.9872586309785865,4.965959385733604,5.033503699781277,#000000,0.09774428855918992,4.998619791785308,-0.13934104985643458,55.70505453266943,13.361748117149673,True,False,True,False,False,0.0,0.0,0.0,0.0,0.0,0,0.9896999552171966,0.9905956112852664,False,False,False,False,-0.11290637308199145,-0.10279345271345702,False,False,False,False,98165.0,93962.4081731214,False,False,False,False,1002.8882033883273,False,False,False,False
2025-04-29 14:00:00+00:00,4.985,4.985,4.985,4.985,0.0,,,,,,,,,,,,,,,,,,5.036469914508937,5.00974949142691,5.016708675799086,4.9872586309785865,4.965959385733604,4.983285221079306,5.068758877669228,5.068758877669228,5.107392580209515,5.210712026510418,5.223973928014445,,,,,,,,,,,,,,,,,,,,,5.025568872160592,5.018711692367752,5.018711692367752,5.015589441876289,5.017672375933245,4.982690396270398,4.981241701534171,4.753672965672214,5.02643352233164,5.026882035083535,5.102161614254636,5.101085500596937,5.099076905496186,5.099399677987147,5.118827014430406,5.205525431094638,5.205525431094638,5.205525431094638,5.2093781848077025,5.230123994974091,5.230502027091055,,,4.9872586309785865,4.965959385733604,5.033503699781277,#000000,0.09529744804348034,4.998619791785308,-0.14291874614621008,53.76581984604725,11.42980702373152,True,False,True,False,False,0.0,0.0,0.0,0.0,0.0,0,0.991483639623487,0.9941730165844909,False,False,False,False,-0.11818123090842446,-0.11048734181094075,False,False,False,False,98165.0,94027.56463555362,False,False,False,False,987.3395490722291,False,False,False,False
2025-04-29 15:00:00+00:00,4.985,4.985,4.985,4.985,0.0,,,,,,,,,,,,,,,,,,5.036469914508937,5.00974949142691,5.016708675799086,4.9872586309785865,4.965959385733604,4.983285221079306,5.068758877669228,5.068758877669228,5.107392580209515,5.210712026510418,5.223973928014445,,,,,,,,,,,,,,,,,,,,,5.025568872160592,5.018711692367752,5.018711692367752,5.015589441876289,5.017672375933245,4.982690396270398,4.981241701534171,4.753672965672214,5.02643352233164,5.026882035083535,5.102161614254636,5.101085500596937,5.099076905496186,5.099399677987147,5.118827014430406,5.205525431094638,5.205525431094638,5.205525431094638,5.2093781848077025,5.230123994974091,5.230502027091055,,,4.9872586309785865,4.965959385733604,5.033503699781277,#000000,0.09429859609358696,4.998619791785308,-0.1444326039784389,52.47299672163246,9.964374624301414,True,False,False,False,False,0.0,0.0,0.0,0.0,0.0,0,0.9914721723518852,0.9946140035906641,False,False,False,False,-0.11818123090842446,-0.1143342863596826,False,False,False,False,98165.0,94091.7109202737,False,False,False,False,972.0319591641326,False,False,False,False
2025-04-29 16:00:00+00:00,4.985,4.985,4.8,4.825,1160.0,,,,,,,,,,,,,,,,,,5.015725999928384,4.996914225389284,5.005910321489001,4.983398045393051,4.965232956782588,4.982441941052278,5.0675049807387245,5.0675049807387245,5.106547808223102,5.209772843748348,5.223007291583295,,,,,,,,,,,,,,,,,,,,,5.009536543473111,5.0082751527618115,5.0082751527618115,5.006110643393014,5.008471110633649,4.979148785333696,4.977755066198326,4.754870170582252,5.025357931756661,5.025804892966359,5.101257242385981,5.100299290318356,5.098310713400114,5.098675793310756,5.118090040979947,5.204596940094078,5.204596940094078,5.204596940094078,5.208441753111504,5.229144956814664,5.229522243647271,,,4.983398045393051,4.965232956782588,5.028640669203402,"rgba(255, 0, 0, 1.0)",0.0954507089435907,4.991720214684144,-1.7466629271729353,45.0102329908442,2.8377622144754184,False,True,False,True,False,0.0,0.0,0.0,0.0,0.0,0,0.9737193763919821,1.000445434298441,False,False,False,False,-0.1574394887378151,-0.13588688754874884,False,False,False,False,97005.0,94136.8781928276,False,False,False,False,974.9461923553863,False,False,False,False
2025-04-29 17:00:00+00:00,4.86,4.86,4.775,4.775,1510.0,,,,,,,,,,,,,,,,,,4.986082509165973,4.976241867043847,4.9881980312680945,4.975998058587124,4.96365312162747,4.980723059388297,5.06535324684665,5.06535324684665,5.105149721413029,5.208319655213516,5.2215207338319,,,,,,,,,,,,,,,,,,,,,4.985146221734817,4.991119980782378,4.991119980782378,4.990267846363464,4.993080936056043,4.9722388079125475,4.9709176618207005,4.755510847297369,5.023388379743858,5.023834154640382,5.099754154777578,5.098989889846339,5.097031988049579,5.097467586885751,5.116881177961758,5.203156685167804,5.203156685167804,5.203156685167804,5.206991895643578,5.227643372147157,5.228019760102046,,,4.975998058587124,4.96365312162747,5.020666366480395,"rgba(255, 26, 202, 1.0)",0.09838341982922494,4.9803343067682455,-2.087082428367166,38.80697970785417,-2.843130063745008,False,True,False,True,False,0.0,0.0,0.0,0.0,0.0,0,0.9713518352730528,1.0183527305282003,False,False,False,False,-0.18962221606594548,-0.16275455180734716,False,False,False,False,95495.0,94157.93434487679,False,False,False,False,983.2416002258454,False,False,False,False
2025-04-29 18:00:00+00:00,4.775,4.805,4.775,4.805,100.0,,,,,,,,,,,,,,,,,,4.984332509082027,4.9749691011235955,4.987085780080599,4.975506790073195,4.963544202837711,4.980605097294467,5.065207492070336,5.065207492070336,5.1050550440698546,5.208221811633834,5.221420703640473,,,,,,,,,,,,,,,,,,,,,4.983668324783667,4.990038774647628,4.990038774647628,4.989262709974091,4.992101646314332,4.971778686396679,4.970462152597964,4.755545389338885,5.023254286049786,5.023699988273918,5.099652364442843,5.0989011494789755,5.096945303860005,5.097385665082225,5.116799329544542,5.203059688605305,5.203059688605305,5.203059688605305,5.206894270239706,5.227542357579695,5.227918686681251,,,4.975506790073195,4.963544202837711,5.0201643097096245,"rgba(255, 0, 0, 1.0)",0.10072431378462517,4.979617827879028,-1.733621419872926,36.544599090436584,-4.878957185504319,False,True,False,True,False,0.0,0.0,0.0,0.0,0.0,0,0.9589285714285717,1.0232142857142856,False,False,False,False,-0.2015170321991279,-0.18213579200323754,False,False,False,False,95595.0,94180.21443255313,False,False,False,False,969.5479320052897,False,False,False,False
2025-04-29 19:00:00+00:00,4.805,4.81,4.77,4.77,1000.0,,,,,,,,,,,,,,,,,,4.967468747378136,4.96239457567804,4.975994193431318,4.97042861295352,4.962387841182042,4.979360032735219,5.063695980909991,5.063695980909991,5.10407593445856,5.207218364826222,5.2203956789083605,,,,,,,,,,,,,,,,,,,,,4.969220395211307,4.979238553041782,4.979238553041782,4.979181475498115,4.98226661013489,4.967010332321189,4.965739062762916,4.755786348947585,5.021853860222583,5.022298923603013,5.098599350630618,5.097982628994561,5.096047802885479,5.096537367925846,5.115953538018003,5.202064592989492,5.202064592989492,5.202064592989492,5.205892974920399,5.226507624074657,5.2268833731932105,,,4.97042861295352,4.962387841182042,5.015140851834639,"rgba(255, 0, 0, 1.0)",0.1039656041527346,4.9724504999654595,-1.9472834464371733,34.0641942843625,-7.309385022712064,False,True,False,True,False,0.0,0.0,0.0,0.0,0.0,0,0.9582959641255605,1.0309417040358742,False,False,False,False,-0.20151703219912814,-0.19182641210118284,False,False,False,False,94595.0,94186.64521654455,False,False,False,False,970.020057090479,False,False,False,False
2025-04-30 14:00:00+00:00,4.77,4.77,4.77,4.77,0.0,,,,,,,,,,,,,,,,,,4.967468747378136,4.96239457567804,4.975994193431318,4.97042861295352,4.962387841182042,4.979360032735219,5.063695980909991,5.063695980909991,5.10407593445856,5.207218364826222,5.2203956789083605,,,,,,,,,,,,,,,,,,,,,4.969220395211307,4.979238553041782,4.979238553041782,4.979181475498115,4.98226661013489,4.967010332321189,4.965739062762916,4.755786348947585,5.021853860222583,5.022298923603013,5.098599350630618,5.097982628994561,5.096047802885479,5.096537367925846,5.115953538018003,5.202064592989492,5.202064592989492,5.202064592989492,5.205892974920399,5.226507624074657,5.2268833731932105,,,4.97042861295352,4.962387841182042,5.015140851834639,"rgba(255, 0, 0, 1.0)",0.10706569508044739,4.9724504999654595,-1.8908997864660757,32.41059108031311,-9.110699473999077,False,True,False,True,False,0.0,0.0,0.0,0.0,0.0,0,0.9533725667722951,1.0407424173834312,False,False,False,False,-0.21020309925883043,-0.20101475568000665,False,False,False,False,94595.0,94192.97629845858,False,False,False,False,954.9809864379134,False,False,False,False
2025-04-30 15:00:00+00:00,4.77,4.77,4.77,4.77,0.0,,,,,,,,,,,,,,,,,,4.967468747378136,4.96239457567804,4.975994193431318,4.97042861295352,4.962387841182042,4.979360032735219,5.063695980909991,5.063695980909991,5.10407593445856,5.207218364826222,5.2203956789083605,,,,,,,,,,,,,,,,,,,,,4.969220395211307,4.979238553041782,4.979238553041782,4.979181475498115,4.98226661013489,4.967010332321189,4.965739062762916,4.755786348947585,5.021853860222583,5.022298923603013,5.098599350630618,5.097982628994561,5.096047802885479,5.096537367925846,5.115953538018003,5.202064592989492,5.202064592989492,5.202064592989492,5.205892974920399,5.226507624074657,5.2268833731932105,,,4.97042861295352,4.962387841182042,5.015140851834639,"rgba(255, 0, 0, 1.0)",0.10980375615096762,4.9724504999654595,-1.8437484022596973,31.308188944280182,-10.5365449724883,False,True,False,True,False,0.0,0.0,0.0,0.0,0.0,0,0.9482363719651856,1.0480989464040311,False,False,False,False,-0.21020309925883043,-0.20560892746941856,False,False,False,False,94595.0,94199.20922406387,False,False,False,False,940.1750796714341,False,False,False,False
2025-04-30 16:00:00+00:00,4.77,4.77,4.65,4.65,10.0,,,,,,,,,,,,,,,,,,4.967236147204292,4.962215956284152,4.9758385926731945,4.970354529363592,4.962370363954066,4.979341771166632,5.063675943054772,5.063675943054772,5.104063333089875,5.207206150118441,5.220383269147083,,,,,,,,,,,,,,,,,,,,,4.969019169789564,4.979087506745347,4.979087506745347,4.979039976513187,4.982128988714663,4.966940256345393,4.965669484397344,4.755780644862948,5.021834490943402,5.02227955547784,5.0985857489691675,5.097970754225474,5.096036182861243,5.09652638710694,5.115942734554988,5.202052453147788,5.202052453147788,5.202052453147788,5.205880779532088,5.2264951270416615,5.226870870989756,,,4.970354529363592,4.962370363954066,5.015070176849839,"rgba(255, 26, 202, 1.0)",0.11632077425171666,4.972349190661364,-2.7712091218014465,27.58739145877426,-14.418477104744923,False,True,False,True,False,0.0,0.0,0.0,0.0,0.0,0,0.9254686785550984,1.0562414266117968,False,False,False,False,-0.23645558259173796,-0.22103225503057827,False,False,False,False,94585.0,94205.19047640396,False,False,False,False,925.7537606067607,False,False,False,False
2025-04-30 17:00:00+00:00,4.65,4.685,4.65,4.67,40.0,,,,,,,,,,,,,,,,,,4.966237223939621,4.961447133202529,4.975170828809264,4.9700357145998835,4.9622949180955285,4.979263279766296,5.063591166983852,5.063591166983852,5.104010298121124,5.207155250516167,5.220331608342969,,,,,,,,,,,,,,,,,,,,,4.968154881670977,4.978439731095939,4.978439731095939,4.97843303869382,4.981539064091115,4.966638404515207,4.965369674817244,4.755750326480141,5.021751979148429,5.022197055338653,5.098528466758088,5.097920739828858,5.095987229525179,5.0964801290967285,5.115897328278156,5.202001845069483,5.202001845069483,5.202001845069483,5.205829955191865,5.226443126166502,5.2268188500116075,,,4.9700357145998835,4.9622949180955285,5.014766854240237,"rgba(255, 26, 202, 1.0)",0.12179206175405126,4.97191403569996,-2.4789303288883486,26.559168379875818,-15.766769307133202,False,True,False,True,False,0.0,0.0,0.0,0.0,0.0,0,0.9175022789425709,1.063810391978122,False,False,False,False,-0.2552445803978516,-0.23813841771421493,False,False,False,False,94625.0,94211.6991511884,False,False,False,False,912.021144163245,False,False,False,False
2025-04-30 18:00:00+00:00,4.67,4.695,4.67,4.695,0.0,,,,,,,,,,,,,,,,,,4.966237223939621,4.961447133202529,4.975170828809264,4.9700357145998835,4.9622949180955285,4.979263279766296,5.063591166983852,5.063591166983852,5.104010298121124,5.207155250516167,5.220331608342969,,,,,,,,,,,,,,,,,,,,,4.968154881670977,4.978439731095939,4.978439731095939,4.97843303869382,4.981539064091115,4.966638404515207,4.965369674817244,4.755750326480141,5.021751979148429,5.022197055338653,5.098528466758088,5.097920739828858,5.095987229525179,5.0964801290967285,5.115897328278156,5.202001845069483,5.202001845069483,5.202001845069483,5.205829955191865,5.226443126166502,5.2268188500116075,,,4.9700357145998835,4.9622949180955285,5.014766854240237,"rgba(255, 26, 202, 1.0)",0.1261072402205059,4.97191403569996,-2.1958615160855124,27.666972419384987,-15.766769307133202,False,True,False,True,False,0.0,0.0,0.0,0.0,0.0,0,0.9239981575310917,1.0709350529709811,False,False,False,False,-0.24859365220486404,-0.24336603495953948,False,False,False,False,94625.0,94218.10691628626,False,False,False,False,897.8812814630396,False,False,False,False
2025-04-30 19:00:00+00:00,4.695,4.77,4.66,4.675,700.0,,,,,,,,,,,,,,,,,,4.951618912305627,4.950074629977069,4.965157601115759,4.965168035654135,4.961129861062327,4.978042637971934,5.062238069805322,5.062238069805322,5.103155121213595,5.206321069642774,5.219483605906456,,,,,,,,,,,,,,,,,,,,,4.9553920361247945,4.968698610622287,4.968698610622287,4.969284601218304,4.972624713715854,4.962032489032366,4.960797167863927,4.755424162014382,5.020449836306927,5.020894918074011,5.097605973664871,5.097115137187021,5.095198989275932,5.095735127752395,5.115163276500051,5.201172975659404,5.201172975659404,5.201172975659404,5.204997144630377,5.225588934258505,5.225964290944767,,,4.965168035654135,4.961129861062327,5.010204462581836,"rgba(255, 26, 202, 1.0)",0.13067589368045493,4.965383274586488,-2.2221640610820663,27.805188249809497,-15.766769307133202,False,True,False,True,False,0.0,0.0,0.0,0.0,0.0,0,0.9340813464235622,1.0649836372136512,False,False,False,False,-0.23425608987707125,-0.23881106241830535,False,False,False,False,93925.0,94213.5626230105,False,False,False,False,894.8133546186514,False,False,False,False
2025-05-01 14:00:00+00:00,4.74,4.83,4.74,4.83,200.0,,,,,,,,,,,,,,,,,,4.949262568964177,4.948220712373893,4.963447895100068,4.9643165003995575,4.9609243291048255,4.9778192371475924,5.061958252194091,5.061958252194091,5.10297113213731,5.2061295799273815,5.219287742037908,,,,,,,,,,,,,,,,,,,,,4.953294411447084,4.967019098345695,4.967019098345695,4.9677007999251535,4.97106792322376,4.961231735441893,4.960004477857202,4.755500837117564,5.020193901046803,5.020638822870169,5.097408454567981,5.096942652048847,5.095030486122608,5.095575772679717,5.115003786968278,5.200983181350465,5.200983181350465,5.200983181350465,5.204806091569317,5.225391100016738,5.225766338810007,,,4.9643165003995575,4.9609243291048255,5.0094197727589815,"rgba(239, 83, 80, 1.0)",0.13154018328942757,4.9642710040629705,-1.0207603540245511,36.15500970264637,-20.808076258948905,False,True,False,True,True,0.0,0.0,0.0,0.0,0.0,0,0.9286706808707738,1.0402964335340432,False,False,False,False,-0.20368568875382959,-0.22124837558606747,False,False,False,False,94125.0,94212.18955908784,False,False,False,False,884.0410545470444,False,False,False,False
2025-05-01 15:00:00+00:00,4.83,4.83,4.83,4.83,0.0,,,,,,,,,,,,,,,,,,4.949262568964177,4.948220712373893,4.963447895100068,4.9643165003995575,4.9609243291048255,4.9778192371475924,5.061958252194091,5.061958252194091,5.10297113213731,5.2061295799273815,5.219287742037908,,,,,,,,,,,,,,,,,,,,,4.953294411447084,4.967019098345695,4.967019098345695,4.9677007999251535,4.97106792322376,4.961231735441893,4.960004477857202,4.755500837117564,5.020193901046803,5.020638822870169,5.097408454567981,5.096942652048847,5.095030486122608,5.095575772679717,5.115003786968278,5.200983181350465,5.200983181350465,5.200983181350465,5.204806091569317,5.225391100016738,5.225766338810007,,,4.9643165003995575,4.9609243291048255,5.0094197727589815,"rgba(239, 83, 80, 1.0)",0.1323496937716058,4.9642710040629705,-1.0145169228323279,41.72155733787095,-15.662896225419786,False,True,False,True,True,0.0,0.0,0.0,0.0,0.0,0,0.9364188873305284,1.0448807854137445,False,False,False,False,-0.18423315458308115,-0.2027407650845743,False,False,False,False,94125.0,94210.83778297795,False,False,False,False,870.3349916858499,False,False,False,False
2025-05-01 16:00:00+00:00,4.83,4.83,4.83,4.83,0.0,,,,,,,,,,,,,,,,,,4.949262568964177,4.948220712373893,4.963447895100068,4.9643165003995575,4.9609243291048255,4.9778192371475924,5.061958252194091,5.061958252194091,5.10297113213731,5.2061295799273815,5.219287742037908,,,,,,,,,,,,,,,,,,,,,4.953294411447084,4.967019098345695,4.967019098345695,4.9677007999251535,4.97106792322376,4.961231735441893,4.960004477857202,4.755500837117564,5.020193901046803,5.020638822870169,5.097408454567981,5.096942652048847,5.095030486122608,5.095575772679717,5.115003786968278,5.200983181350465,5.200983181350465,5.200983181350465,5.204806091569317,5.225391100016738,5.225766338810007,,,4.9643165003995575,4.9609243291048255,5.0094197727589815,"rgba(239, 83, 80, 1.0)",0.1328847295641894,4.9642710040629705,-1.0104321580314568,45.43258909468733,-12.29726476683851,False,False,False,True,True,0.0,0.0,0.0,0.0,0.0,0,0.9311645450259312,1.049033474776049,False,False,False,False,-0.18423315458308115,-0.19348695983382774,False,False,False,False,94125.0,94209.5069646372,False,False,False,False,856.8414259232785,False,False,False,False
2025-05-01 17:00:00+00:00,4.83,4.83,4.61,4.61,200.0,,,,,,,,,,,,,,,,,,4.945192950238477,4.944988407565589,4.960577868852459,4.962875302404706,4.960570694234772,4.977450191006703,5.061554676188697,5.061554676188697,5.102716602574991,5.205883314216362,5.219037612804972,,,,,,,,,,,,,,,,,,,,,4.949698765760966,4.964222649383081,4.964222649383081,4.965064961146901,4.968496223801224,4.959865134005411,4.9586472487940485,4.755376914623257,5.0198032701339335,5.020248219558795,5.097133817950285,5.096702677508601,5.094795618473874,5.095353757982938,5.114785449042992,5.200738397821629,5.200738397821629,5.200738397821629,5.204560208379017,5.2251392425256205,5.225514378968087,,,4.962875302404706,4.960570694234772,5.008105484985045,"rgba(255, 26, 202, 1.0)",0.13855668498831578,4.9266340515704155,-2.2852311427421657,40.67572124296846,-12.29726476683851,False,True,False,True,False,0.0,0.0,0.0,0.0,0.0,0,0.9039260969976906,1.0480369515011547,False,False,False,False,-0.23205882089934438,-0.21277289036658606,False,False,False,False,93925.0,94205.09600394516,False,False,False,False,846.6578379244679,False,False,False,False
2025-05-01 18:00:00+00:00,4.61,4.61,4.55,4.57,190.0,,,,,,,,,,,,,,,,,,4.939912009452698,4.940767591475674,4.956877050566548,4.96100256063429,4.960106637910373,4.976973614214274,5.061064173210876,5.061064173210876,5.102413657406006,5.205601864385903,5.218752935011464,,,,,,,,,,,,,,,,,,,,4.576666666666667,4.945037704414924,4.96062698373944,4.96062698373944,4.961674706359781,4.965197264442179,4.958083251753958,4.956875366210939,4.75508586057728,5.0193156299471,5.01976076730287,5.096806083062125,5.096416198657974,5.094514964306894,5.0950885198692,5.11452700294486,5.200458171348,5.200458171348,5.200458171348,5.204279075046802,5.224853132638864,5.225228185312354,,,4.96100256063429,4.960106637910373,4.981459416883089,"rgba(255, 26, 202, 1.0)",0.1451117307953111,4.896921588139387,-2.252895657350606,36.699997833132755,-4.861692004288749,False,True,False,True,False,0.0,0.0,0.0,0.0,0.0,0,0.8987574781408191,1.0699493787390701,False,False,False,False,-0.2945068324653096,-0.25363986141594785,False,False,False,False,93735.0,94197.80769380646,False,False,False,False,836.4770962512204,False,False,False,False
2025-05-01 19:00:00+00:00,4.57,4.71,4.57,4.7,7800.0,,,,,,,,,,,,,,,,,,4.836235971951817,4.850940388296418,4.872702532412456,4.911030869321529,4.945918316836681,4.962220362447262,5.0450728604898805,5.0450728604898805,5.0921958283736934,5.19576367777935,5.208769078402809,,,,,,,,,,,,,,,,,,,,4.658018356278681,4.848397954156886,4.877707132501149,4.877707132501149,4.882090619046009,4.8868049746984115,4.91030171941362,4.909385049220674,4.749126855318624,5.00378497543315,5.004231525548788,5.0857989321582355,5.086764832913244,5.08506287510319,5.086142570942786,5.10573853819363,5.190675782503941,5.190675782503941,5.190675782503941,5.19445529322563,5.2148041532288145,5.215175353789633,,,4.911030869321529,4.945918316836681,4.944738161361914,"rgba(239, 83, 80, 1.0)",0.1479507161672793,4.84909529056893,-1.0077361869634776,39.290763961630766,-4.861692004288749,False,True,False,True,False,0.0,0.0,0.0,0.0,0.0,0,0.9004092769440656,1.060482037289677,False,False,False,False,-0.2660739264479211,-0.25985689393193445,False,False,False,False,101535.0,94311.56261328234,False,False,False,False,944.4386916581782,False,False,False,False
2025-05-02 14:00:00+00:00,4.79,4.79,4.7,4.7,100.0,,,,,,,,,,,,,,,,,,4.835733887864896,4.850446350762527,4.872185681516359,4.910646376257532,4.945787523043961,4.962081874727906,5.04491188316941,5.04491188316941,5.0920886146517255,5.195656028819573,5.2086594279240535,,,,,,,,,,,,,,,,,,,,4.658908117016893,4.847885541994864,4.877186652101906,4.877186652101906,4.8815779597982045,4.88629030316955,4.909931945583813,4.9090179083094565,4.749111500029437,5.003633344409981,5.004079848820056,5.085684022641788,5.086663709381022,5.0849638802458,5.086048714603841,5.105645419511533,5.190568905850652,5.190568905850652,5.190568905850652,5.194347843354091,5.214693603138919,5.215064750076563,,,4.910646376257532,4.945787523043961,4.944504383795351,"rgba(239, 83, 80, 0.5)",0.1506554149509751,4.848877743460344,-0.9882004142286561,41.01794138062944,-4.861692004288749,False,True,False,True,True,0.0,0.0,0.0,0.0,0.0,0,0.9170820117806978,1.0521069324875394,False,False,False,False,-0.21442704798714735,-0.2371419709595409,False,False,False,False,101535.0,94423.5538905958,False,False,False,False,931.3466189192917,False,False,False,False
2025-05-02 15:00:00+00:00,4.7,4.7,4.68,4.68,100.0,,,,,,,,,,,,,,,,,,4.835032692036314,4.84978003797125,4.871516179477926,4.9101716720005095,4.945630654082641,4.961917725077428,5.044728941657089,5.044728941657089,5.09196864106343,5.19553841656866,5.208539905479794,,,,,,,,,,,,,,,,,,,,4.659247049247049,4.847190812720848,4.876517667989278,4.876517667989278,4.880923169953304,4.885637234054154,4.909474996588894,4.908563759531591,4.749061408715834,5.003457895125278,5.003904385480004,5.085555196824805,5.086550363983102,5.084852862202503,5.0859434908423475,5.105541610402914,5.190452027787126,5.190452027787126,5.190452027787126,5.1942304205128735,5.214573224390048,5.2149443204842765,,,4.9101716720005095,4.945630654082641,4.944176602266994,"rgba(239, 83, 80, 1.0)",0.1536725487920621,4.848478360247707,-1.096346495011803,41.55866062742245,-4.861692004288749,False,True,False,True,True,0.0,0.0,0.0,0.0,0.0,0,0.9215686274509804,1.0574555403556771,False,False,False,False,-0.2319877241279296,-0.23456484754373524,False,False,False,False,101435.0,94532.25848143928,False,False,False,False,918.4575240523259,False,False,False,False
2025-05-02 16:00:00+00:00,4.68,4.68,4.68,4.68,0.0,,,,,,,,,,,,,,,,,,4.835032692036314,4.84978003797125,4.871516179477926,4.9101716720005095,4.945630654082641,4.961917725077428,5.044728941657089,5.044728941657089,5.09196864106343,5.19553841656866,5.208539905479794,,,,,,,,,,,,,,,,,,,,4.659247049247049,4.847190812720848,4.876517667989278,4.876517667989278,4.880923169953304,4.885637234054154,4.909474996588894,4.908563759531591,4.749061408715834,5.003457895125278,5.003904385480004,5.085555196824805,5.086550363983102,5.084852862202503,5.0859434908423475,5.105541610402914,5.190452027787126,5.190452027787126,5.190452027787126,5.1942304205128735,5.214573224390048,5.2149443204842765,,,4.9101716720005095,4.945630654082641,4.944176602266994,"rgba(239, 83, 80, 1.0)",0.15655793620057673,4.848478360247707,-1.0761406565289593,41.91914012528446,-4.861692004288749,False,True,False,True,True,0.0,0.0,0.0,0.0,0.0,0,0.936655798789008,1.056823474615743,False,False,False,False,-0.2288245192474613,-0.2316946833955983,False,False,False,False,101435.0,94639.27772978906,False,False,False,False,904.2178725166309,False,False,False,False
2025-05-02 17:00:00+00:00,4.68,4.69,4.68,4.69,44.0,,,,,,,,,,,,,,,,,,4.834726251388693,4.849488574832142,4.871223126996709,4.909963438993232,4.945561691894582,4.961845561202902,5.044648506569865,5.044648506569865,5.0919158751763,5.195486684395653,5.208487332942595,,,,,,,,,,,,,,,,,,,,4.659393571370739,4.846887025089606,4.876224801037759,4.876224801037759,4.880636454105309,4.885351235394683,4.90927453105404,4.908364521263572,4.749039393987993,5.003380758957555,5.003827243051254,5.0854985398145365,5.086500512355562,5.08480403386732,5.0858972099505015,5.105495950689836,5.19040061861393,5.19040061861393,5.19040061861393,5.194178771668942,5.214520275127165,5.214891348852759,,,4.909963438993232,4.945561691894582,4.9440328846660915,"rgba(239, 83, 80, 0.5)",0.15909872848455414,4.8483031778520145,-0.9949996417940117,42.64527086489099,-4.861692004288749,False,True,False,True,True,0.0,0.0,0.0,0.0,0.0,0,0.9367147510469986,1.0344346207538389,False,False,False,False,-0.2261264795831048,-0.22891058148935156,False,False,False,False,101479.0,94745.31993552875,False,False,False,False,890.8811613148226,False,False,False,False
2025-05-02 18:00:00+00:00,4.69,4.76,4.69,4.75,20.0,,,,,,,,,,,,,,,,,,4.834631149463021,4.849394308283288,4.871123832841266,4.909888670180118,4.94553600569652,4.961818332568744,5.044616721714846,5.044616721714846,5.091894656646649,5.195465329584394,5.208465576607848,,,,,,,,,,,,,,,,,,,,4.659572732412567,4.846789428448647,4.876124677387334,4.876124677387334,4.880537695685696,4.885251977843796,4.909202606764234,4.908293114936902,4.749036875497757,5.003350873892415,5.003797348275529,5.085475804664117,5.086480500899524,5.084784444159572,5.085878635333499,5.105477511690688,5.190379418783444,5.190379418783444,5.190379418783444,5.194157456806745,5.214498338279747,5.214869401241956,,,4.909888670180118,4.94553600569652,4.943987972175557,"rgba(239, 83, 80, 0.5)",0.15909872848455417,4.848262455681268,-0.617619365140354,45.85738437476339,-10.893360834098978,False,False,False,True,True,0.0,0.0,0.0,0.0,0.0,0,0.9379054680259498,1.0301204819277103,False,False,False,False,-0.20465482656640493,-0.21678270402787825,False,False,False,False,101499.0,94850.02815358256,False,False,False,False,877.3791278060658,False,False,False,False
2025-05-02 19:00:00+00:00,4.75,4.805,4.73,4.8,336.0,,,,,,,,,,,,,,,,,,4.8337577912184315,4.8484384841206305,4.8700147041385025,4.908959712502365,4.945196719067373,4.9614517618704985,5.044160759332397,5.044160759332397,5.0915832510655425,5.195141769147843,5.208134956946647,,,,,,,,,,,,,,,,,,,,4.664218083042297,4.845815047021944,4.874986899361704,4.874986899361704,4.879399343653661,4.884091882756913,4.908309953985656,4.907408461642357,4.74911558533634,5.002933300195144,5.0033794999080685,5.085143045694229,5.086187443567951,5.08449776056516,5.085606668333533,5.105205434751223,5.190058593161626,5.190058593161626,5.190058593161626,5.1938346008,5.2141645370104674,5.21453540956506,,,4.908959712502365,4.945196719067373,4.943560370073041,#000000,0.15807219812419995,4.848187082085818,-0.3048422344829872,49.91842967679184,-6.764596130201831,True,False,False,False,True,0.0,0.0,0.0,0.0,0.0,0,0.9418819188191881,1.025830258302583,False,False,False,False,-0.18113504933222083,-0.19895887668004952,False,False,False,False,101835.0,94958.32229073631,False,False,False,False,868.9856529563592,False,False,False,False
2025-05-05 14:00:00+00:00,4.68,4.68,4.64,4.64,100.0,,,,,,,,,,,,,,,,,,4.8329285965960445,4.847660552897396,4.869246602859506,4.908423617082259,4.945020561353103,4.961268666472546,5.043961687677743,5.043961687677743,5.091453754538168,5.195016717866581,5.208008067418064,,,,,,,,,,,,,,,,,,,,4.664092827004219,4.845003093450322,4.874222022844128,4.874222022844128,4.8786524377484835,4.883349105696291,4.907793388708807,4.906894763445209,4.749039058713241,5.002740321630968,5.003186530687245,5.085003857303414,5.086064961144236,5.084377748644468,5.085492928655064,5.10509361428342,5.189934246141615,5.189934246141615,5.189934246141615,5.193709731325267,5.214036825174171,5.214407649059067,,,4.908423617082259,4.945020561353103,4.943166176398326,"rgba(239, 83, 80, 1.0)",0.15953160606390776,4.847653328346417,-1.3016438151022696,46.76607980529145,-6.764596130201831,False,False,False,True,False,0.0,0.0,0.0,0.0,0.0,0,0.932666060054595,1.0245677888989988,False,False,False,False,-0.22468845034324525,-0.2118236635116474,False,False,False,False,101735.0,95063.38706142256,False,False,False,False,857.0633947709892,False,False,False,False
2025-05-05 15:00:00+00:00,4.64,4.75,4.63,4.63,201.0,,,,,,,,,,,,,,,,,,4.83143731026108,4.846248038711549,4.867836988021072,4.907422799543342,4.944687321662525,4.960921185394456,5.043579212589341,5.043579212589341,5.091203590774906,5.194773267661742,5.207760853281154,,,,,,,,,,,,,,,,,,,,4.66422637123683,4.843531741052133,4.8728152844413986,4.8728152844413986,4.877275939783818,4.881977634216025,4.906828991882059,4.905935945711928,4.748912331921434,5.00237154992896,5.002817752471992,5.084735151212548,5.085828454967262,5.084146045973368,5.085273302722378,5.104877308276408,5.189692240418436,5.189692240418436,5.189692240418436,5.193466653889205,5.213787925345428,5.214158649287844,,,4.907422799543342,4.944687321662525,4.9424513899915015,"rgba(239, 83, 80, 1.0)",0.16253551240510283,4.84672500491066,-1.3334009393005464,44.38327997682221,-6.764596130201831,False,False,False,True,False,0.0,0.0,0.0,0.0,0.0,0,0.9601113172541745,1.0185528756957327,False,False,False,False,-0.13088314760271877,-0.1713534055571831,False,False,False,False,101534.0,95163.70664186562,False,False,False,False,846.8918692706637,False,False,False,False
2025-05-05 16:00:00+00:00,4.63,4.655,4.605,4.655,290.0,,,,,,,,,,,,,,,,,,4.828920449438202,4.84389008381891,4.865518042344634,4.905802922738408,4.944152685337857,4.960366891029817,5.042982100032516,5.042982100032516,5.090816084764119,5.194401247233499,5.207383596475401,,,,,,,,,,,,,,,,,,,,4.663408488545183,4.841072446997562,4.870507861101685,4.870507861101685,4.875023083425451,4.879738682214758,4.905267062512957,4.904382328014789,4.74865712186206,5.00179037458276,5.00223663256199,5.08431852388232,5.0854617510426925,5.083786678489398,5.084932706339489,5.104542906174722,5.189322223147884,5.189322223147884,5.189322223147884,5.193095150734757,5.213408328385984,5.213778914024272,,,4.905802922738408,4.944152685337857,4.94124263473546,"rgba(239, 83, 80, 1.0)",0.16514386302703485,4.8450463191053,-1.1507925006828055,43.90975340922337,-6.764596130201831,False,False,False,True,False,0.0,0.0,0.0,0.0,0.0,0,0.9765281173594134,0.9970660146699262,False,False,False,False,-0.1881030938051154,-0.17972824968114925,False,False,False,False,101824.0,95266.96700400724,False,False,False,False,838.2578868013511,False,False,False,False
2025-05-05 17:00:00+00:00,4.645,4.665,4.615,4.63,299.0,,,,,,,,,,,,,,,,,,4.826371162061879,4.841495039299059,4.863158505747127,4.9041427873936705,4.943600413680694,4.959794437905517,5.042365767868163,5.042365767868163,5.090415777361133,5.194017053749226,5.206994017043288,,,,,,,,,,,,,,,,,,,,4.662565049226441,4.838577454822556,4.868159158856529,4.868159158856529,4.872728316750921,4.87745728306704,4.903665636424063,4.902789353233832,4.7483912654556235,5.0011903636530155,5.001636679656766,5.08388817797555,5.085082888422726,5.083415380299843,5.084580774330766,5.104197396855978,5.188940089803633,5.188940089803633,5.188940089803633,5.192711489251148,5.2130163420681,5.213386785471081,,,4.9041427873936705,4.943600413680694,4.940007759882944,"rgba(239, 83, 80, 1.0)",0.1681436269362471,4.843333499535045,-1.268757570073898,42.753921456098674,-1.1131321844607172,False,True,False,True,False,0.0,0.0,0.0,0.0,0.0,0,0.9775500244021476,0.9785261102977061,False,False,False,False,-0.17849142199140675,-0.179109835836278,False,False,False,False,101525.0,95363.99077138698,False,False,False,False,829.897299409082,False,False,False,False
2025-05-05 18:00:00+00:00,4.63,4.63,4.61,4.63,200.0,,,,,,,,,,,,,,,,,,4.8245861356543145,4.839821378340366,4.861515867579909,4.90298892609866,4.943216107787901,4.959396901258122,5.04194103337303,5.04194103337303,5.090140550239236,5.193754222710415,5.206727640328421,,,,,,,,,,,,,,,,,,,,4.661754476584021,4.8368343051506315,4.8665252983638645,4.8665252983638645,4.871132546309627,4.875871832465088,4.902552101952997,4.9016814998348215,4.748192999978862,5.000775478085824,5.0012218506131525,5.083592214396493,5.084822300792065,5.083159962212268,5.084338678283844,5.103959988809213,5.1886786131176015,5.1886786131176015,5.1886786131176015,5.192449008051304,5.212748382288792,5.213118732268641,,,4.90298892609866,4.943216107787901,4.939139550636048,"rgba(239, 83, 80, 1.0)",0.17029584749979151,4.842107343340279,-1.2455226974371119,41.98336682068221,-2.2391022252894075,False,True,False,True,False,0.0,0.0,0.0,0.0,0.0,0,0.9930555555555557,0.9806547619047618,False,False,False,False,-0.19774924122220605,-0.18842953852924202,False,False,False,False,101525.0,95459.51029431121,False,False,False,False,820.1314498058405,False,False,False,False
2025-05-05 19:00:00+00:00,4.63,4.655,4.59,4.62,500.0,,,,,,,,,,,,,,,,,,4.820222088405235,4.835716095847447,4.85747800224467,4.9001283902412585,4.942254381189942,4.958402248885273,5.040878741922164,5.040878741922164,5.089451447808676,5.193096286295018,5.2060608616238415,,,,,,,,,,,,,,,,,,,,4.659785527177472,4.832564428216119,4.862507138402967,4.862507138402967,4.867204815736164,4.871967830778839,4.89979019993445,4.898933562315998,4.747693496089021,4.999737676795325,5.000184190861535,5.082851293665766,5.084169768558048,5.082520346049154,5.083732364465529,5.1033654384299645,5.188024053872059,5.188024053872059,5.188024053872059,5.191791944001252,5.212077655830621,5.212447772854366,,,4.9001283902412585,4.942254381189942,4.936997014173846,"rgba(239, 83, 80, 1.0)",0.17200112612242965,4.8390904127600916,-1.2737731298581374,41.08083898182724,-3.5099443778838335,False,True,False,True,False,0.0,0.0,0.0,0.0,0.0,0,0.9935739001482945,0.9604547701433509,False,False,False,False,-0.19533436410274718,-0.19188195131599461,False,False,False,False,101025.0,95545.79695641491,False,False,False,False,815.168171514277,False,False,False,False
2025-05-06 14:00:00+00:00,4.62,4.73,4.62,4.73,1390.0,,,,,,,,,,,,,,,,,,4.813063706589824,4.828637696709585,4.8501392730781605,4.894443499528642,4.940201734663002,4.95624964702262,5.038453661638343,5.038453661638343,5.087838220443436,5.191503549627923,5.204441520946188,,,,,,,,,,,,,,,,,,,,4.663815903197926,4.825284987085936,4.855126128671125,4.855126128671125,4.8599136171197,4.864653430347307,4.894296803215928,4.893473411030444,4.747103372330954,4.997423494892412,4.997869654873017,5.081122115267924,5.082644953468378,5.0810265646457635,5.082315271086043,5.10196503147127,5.186441553609586,5.186441553609586,5.186441553609586,5.190201847614638,5.210446376995209,5.210815784255855,,,4.894443499528642,4.940201734663002,4.933225678747488,"rgba(239, 83, 80, 0.5)",0.1715771305031888,4.834652884441924,-0.6099465828284084,45.80351715143375,-3.5099443778838335,False,False,False,True,True,0.0,0.0,0.0,0.0,0.0,0,1.0064676616915424,0.9572139303482584,False,False,False,False,-0.14509422219821574,-0.1684880867571052,False,False,False,False,102415.0,95652.29622840846,False,False,False,False,824.0802928861486,False,False,False,False
2025-05-06 15:00:00+00:00,4.73,4.73,4.73,4.73,0.0,,,,,,,,,,,,,,,,,,4.813063706589824,4.828637696709585,4.8501392730781605,4.894443499528642,4.940201734663002,4.95624964702262,5.038453661638343,5.038453661638343,5.087838220443436,5.191503549627923,5.204441520946188,,,,,,,,,,,,,,,,,,,,4.663815903197926,4.825284987085936,4.855126128671125,4.855126128671125,4.8599136171197,4.864653430347307,4.894296803215928,4.893473411030444,4.747103372330954,4.997423494892412,4.997869654873017,5.081122115267924,5.082644953468378,5.0810265646457635,5.082315271086043,5.10196503147127,5.186441553609586,5.186441553609586,5.186441553609586,5.190201847614638,5.210446376995209,5.210815784255855,,,4.894443499528642,4.940201734663002,4.933225678747488,"rgba(239, 83, 80, 0.5)",0.17033372119628318,4.834652884441924,-0.6143990967080892,48.951969264504754,-6.5880087063690524,True,False,False,False,True,0.0,0.0,0.0,0.0,0.0,0,1.0287032291132756,0.9574577139928239,False,False,False,False,-0.09322693071666989,-0.13085750873688753,False,False,False,False,102415.0,95757.14434889825,False,False,False,False,811.3038542367509,False,False,False,False
2025-05-06 16:00:00+00:00,4.73,4.73,4.62,4.635,100.0,,,,,,,,,,,,,,,,,,4.812451729388146,4.828042646709432,4.84953500053436,4.893984038318564,4.940036591704559,4.956077640821423,5.038264611190551,5.038264611190551,5.087713392070831,5.191382096768899,5.204318222432225,,,,,,,,,,,,,,,,,,,,4.663797486432448,4.8246718628993985,4.85452079226509,4.85452079226509,4.859317331889595,4.8640572346070625,4.893852343650492,4.89303136918383,4.747036698870524,4.997241157090617,4.997687312434462,5.080988195504248,5.082526827561891,5.08091079867936,5.082205451198979,5.101856872643309,5.186320808838479,5.186320808838479,5.186320808838479,5.190080577499491,5.2103222518271926,5.210691610079876,,,4.893984038318564,4.940036591704559,4.932903711564193,"rgba(239, 83, 80, 1.0)",0.16894924340417566,4.834235957725594,-1.1792651669292387,46.93837675660825,-6.5880087063690524,False,False,False,True,True,0.0,0.0,0.0,0.0,0.0,0,0.9932043910088866,0.9817041296393095,False,False,False,False,-0.14509422219821574,-0.13797586546755164,False,False,False,False,102315.0,95858.81652953547,False,False,False,False,800.2758875043982,False,False,False,False
2025-05-06 17:00:00+00:00,4.635,4.66,4.63,4.635,400.0,,,,,,,,,,,,,,,,,,4.809734277417559,4.825423167018036,4.846902922865886,4.892007520122203,4.939330653858814,4.955345017078031,5.037470243609321,5.037470243609321,5.08719140389578,5.190878520276016,5.203807431481669,,,,,,,,,,,,,,,,,,,,4.663064070698701,4.821969283024441,4.851889634001875,4.851889634001875,4.856729871905371,4.861474826061292,4.891939672607763,4.891128532677266,4.746708805941507,4.996470430981536,4.996916621567987,5.080427861426257,5.082032563393232,5.080426313302893,5.0817458804404065,5.101405135567366,5.185819994712831,5.185819994712831,5.185819994712831,5.189577714203194,5.209808233789363,5.210177401099314,,,4.892007520122203,4.939330653858814,4.931483783482989,"rgba(239, 83, 80, 1.0)",0.16722771333754655,4.83232543757818,-1.1799804807465242,45.595981751343906,-6.5880087063690524,False,False,False,True,False,0.0,0.0,0.0,0.0,0.0,0,0.9751585623678649,0.9904862579281182,False,False,False,False,-0.17369790318488337,-0.1558368843262175,False,False,False,False,102315.0,95958.9123972946,False,False,False,False,794.0700597911516,False,False,False,False
2025-05-06 18:00:00+00:00,4.635,4.635,4.53,4.605,700.0,,,,,,,,,,,,,,,,,,4.803781493091838,4.819771719250113,4.841333643026736,4.887923420203621,4.9378902253926515,4.953861279199515,5.035907262792842,5.035907262792842,5.086175264082968,5.189916782706721,5.202833822782978,,,,,,,,,,,,,,,,,,,,4.659058992430174,4.816125386885482,4.846344313701765,4.846344313701765,4.851293853902816,4.856068038049715,4.887984624501,4.887191476777488,4.745860040337764,4.994934427409484,4.995380921572853,5.079335643125455,5.081069091783902,5.0794814934076085,5.080849783713193,5.100528122460816,5.184862777274141,5.184862777274141,5.184862777274141,5.188617144962733,5.20882933454869,5.2091981905576095,,,4.887923420203621,4.9378902253926515,4.928416083743777,"rgba(239, 83, 80, 1.0)",0.16574633283075485,4.827928050773023,-1.3449953731444342,43.52903395262743,-6.5880087063690524,False,False,False,True,False,0.0,0.0,0.0,0.0,0.0,0,0.9751322751322754,0.9804232804232802,False,False,False,False,-0.2342638388581809,-0.19505036159219918,False,False,False,False,101615.0,96046.6036779567,False,False,False,False,792.611609251754,False,False,False,False
2025-05-06 19:00:00+00:00,4.605,4.61,4.555,4.555,147.0,,,,,,,,,,,,,,,,,,4.802477872700685,4.818535617201805,4.840119102670818,4.887032556347525,4.937574823926389,4.9535370220083825,5.035568206749369,5.035568206749369,5.085955252106361,5.18970960877357,5.202624207457547,,,,,,,,,,,,,,,,,,,,4.658083404299243,4.81484767121326,4.845135718444458,4.845135718444458,4.850109294370036,4.854890444079258,4.887121472247624,4.886332103985447,4.745664031203064,4.994600124784007,4.995046697588889,5.07909910396944,5.080860391244536,5.079276803440673,5.08065564264438,5.100338331717006,5.1846565311956585,5.1846565311956585,5.1846565311956585,5.188410210945369,5.208618632503696,5.208987424687931,,,4.887032556347525,4.937574823926389,4.927742624565459,"rgba(255, 0, 0, 1.0)",0.16499814358768977,4.826952924738673,-1.6482180879455839,40.402270777036144,-4.054758917173416,False,True,False,True,False,0.0,0.0,0.0,0.0,0.0,0,0.9798301486199575,0.9777070063694264,False,False,False,False,-0.2342638388581809,-0.21465710022519002,False,False,False,False,101468.0,96130.6563341124,False,False,False,False,782.6021269377733,False,False,False,False
2025-05-07 14:00:00+00:00,4.555,4.555,3.905,3.92,2560.0,,,,,,,,,,,,,,,,,,4.741871248744716,4.76295509461198,4.787930679772551,4.851296615874182,4.92553838348698,4.941445926391345,5.024112517560096,5.024112517560096,5.078841444750538,5.183525418734589,5.196420753766546,,,,,,,,,,,,,,,,,,,4.126666666666666,4.570183498093946,4.757072333541031,4.793710320788831,4.793710320788831,4.800127831453195,4.805641940085592,4.8524488396530545,4.851757041857048,4.73365459382034,4.982778123619954,4.9832336983957415,5.071408045523801,5.0740785552729895,5.0726147391330105,5.074342440410643,5.094272018762436,5.178478798205083,5.178478798205083,5.178478798205083,5.182227735571532,5.2024072807460175,5.20277566913576,,,4.851296615874182,4.92553838348698,4.859261336714286,"rgba(255, 26, 202, 1.0)",0.19274503534110843,4.737780712369438,-4.242810772906184,30.856314366402074,-12.829023905956277,False,True,False,True,False,0.0,0.0,0.0,0.0,0.0,0,0.9409953822473066,0.9815289892252436,True,False,False,False,-0.34282825441539394,-0.278742677320292,False,False,False,False,98908.0,96173.71592583158,True,False,False,False,810.1586831092806,False,False,False,False
2025-05-07 15:00:00+00:00,3.97,4.05,3.97,4.05,1142.0,,,,,,,,,,,,,,,,,,4.714231451540465,4.737366677774747,4.7637692428309215,4.834294277014554,4.919603781228637,4.935495794838032,5.018517083304771,5.018517083304771,5.0753612286045655,5.1805223693972655,5.19341135753881,,,,,,,,,,,,,,,,,,,4.094790203493607,4.532605852738833,4.730584900690165,4.769873469166576,4.769873469166576,4.776902904318079,4.782731989605772,4.835921235606604,4.835272003345589,4.727559614599534,4.97698357210978,4.977443744311047,5.067646133166545,5.07075762691538,5.069351424439745,5.071248878819747,5.091303788036913,5.175477696838993,5.175477696838993,5.175477696838993,5.179225214127017,5.199395422460916,5.199763698502503,,,4.834294277014554,4.919603781228637,4.844268145717402,"rgba(255, 26, 202, 1.0)",0.20873928736605044,4.71437976342664,-3.1828208853734727,28.350236540752555,-14.843197908161734,False,True,False,True,False,0.0,0.0,0.0,0.0,0.0,0,0.9440488301119027,0.9984740590030516,False,False,False,False,-0.34282825441539394,-0.31078546586784295,False,False,False,False,100050.0,96233.81335333808,False,False,False,False,815.3035097277412,False,False,False,False
2025-05-07 16:00:00+00:00,4.05,4.05,4.045,4.045,0.0,,,,,,,,,,,,,,,,,,4.714231451540465,4.737366677774747,4.7637692428309215,4.834294277014554,4.919603781228637,4.935495794838032,5.018517083304771,5.018517083304771,5.0753612286045655,5.1805223693972655,5.19341135753881,,,,,,,,,,,,,,,,,,,4.094790203493607,4.532605852738833,4.730584900690165,4.769873469166576,4.769873469166576,4.776902904318079,4.782731989605772,4.835921235606604,4.835272003345589,4.727559614599534,4.97698357210978,4.977443744311047,5.067646133166545,5.07075762691538,5.069351424439745,5.071248878819747,5.091303788036913,5.175477696838993,5.175477696838993,5.175477696838993,5.179225214127017,5.199395422460916,5.199763698502503,,,4.834294277014554,4.919603781228637,4.844268145717402,"rgba(255, 26, 202, 1.0)",0.22278139408295755,4.71437976342664,-3.004648418607983,26.635615133063208,-16.343801350121375,False,True,False,True,False,0.0,0.0,0.0,0.0,0.0,0,0.944973544973545,1.0391534391534387,False,False,False,False,-0.3193689069337695,-0.31507718640080623,False,False,False,False,100050.0,96292.97903778245,False,False,False,False,802.6631452358382,False,False,False,False
2025-05-07 17:00:00+00:00,4.045,4.06,4.04,4.055,500.0,,,,,,,,,,,,,,,,,,4.70325747537653,4.727135098033363,4.754051420617375,4.827320478091437,4.917111313407459,4.93299503334993,5.016156078350929,5.016156078350929,5.073885547755308,5.17924451020079,5.192130401059702,,,,,,,,,,,,,,,,,,,4.089658892590829,4.518558911151352,4.720021368186298,4.760273827345309,4.760273827345309,4.7675319585142315,4.773477060968199,4.829135735174515,4.828503832046388,4.7250299047091495,4.9745432488171755,4.975005294238496,5.066052004782485,5.069349381385368,5.067967561153162,5.069936621156429,5.090043725688877,5.174200824577036,5.174200824577036,5.174200824577036,5.177947620040402,5.198113235932649,5.198481452939908,,,4.827320478091437,4.917111313407459,4.838535518115918,"rgba(255, 26, 202, 1.0)",0.23819705673629624,4.70547919232561,-2.730844793962943,25.813497544072902,-17.227559022818255,False,True,False,True,False,0.0,0.0,0.0,0.0,0.0,0,0.9293419633225461,1.0329018338727072,False,False,False,False,-0.31781722922548156,-0.3164472078131439,False,False,False,False,100550.0,96358.97936277807,False,False,False,False,797.9706933717166,False,False,False,False
2025-05-07 18:00:00+00:00,4.055,4.055,4.01,4.03,179.0,,,,,,,,,,,,,,,,,,4.699298745348569,4.72343975104884,4.750539364803448,4.824790375015545,4.91620194578798,4.9320829588089055,5.015296169967743,5.015296169967743,5.073347971668484,5.178779637772506,5.191664487260006,,,,,,,,,,,,,,,,,,,4.087289431636612,4.513520541873819,4.716208299808133,4.756803992515143,4.756803992515143,4.7641436655948555,4.770130266750683,4.826673222007545,4.826047507519919,4.724102103112307,4.9736538738529825,4.974116607370915,5.065471294036965,5.0688362858381995,5.067463320974098,5.06945844257536,5.089584691218034,5.1737362774649505,5.1737362774649505,5.1737362774649505,5.177482835403358,5.197646913651939,5.1980151115616415,,,4.824790375015545,4.91620194578798,4.836440652015997,"rgba(255, 26, 202, 1.0)",0.2530753546577217,4.702239560748389,-2.6562822036052314,24.990987215128442,-18.28562570976483,False,True,False,True,False,0.0,0.0,0.0,0.0,0.0,0,0.9279031370390755,1.0341221794166204,False,False,False,False,-0.3287105832995422,-0.32257889555634306,False,False,False,False,100371.0,96421.1812331226,False,False,False,False,788.3742485132404,False,False,False,False
2025-05-07 19:00:00+00:00,4.03,4.03,3.92,3.92,628.0,,,,,,,,,,,,,,,,,,4.684252029897295,4.709407419279636,4.737225471345405,4.815212172853822,4.9127569903784005,4.928632277859456,5.012061999438931,5.012061999438931,5.071330851996097,5.177045223594464,5.189927344550266,,,,,,,,,,,,,,,,,,,4.07091269049045,4.494012328461452,4.701728543095947,4.743655065637402,4.743655065637402,4.75130677838814,4.757454904101432,4.817348965799714,4.816745831629641,4.720516116311254,4.970299454820476,4.970764887009795,5.063291654928477,5.066910275748661,5.065570314931002,5.067663299005972,5.0878634186624,5.172002619057885,5.172002619057885,5.172002619057885,5.175748631308783,5.195908776304308,5.19627693533439,,,4.815212172853822,4.9127569903784005,4.828191095539408,"rgba(255, 26, 202, 1.0)",0.2712671632798012,4.689525518731944,-2.836780941076195,23.319810193564134,-20.20937658129833,False,True,False,True,False,0.0,0.0,0.0,0.0,0.0,0,0.9171762090050031,1.0339077265147303,False,False,False,False,-0.34282825441539394,-0.3327035749858685,False,False,False,False,99743.0,96472.68229927572,True,False,False,False,785.8878260556708,False,False,False,False
2025-05-08 14:00:00+00:00,3.995,4.04,3.97,4.005,5054.0,,,,,,,,,,,,,,,,,,4.589022210509769,4.618981330962661,4.650150941176471,4.749138038608212,4.887265367582912,4.903064217235477,4.987896145415408,4.987896145415408,5.0560516014773,5.163810060051676,5.176664152946407,,,,,,,,,,,,,,,,,,,4.037808970154692,4.3864636640557,4.609053891637716,4.657377067492508,4.657377067492508,4.666654884006255,4.673611019247305,4.752846032992931,4.752391895424838,4.694584480681525,4.945338475313377,4.945822499872244,5.0468102667291195,5.052314067156028,5.051221479216973,5.054044005460533,5.0747829762146655,5.15877610958495,5.15877610958495,5.15877610958495,5.162515809632866,5.182634666731362,5.183002323149255,,,4.749138038608212,4.887265367582912,4.776527430612715,"rgba(255, 26, 202, 1.0)",0.2846248043991874,4.61220270656124,-2.1333443086345896,25.17856980083211,-20.20937658129833,False,True,False,True,False,0.0,0.0,0.0,0.0,0.0,0,0.8962839711591791,1.037160288408208,False,False,False,False,-0.3245734271486633,-0.3286385010672659,False,False,False,False,104797.0,96601.74148843423,False,False,False,False,852.0601078222495,False,False,False,False
2025-05-08 15:00:00+00:00,4.005,4.025,3.99,4.025,24472.0,,,,,,,,,,,,,,,,,,4.356239239272318,4.3868235383185565,4.4174536871130226,4.540836659147436,4.782655987347858,4.797901116504461,4.8864464645003745,4.8864464645003745,4.988399922585026,5.104164684099142,5.11685450867028,,,,,,,,,,,,,,,,,,,4.020465180251919,4.194032460872742,4.375678827559711,4.424710908706199,4.424710908706199,4.435040852395371,4.442212667134476,4.547478987464349,4.547383608019165,4.592881386089489,4.8416288426502705,4.842172120226619,4.97434167822363,4.987478943704533,4.987409207011198,4.993233982065359,5.01612925927348,5.099185432730231,5.099185432730231,5.099185432730231,5.102884980333539,5.122757825905004,5.123122067348226,,,4.540836659147436,4.782655987347858,4.626962545614827,"rgba(239, 83, 80, 1.0)",0.29611257598699525,4.4141963456902955,-1.3143526390023637,27.09693809282814,-20.20937658129833,False,True,False,True,True,0.0,0.0,0.0,0.0,0.0,0,0.9021922428330523,1.0404721753794262,False,False,False,False,-0.3230617345606544,-0.3258501178139601,False,False,False,False,129269.0,97108.21061264456,False,False,False,False,1218.2607263056254,False,False,False,False
2025-05-08 16:00:00+00:00,4.025,4.095,4.0,4.095,1520.0,,,,,,,,,,,,,,,,,,4.3490630658220635,4.3793007404914155,4.409594916194592,4.532585592754694,4.777347461947416,4.792547662998743,4.881158658309628,4.881158658309628,4.9846870324013945,5.100823832420729,5.113500989848816,,,,,,,,,,,,,,,,,,,4.022272407895345,4.189975802499387,4.36825923089746,4.41678012638185,4.41678012638185,4.427032299064008,4.434141123211257,4.539269650387096,4.539185034134891,4.588016216967675,4.83628654455794,4.836831880802228,4.970391123372401,4.9839108411251365,4.98389376381763,4.989871325468217,5.012870275983175,5.095849051139647,5.095849051139647,5.095849051139647,5.099545302433066,5.119398923004188,5.11976287145609,,,4.532585592754694,4.777347461947416,4.621213651447758,"rgba(239, 83, 80, 1.0)",0.30420220574804896,4.407610981370144,-1.0276420599956466,30.71015400441573,-25.305515805248373,False,True,False,True,True,0.0,0.0,0.0,0.0,0.0,0,0.9233390119250426,1.0153321976149912,False,False,False,False,-0.2990626215481126,-0.31245636968103635,False,False,False,False,130789.0,97630.39339384387,False,False,False,False,1222.9388545799568,False,False,False,False
2025-05-08 17:00:00+00:00,4.095,4.33,4.095,4.33,383.0,,,,,,,,,,,,,,,,,,4.348465494040752,4.37855720333612,4.408716709013914,4.5313677728980855,4.776371752250242,4.791556232491654,4.880141335077428,4.880141335077428,4.983946453490061,5.100137603548177,5.112810291757431,,,,,,,,,,,,,,,,,,,4.024683572095066,4.190454530105021,4.3675655186341675,4.415872101927899,4.415872101927899,4.42608540574071,4.433166833956021,4.538046079792651,4.537963180767453,4.5872393719559135,4.835277147901873,4.835822634513916,4.969606648446801,4.983199159531654,4.983192538916937,4.98919930515941,5.012214788917122,5.095164482320563,5.095164482320563,5.095164482320563,5.098859504812915,5.118706260694496,5.11907009622317,,,4.5313677728980855,4.776371752250242,4.620500416761963,#000000,0.305349349475681,4.407041277764128,-0.25230536071688414,38.84751327981398,-17.733085451209362,False,False,False,True,True,0.0,0.0,0.0,0.0,0.0,0,0.9431438127090299,0.9682274247491632,False,False,False,False,-0.2032060949342299,-0.2578312323076331,False,False,False,False,131172.0,98150.41830246645,False,False,False,False,1209.9165467570117,False,False,False,False
2025-05-08 18:00:00+00:00,4.33,4.555,4.31,4.555,361.0,,,,,,,,,,,,,,,,,,4.349183456770459,4.379074768805654,4.409053623355866,4.531131602580723,4.775842520967477,4.7910073862089035,4.879522598739137,4.879522598739137,4.9834606704756705,5.099660524216648,5.112327600026209,,,,,,,,,,,,,,,,,,,4.029084848320154,4.192508582079545,4.368155368802653,4.416168416541676,4.416168416541676,4.426324650853988,4.4333679645273,4.537787618288969,4.537705335632032,4.586991940854133,4.834689074319112,4.835234310137602,4.969096614094026,4.982732503944542,4.982732728944227,4.988757044369137,5.011777757559015,5.0946895519904025,5.0946895519904025,5.0946895519904025,5.098382980324799,5.118221052251594,5.118584738569511,,,4.531131602580723,4.775842520967477,4.6206121857957525,#000000,0.3032596930708691,4.407662736335897,0.4858451915324961,47.70914740366919,-9.855945300168656,True,False,False,False,True,0.0,0.0,0.0,0.0,0.0,0,0.9732094040459268,0.9387643521049751,False,False,False,False,-0.0806288358541792,-0.16923003408090614,False,False,False,False,131533.0,98667.97770862975,False,False,False,False,1196.7550499080658,False,False,False,False
2025-05-08 19:00:00+00:00,4.555,4.585,4.415,4.44,2426.0,,,,,,,,,,,,,,,,,,4.354050134690977,4.382647473686257,4.411455397095625,4.529770487006456,4.772410699627829,4.787443951165369,4.8754803352003435,4.8754803352003435,4.980262278354171,5.096507114923268,5.109136258609262,,,,,,,,,,,,,,,,,,,4.056973188867644,4.2058846355465205,4.372195618293179,4.418306388148721,4.418306388148721,4.428091039397351,4.434886091690262,4.536277115746528,4.536198607284312,4.5854525523780145,4.830858131652209,4.831401573775933,4.965741806762686,4.9796592525023975,4.979704248609457,4.985842701537402,5.0088952356906535,5.091550680892837,5.091550680892837,5.091550680892837,5.095233323885609,5.115012688479526,5.1153753645195685,,,4.529770487006456,4.772410699627829,4.621391217294748,#000000,0.3012174994617315,4.397193460462446,0.14211172861486807,51.071891162448665,-7.156948351714895,True,False,True,False,True,0.0,0.0,0.0,0.0,0.0,0,0.9841359773371104,0.9807365439093478,False,False,False,False,-0.04366411550249246,-0.1064470747916993,False,False,False,False,129107.0,99139.90053485255,False,False,False,False,1215.8131111498012,False,False,False,False
2025-05-09 14:00:00+00:00,4.3,4.3,4.23,4.27,285.0,,,,,,,,,,,,,,,,,,4.353669893326818,4.382167148621221,4.410881852845382,4.528950266170787,4.771722431795751,4.78674391566833,4.874757555687001,4.874757555687001,4.979730110799146,5.096011304539849,5.108637050066292,,,,,,,,,,,,,,,,,,,4.058485784189657,4.206215054583834,4.371749675034226,4.417712057868969,4.417712057868969,4.42746937102499,4.434245182967042,4.5354517510410295,4.535374368273657,4.584914633400237,4.830143161832599,4.830686678185577,4.965178945921184,4.979147584298994,4.979199997518642,4.985359055857592,5.008422892448681,5.0910561377896375,5.0910561377896375,5.0910561377896375,5.094737842450188,5.1145119820519485,5.114874571599333,,,4.528950266170787,4.771722431795751,4.620897043618745,#000000,0.3028512851234036,4.395725210697423,-0.41513844211093104,50.182707526367025,-7.156948351714895,True,False,False,False,True,0.0,0.0,0.0,0.0,0.0,0,0.9184935356942104,1.0129286115795388,False,False,False,False,-0.17353956631016132,-0.1399933205509303,False,False,False,False,128822.0,99600.0881234595,False,False,False,False,1201.3819001242227,False,False,False,False
2025-05-09 15:00:00+00:00,4.27,4.27,4.16,4.195,800.0,,,,,,,,,,,,,,,,,,4.3519161035356575,4.3801695467103325,4.408654423321008,4.526168943829973,4.76957843370437,4.784569644143717,4.8725440916375335,4.8725440916375335,4.9781186824836885,5.09452504782276,5.10714205355679,,,,,,,,,,,,,,,,,,,4.0614596874224755,4.206246892241406,4.369833975645854,4.415433601755627,4.415433601755627,4.4251257954120105,4.431854707863781,4.532664710622633,4.532590951484268,4.583139342797148,4.827939110104843,4.828483043208208,4.963472277422151,4.9775979675225805,4.977672791735286,4.983895013722979,5.0069962055863435,5.089573105936514,5.089573105936514,5.089573105936514,5.09325242464233,5.113013159662999,5.113375530696698,,,4.526168943829973,4.76957843370437,4.619084297268828,"rgba(239, 83, 80, 0.5)",0.3060059765064301,4.391294313352261,-0.6414721555222168,48.38561354068643,-7.156948351714895,True,False,False,False,False,0.0,0.0,0.0,0.0,0.0,0,0.9027856736782263,1.0312677657760085,False,False,False,False,-0.20178577465603117,-0.17088954760348074,False,False,False,False,128022.0,100040.73791999501,False,False,False,False,1195.1589249284982,False,False,False,False
2025-05-09 16:00:00+00:00,4.195,4.195,4.08,4.12,1468.0,,,,,,,,,,,,,,,,,,4.347144747456859,4.375037631005133,4.403175503604393,4.519987476162013,4.765154685197079,4.780096871188926,4.86805596363086,4.86805596363086,4.974886394871037,5.0915758452715325,5.104178708721948,,,,,,,,,,,,,,,,,,,4.063926628049852,4.204245177804187,4.364818560437617,4.4098781517834915,4.4098781517834915,4.4194776152017345,4.426136988789703,4.526491951973996,4.526425793048063,4.579267323724783,4.823439614377213,4.823984784855212,4.960044548743963,4.974488782508693,4.974608346308128,4.980958640410584,5.004141383957999,5.086629033721356,5.086629033721356,5.086629033721356,5.090304561407909,5.110043691585095,5.110405719062674,,,4.519987476162013,4.765154685197079,4.614786651861915,"rgba(239, 83, 80, 0.5)",0.31020289785531335,4.383001814143087,-0.8478380310481756,46.03095363766743,-7.156948351714895,True,False,False,True,False,0.0,0.0,0.0,0.0,0.0,0,0.8989841986455981,1.0203160270880354,False,False,False,False,-0.24622160668439896,-0.20855557714393985,False,False,False,False,126554.0,100451.7962468168,False,False,False,False,1199.3890191156534,False,False,False,False
2025-05-09 17:00:00+00:00,4.12,4.135,4.11,4.11,0.0,,,,,,,,,,,,,,,,,,4.347144747456859,4.375037631005133,4.403175503604393,4.519987476162013,4.765154685197079,4.780096871188926,4.86805596363086,4.86805596363086,4.974886394871037,5.0915758452715325,5.104178708721948,,,,,,,,,,,,,,,,,,,4.063926628049852,4.204245177804187,4.364818560437617,4.4098781517834915,4.4098781517834915,4.4194776152017345,4.426136988789703,4.526491951973996,4.526425793048063,4.579267323724783,4.823439614377213,4.823984784855212,4.960044548743963,4.974488782508693,4.974608346308128,4.980958640410584,5.004141383957999,5.086629033721356,5.086629033721356,5.086629033721356,5.090304561407909,5.110043691585095,5.110405719062674,,,4.519987476162013,4.765154685197079,4.614786651861915,"rgba(239, 83, 80, 0.5)",0.31490527676323465,4.383001814143087,-0.8669331201723454,44.302968639179426,-7.156948351714895,True,False,False,True,False,0.0,0.0,0.0,0.0,0.0,0,0.9139847864248098,1.0280866003510822,False,False,False,False,-0.25492802921325236,-0.2317418031785961,False,False,False,False,126554.0,100856.48157632351,False,False,False,False,1180.793840524713,False,False,False,False
2025-05-09 18:00:00+00:00,4.11,4.125,4.035,4.115,1217.0,,,,,,,,,,,,,,,,,,4.34263746538902,4.370267881017583,4.398149702160004,4.514494968652865,4.761304916903467,4.77620916761405,4.864176360209732,4.864176360209732,4.972099194083726,5.089043249509359,5.101635170728286,,,,,,,,,,,,,,,,,,,4.064711826956623,4.201794754852864,4.360131753327319,4.404796021924472,4.404796021924472,4.4143291951115655,4.420937658334291,4.521012852636448,4.520953193631356,4.575824950884845,4.819540149106904,4.820086511067758,4.957088056525374,4.971806973139337,4.97196488638507,4.978425697303311,5.001680902464662,5.084100368168371,5.084100368168371,5.084100368168371,5.087772993803055,5.107495445760343,5.107857211865575,,,4.514494968652865,4.761304916903467,4.610868660774087,"rgba(239, 83, 80, 0.5)",0.3200544435667827,4.376648968823423,-0.817513938902169,43.27755818265041,-7.156948351714895,True,False,False,True,False,0.0,0.0,0.0,0.0,0.0,0,0.8921911421911423,1.0337995337995336,False,False,False,False,-0.27980789908134723,-0.25577485112997167,False,False,False,False,127771.0,101273.76093172934,False,False,False,False,1181.3551763305313,False,False,False,False
2025-05-09 19:00:00+00:00,4.115,4.18,4.1,4.17,9846.0,,,,,,,,,,,,,,,,,,4.318575805244396,4.343867268020321,4.369498913357882,4.4802345085011135,4.734284125922365,4.748848936399954,4.836425868117902,4.836425868117902,4.951632666993685,5.070187197784383,5.082679476026706,,,,,,,,,,,,,,,,,,,4.080603792509605,4.194039483155408,4.334517604674772,4.3756407738406535,4.3756407738406535,4.384529169290664,4.390669862521511,4.486689248443393,4.486667323770903,4.552817364502734,4.79186795143028,4.792419604866619,4.935453028661249,4.952094128911076,4.952526100713528,4.959765779120904,4.983497595623915,5.0652808556526185,5.0652808556526185,5.0652808556526185,5.068926459572056,5.0884962797709035,5.088855577651116,,,4.4802345085011135,4.734284125922365,4.586629438037179,"rgba(239, 83, 80, 0.5)",0.32365552814821025,4.350209615085049,-0.5567944910940206,44.03577507694749,-7.156948351714895,True,False,False,True,False,0.0,0.0,0.0,0.0,0.0,0,0.8943418013856814,1.0271362586605077,False,False,False,False,-0.2447741205519847,-0.25027448584097817,False,False,False,False,137617.0,101837.22200255524,False,False,False,False,1315.6907549920736,False,False,False,False
2025-05-12 14:00:00+00:00,4.505,4.505,4.38,4.405,407.0,,,,,,,,,,,,,,,,,,4.319148156094606,4.3442919064058305,4.3697862908716045,4.480040082542461,4.73372916647995,4.74827411062583,4.835774113475176,4.835774113475176,4.9510964104662545,5.0696562566226,5.0821425106173965,,,,,,,,,,,,,,,,,,,4.083274395282452,4.195490944356281,4.334996304554022,4.375896681086667,4.375896681086667,4.384740090264641,4.390850650915197,4.486473284348139,4.486451645080346,4.552543670413625,4.791250773496481,4.791802107099247,4.934893566198635,4.951576959958723,4.952015790707144,4.959272979376652,4.983009546918558,5.064752223426226,5.064752223426226,5.064752223426226,5.068396114437685,5.08795660806302,5.088315745184565,,,4.480040082542461,4.73372916647995,4.586613634986472,#000000,0.3234597180317592,4.350945991757927,0.16711202424521426,49.28397866849046,-7.156948351714895,True,False,False,False,True,0.0,0.0,0.0,0.0,0.0,0,0.9057767807066741,1.019629837352776,False,False,False,False,-0.07514112271826139,-0.16270780427961978,False,False,False,False,138024.0,102398.25732034507,False,False,False,False,1301.6025262325065,False,False,False,False
2025-05-12 15:00:00+00:00,4.405,4.405,4.29,4.29,68.0,,,,,,,,,,,,,,,,,,4.319156032214404,4.3442787722546985,4.369753419705434,4.479942045375352,4.733605673174269,4.748147659407388,4.8356381925515075,4.8356381925515075,4.950989462979848,5.069553549356307,5.082038909942231,,,,,,,,,,,,,,,,,,,4.0835869470077775,4.195627330786768,4.334990728091014,4.375859299754206,4.375859299754206,4.384696408913185,4.390802674641688,4.486372693002068,4.486351161493915,4.552460222763471,4.791118900893577,4.791670210050094,4.934781416456169,4.951473830173131,4.951914040976207,4.959174935290685,4.98291311417646,5.06464985479042,5.06464985479042,5.06464985479042,5.0682934947810905,5.087852608951555,5.088211722664606,,,4.479942045375352,4.733605673174269,4.5865555820105035,#000000,0.3239390166165268,4.350968497124488,-0.18820979874944044,50.27658732252891,-6.615927745649941,True,False,False,False,True,0.0,0.0,0.0,0.0,0.0,0,0.8914253897550112,1.0322939866369707,False,False,False,False,-0.127504701699677,-0.1451062529896484,False,False,False,False,137956.0,102949.54015258778,False,False,False,False,1282.476905670762,False,False,False,False
2025-05-12 16:00:00+00:00,4.29,4.315,4.275,4.315,335.0,,,,,,,,,,,,,,,,,,4.319082461669827,4.344106696561312,4.369488469163338,4.479376284802154,4.732958424471767,4.747486311374048,4.834934501166389,4.834934501166389,4.950440583491463,5.06902979148809,5.08151089656844,,,,,,,,,,,,,,,,,,,4.084948649605785,4.196160968232985,4.334853892920181,4.37557314513127,4.37557314513127,4.384380849736232,4.390466955234508,4.48579569120399,4.485774764451236,4.552001220134032,4.790432957660844,4.790984182972663,4.934205250938122,4.950944541296785,4.951391842824017,4.958671969608744,4.982419118596718,5.064127704473632,5.064127704473632,5.064127704473632,5.067770153098135,5.087322701884849,5.087681704714376,,,4.479376284802154,4.732958424471767,4.5861987304379745,#000000,0.3242358723227533,4.350949506471553,-0.11087455010458291,51.413179757440275,-5.173721707257016,True,False,True,False,True,0.0,0.0,0.0,0.0,0.0,0,0.8861607142857143,1.0468749999999998,False,False,False,False,-0.15672528097028593,-0.15091576697996717,False,False,False,False,138291.0,103497.46976262517,False,False,False,False,1267.787341241758,False,False,False,False
2025-05-12 17:00:00+00:00,4.315,4.315,4.265,4.285,100.0,,,,,,,,,,,,,,,,,,4.31904389848293,4.344039546662171,4.369394308565772,4.479195477359985,4.732759630273789,4.747283380697509,4.8347195602621,4.8347195602621,4.950273555093626,5.068870870118971,5.081350726627762,,,,,,,,,,,,,,,,,,,4.0853270326753615,4.19629922401552,4.334796941057409,4.375472819899491,4.375472819899491,4.384272007856914,4.390352256349786,4.485611728061514,4.485590992014,4.55185724946307,4.790222995369477,4.7907742009151475,4.934029843314904,4.950783470554729,4.951232929734498,4.958518935787943,4.982268910563689,5.063969253948189,5.063969253948189,5.063969253948189,5.067611353670275,5.087161976949713,5.087520947337867,,,4.479195477359985,4.732759630273789,4.586081774585169,#000000,0.3249059046044604,4.350924298654181,-0.20290274113188964,51.477899291267974,-4.6564053619959935,True,False,False,False,True,0.0,0.0,0.0,0.0,0.0,0,0.8818283166109252,1.0479375696766997,False,False,False,False,-0.15952131530723287,-0.1552185411436,False,False,False,False,138191.0,104035.35395235191,False,False,False,False,1249.6821111449867,False,False,False,False
2025-05-12 18:00:00+00:00,4.285,4.32,4.27,4.32,2613.0,,,,,,,,,,,,,,,,,,4.318545395668893,4.3427979907631125,4.367450441624157,4.474951357974522,4.727800638458975,4.742214908639686,4.829315022549522,4.829315022549522,4.946037006777491,5.064820431566303,5.077267027303547,,,,,,,,,,,,,,,,,,,4.0954336692451445,4.200336119089889,4.3338216464801045,4.373368315284136,4.373368315284136,4.381944279351663,4.387871507851652,4.481279857997351,4.481263550535662,4.5483612467452295,4.784960379343482,4.785510852331972,4.929585671588128,4.946696949055378,4.947200715001943,4.954633730931405,4.978451234785754,5.0599313899171,5.0599313899171,5.0599313899171,5.063564170064555,5.083063467065817,5.083421569451224,,,4.474951357974522,4.727800638458975,4.583362583644926,#000000,0.3248142227170404,4.350720704337087,-0.09457930776587045,52.301274998927056,-3.380333079654939,True,False,True,False,True,0.0,0.0,0.0,0.0,0.0,0,0.8782657031684268,1.0500277932184543,False,False,False,False,-0.15672528097028593,-0.15597191105694297,False,False,False,False,140804.0,104605.41048022242,False,False,False,False,1270.818822600103,False,False,False,False
2025-05-12 19:00:00+00:00,4.32,4.37,4.265,4.29,1082.0,,,,,,,,,,,,,,,,,,4.318412959056476,4.342368140967267,4.3667387974737535,4.4733027908848175,4.725804369945516,4.740173388242386,4.82713011341173,4.82713011341173,4.944312445169823,5.06316666397275,5.075599402691896,,,,,,,,,,,,,,,,,,,4.099443651429168,4.201996835458028,4.3334986354958485,4.372592073717807,4.372592073717807,4.381077985642811,4.386943533894041,4.479594519947524,4.479579887762111,4.546971195618237,4.782836654545852,4.783386774069242,4.927778243844117,4.94503288570231,4.945558550168949,4.953050636741765,4.976894554201073,5.05828286790403,5.05828286790403,5.05828286790403,5.061911759947912,5.081389665961811,5.0817474058458805,,,4.4733027908848175,4.725804369945516,4.582292290252765,#000000,0.3244963248865242,4.3506623415999455,-0.1869430774636938,52.04883475763842,-3.1410272141326985,True,False,True,False,True,0.0,0.0,0.0,0.0,0.0,0,0.8776185226019845,1.0457552370452037,False,False,False,False,-0.14417250708853316,-0.15007220907273805,False,False,False,False,139722.0,105149.85372859107,False,False,False,False,1267.8913989938999,False,False,False,False
2025-05-13 14:00:00+00:00,4.255,4.255,4.255,4.255,0.0,,,,,,,,,,,,,,,,,,4.318412959056476,4.342368140967267,4.3667387974737535,4.4733027908848175,4.725804369945516,4.740173388242386,4.82713011341173,4.82713011341173,4.944312445169823,5.06316666397275,5.075599402691896,,,,,,,,,,,,,,,,,,,4.099443651429168,4.201996835458028,4.3334986354958485,4.372592073717807,4.372592073717807,4.381077985642811,4.386943533894041,4.479594519947524,4.479579887762111,4.546971195618237,4.782836654545852,4.783386774069242,4.927778243844117,4.94503288570231,4.945558550168949,4.953050636741765,4.976894554201073,5.05828286790403,5.05828286790403,5.05828286790403,5.061911759947912,5.081389665961811,5.0817474058458805,,,4.4733027908848175,4.725804369945516,4.582292290252765,#000000,0.32488344410303216,4.3506623415999455,-0.29445126655825415,50.93115807221539,-3.1410272141326985,True,False,False,False,True,0.0,0.0,0.0,0.0,0.0,0,0.8736141906873613,1.0576496674057647,False,False,False,False,-0.17916552824847026,-0.16461886866060416,False,False,False,False,139722.0,105685.85599636486,False,False,False,False,1248.2341680017464,False,False,False,False
2025-05-13 15:00:00+00:00,4.255,4.27,4.255,4.27,13.0,,,,,,,,,,,,,,,,,,4.318404637785367,4.342356549032262,4.366724084868441,4.473278031252001,4.7257780230960815,4.740146526995665,4.8271017902337485,4.8271017902337485,4.944290373695368,5.063145700114153,5.0755782814009525,,,,,,,,,,,,,,,,,,,4.099481108268504,4.202008473532643,4.333488207326214,4.3725766466295335,4.3725766466295335,4.381061574935022,4.386926442630786,4.479569397667034,4.479554789796005,4.546951577396243,4.78280893378245,4.783359051254836,4.9277550772567595,4.94501158793217,4.94553753300044,4.953030388093173,4.976874685570712,5.058261963305841,5.058261963305841,5.058261963305841,5.061890811442577,5.0813684747536065,5.081726210557204,,,4.473278031252001,4.7257780230960815,4.582275169732961,#000000,0.3250407181699921,4.350654113729424,-0.2481354157211868,50.629826234989125,-3.1410272141326985,True,False,False,False,True,0.0,0.0,0.0,0.0,0.0,0,0.8841567291311753,1.0698466780238498,False,False,False,False,-0.17494502396114478,-0.16978194631087445,False,False,False,False,139735.0,106213.74970184757,False,False,False,False,1229.083250668386,False,False,False,False
2025-05-13 16:00:00+00:00,4.27,4.295,4.25,4.28,113.0,,,,,,,,,,,,,,,,,,4.318345939347519,4.342268941094319,4.366608931699424,4.473073381925797,4.725554102449129,4.739918079930921,4.826860094373245,4.826860094373245,4.944101405459431,5.062965804697538,5.075396999384808,,,,,,,,,,,,,,,,,,,4.099825609671368,4.202125485300306,4.333410911642595,4.372455183708241,4.372455183708241,4.380931397041254,4.386790249750536,4.479361440219266,4.479347034097617,4.546787208740503,4.782572752329952,4.783122847270477,4.927556811716525,4.944829238921003,4.945357583630793,4.952856988205757,4.976704453421021,5.058082590579493,5.058082590579493,5.058082590579493,5.0617110514058385,5.081186576355909,5.081544276134595,,,4.473073381925797,4.725554102449129,4.582135075864298,#000000,0.324869384702703,4.350597383164356,-0.21731005286620414,50.74695114423857,-3.1410272141326985,True,False,False,False,True,0.0,0.0,0.0,0.0,0.0,0,0.8882554161915621,1.0450399087799314,False,False,False,False,-0.16932724001685892,-0.16955459316386667,False,False,False,False,139848.0,106735.21094678016,False,False,False,False,1211.7796343789537,False,False,False,False
2025-05-13 17:00:00+00:00,4.28,4.315,4.28,4.31,250.0,,,,,,,,,,,,,,,,,,4.318296184930635,4.342152440634002,4.366429054166344,4.472682869779707,4.725088766620412,4.739442406323623,4.826351922665076,4.826351922665076,4.943700359989181,5.062581557033395,5.075009577105211,,,,,,,,,,,,,,,,,,,4.100698292460771,4.202477275618824,4.333318368219541,4.372260769580056,4.372260769580056,4.380716741048862,4.386561707977147,4.478962696011993,4.478948679777717,4.5464598768234765,4.782078418150642,4.782628435524482,4.92713650636747,4.944442211256872,4.944975631966747,4.952488754531362,4.976342428324833,5.0576995439728,5.0576995439728,5.0576995439728,5.061327114593733,5.080797739499761,5.081155356299828,,,4.472682869779707,4.725088766620412,4.581876442506802,#000000,0.32416522035851686,4.350558517183691,-0.12511680660508495,51.81410861220703,-1.7799429954200576,True,False,False,False,True,0.0,0.0,0.0,0.0,0.0,0,0.8826210826210826,1.046153846153846,False,False,False,False,-0.15532817742273838,-0.16244138529330254,False,False,False,False,140098.0,107252.46349024093,False,False,False,False,1196.8683222180396,False,False,False,False
2025-05-13 18:00:00+00:00,4.31,4.31,4.245,4.27,217.0,,,,,,,,,,,,,,,,,,4.318184369731231,4.341985608957479,4.366209768336355,4.472292714500966,4.724660296820779,4.739005258462769,4.825889248530174,4.825889248530174,4.943338216552034,5.062236666767569,5.074662024005435,,,,,,,,,,,,,,,,,,,4.101349983057369,4.202699067027453,4.333171168132261,4.372029462801615,4.372029462801615,4.380468823734956,4.386302326079736,4.478566194255819,4.478552560132229,4.546145586571909,4.781626387485312,4.782176360263638,4.926756604026848,4.944092727271271,4.944630737575935,4.95215638265724,4.976016097341675,5.057355657645292,5.057355657645292,5.057355657645292,5.060982484345516,5.080449002534217,5.080806550129238,,,4.472292714500966,4.724660296820779,4.5816083425718865,#000000,0.3234377977432518,4.35044899647403,-0.24873096785642615,51.02865072281794,-1.7799429954200576,True,False,False,False,True,0.0,0.0,0.0,0.0,0.0,0,0.8754974417282544,1.0517339397384873,False,False,False,False,-0.16652233459247542,-0.164481859942889,False,False,False,False,139881.0,107758.33227333798,False,False,False,False,1181.6765652844265,False,False,False,False
2025-05-13 19:00:00+00:00,4.27,4.3,4.27,4.295,444.0,,,,,,,,,,,,,,,,,,4.318027461751254,4.341714261305388,4.365829465464145,4.471552830946408,4.7238120695467885,4.738139005655293,4.824967848617625,4.824967848617625,4.942613220121524,5.061543869128869,5.073963683120575,,,,,,,,,,,,,,,,,,,4.1027695512656095,4.203231582633053,4.33294079414306,4.371624167929996,4.371624167929996,4.380028842258481,4.385838478518187,4.4778125278843595,4.4777996196249745,4.545536295988757,4.780728277360887,4.781278132808978,4.925996543717021,4.943393016927376,4.943940189614942,4.951490708012902,4.975362024213734,5.0566649539626525,5.0566649539626525,5.0566649539626525,5.060290228823918,5.079748194008279,5.080105597069684,,,4.471552830946408,4.7238120695467885,4.581106276345785,#000000,0.32250113485378246,4.35030075834692,-0.171474616273809,51.43654385488615,-1.6145778638858772,True,False,False,False,True,0.0,0.0,0.0,0.0,0.0,0,0.8763471355643789,1.0510493477027794,False,False,False,False,-0.16231982511073773,-0.16340084252681336,False,False,False,False,140325.0,108263.24185049553,False,False,False,False,1170.2397193110246,False,False,False,False
2025-05-14 14:00:00+00:00,4.33,4.33,4.295,4.295,200.0,,,,,,,,,,,,,,,,,,4.3180006259670005,4.341634598628631,4.365699608574774,4.4712546454115545,4.723447101763102,4.737765748386266,4.824567978860878,4.824567978860878,4.942296305340166,5.061239592969474,5.073656851454188,,,,,,,,,,,,,,,,,,,4.103464461598759,4.203520507448789,4.3328801260737055,4.371482785389619,4.371482785389619,4.379871373836892,4.385669986627934,4.47750764525994,4.477495031295423,4.545282276645823,4.780339813714643,4.780889600643989,4.9256645915071235,4.943087127171755,4.943638291589489,4.951199568062186,4.975075654243798,5.056361645552985,5.056361645552985,5.056361645552985,5.059986203084944,5.079440222847218,5.079797558998827,,,4.4712546454115545,4.723447101763102,4.580908422561958,#000000,0.3215117724435847,4.35028048214201,-0.171939216165746,51.708472609598296,-1.0763048421295522,True,False,False,False,True,0.0,0.0,0.0,0.0,0.0,0,0.8790960451977401,1.0468926553672313,False,False,False,False,-0.1469579794322969,-0.15517941097955512,False,False,False,False,140325.0,108760.32337219328,False,False,False,False,1155.1972430426365,False,False,False,False
2025-05-14 15:00:00+00:00,4.3,4.3,4.215,4.215,1026.0,,,,,,,,,,,,,,,,,,4.317106657331232,4.34050157649561,4.364337120801048,4.46915959648447,4.721301823165038,4.735581225768202,4.82227663768294,4.82227663768294,4.940513989889704,5.059551814643861,5.0719569984516175,,,,,,,,,,,,,,,,,,,4.10586787586461,4.204082950091335,4.331831827206134,4.370067714219089,4.370067714219089,4.378384287124614,4.384132799315109,4.475386980417079,4.475376350723718,4.543643974729153,4.778091842924131,4.778641529711631,4.923793592039271,4.941366821058283,4.9419404983569795,4.949563789956703,4.973471590451836,5.054678401278528,5.054678401278528,5.054678401278528,5.058299600031404,5.077735015127,5.078092039499441,,,4.46915959648447,4.721301823165038,4.579411832530325,#000000,0.32088618846242273,4.349349112940293,-0.41868150693567746,48.70302467080115,1.506495487431316,True,False,False,False,False,0.0,0.0,0.0,0.0,0.0,0,0.8728193584693302,1.053460889138998,False,False,False,False,-0.17775799885702234,-0.16646870491828875,False,False,False,False,139299.0,109233.79122688796,False,False,False,False,1153.1941850109677,False,False,False,False
2025-05-14 16:00:00+00:00,4.215,4.225,4.215,4.22,0.0,,,,,,,,,,,,,,,,,,4.317106657331232,4.34050157649561,4.364337120801048,4.46915959648447,4.721301823165038,4.735581225768202,4.82227663768294,4.82227663768294,4.940513989889704,5.059551814643861,5.0719569984516175,,,,,,,,,,,,,,,,,,,4.10586787586461,4.204082950091335,4.331831827206134,4.370067714219089,4.370067714219089,4.378384287124614,4.384132799315109,4.475386980417079,4.475376350723718,4.543643974729153,4.778091842924131,4.778641529711631,4.923793592039271,4.941366821058283,4.9419404983569795,4.949563789956703,4.973471590451836,5.054678401278528,5.054678401278528,5.054678401278528,5.058299600031404,5.077735015127,5.078092039499441,,,4.46915959648447,4.721301823165038,4.579411832530325,#000000,0.3183309089101513,4.349349112940293,-0.4063353866048922,46.942017726375866,-0.17858584167915836,True,False,False,True,False,0.0,0.0,0.0,0.0,0.0,0,0.8673412029229904,1.0618324901630127,False,False,False,False,-0.1989475361110698,-0.18270812051467927,False,False,False,False,139299.0,109699.91849468814,False,False,False,False,1135.3152053983945,False,False,False,False
2025-05-14 17:00:00+00:00,4.22,4.245,4.22,4.24,2.0,,,,,,,,,,,,,,,,,,4.317104741122792,4.340499206153061,4.364334313640375,4.469155400865429,4.72129758747385,4.735576914519643,4.822272124735362,4.822272124735362,4.9405104830452045,5.059548497909324,5.071953658439253,,,,,,,,,,,,,,,,,,,4.105872201101974,4.204083801472342,4.3318296175437,4.370064806942397,4.370064806942397,4.378381243033809,4.384129659842464,4.475382736970938,4.475372111207135,4.543640710382514,4.778087411293983,4.778637097935635,4.923789910344264,4.941363435959737,4.9419371574757145,4.949560571150146,4.973468434880274,5.0546750932758675,5.0546750932758675,5.0546750932758675,5.058296285560731,5.077731664798163,5.078088688570526,,,4.469155400865429,4.72129758747385,4.579408807035609,#000000,0.31133358894214913,4.34934710126951,-0.35122166432812435,46.78767927110201,-0.3840739149019541,True,False,False,True,False,0.0,0.0,0.0,0.0,0.0,0,0.8682735426008966,1.059417040358744,False,False,False,False,-0.19186565437389655,-0.1872868874442879,False,False,False,False,139301.0,110158.84999089454,False,False,False,False,1117.7444270201247,False,False,False,False
2025-05-14 18:00:00+00:00,4.24,4.245,4.185,4.185,0.0,,,,,,,,,,,,,,,,,,4.317104741122792,4.340499206153061,4.364334313640375,4.469155400865429,4.72129758747385,4.735576914519643,4.822272124735362,4.822272124735362,4.9405104830452045,5.059548497909324,5.071953658439253,,,,,,,,,,,,,,,,,,,4.105872201101974,4.204083801472342,4.3318296175437,4.370064806942397,4.370064806942397,4.378381243033809,4.384129659842464,4.475382736970938,4.475372111207135,4.543640710382514,4.778087411293983,4.778637097935635,4.923789910344264,4.941363435959737,4.9419371574757145,4.949560571150146,4.973468434880274,5.0546750932758675,5.0546750932758675,5.0546750932758675,5.058296285560731,5.077731664798163,5.078088688570526,,,4.469155400865429,4.72129758747385,4.579408807035609,"rgba(239, 83, 80, 0.5)",0.30452173401332444,4.34934710126951,-0.5396892336831344,44.46470938498366,-2.6206124404556306,True,False,False,True,False,0.0,0.0,0.0,0.0,0.0,0,0.8749999999999997,1.0596846846846841,False,False,False,False,-0.20178577465603117,-0.19453633105015955,False,False,False,False,139301.0,110610.66627010547,False,False,False,False,1100.4150560585724,False,False,False,False
2025-05-14 19:00:00+00:00,4.185,4.25,4.185,4.25,496.0,,,,,,,,,,,,,,,,,,4.316593903603927,4.339877691385332,4.363606187844509,4.468090016084388,4.720235039856535,4.734495803916342,4.821142370285716,4.821142370285716,4.939633652716413,5.058720126929784,5.07111956627185,,,,,,,,,,,,,,,,,4.228333333333333,4.228333333333333,4.106881065878275,4.204248286016446,4.331247201421981,4.3693122477599475,4.3693122477599475,4.377595361541413,4.383320506242518,4.474305909508996,4.474296275484223,4.542815838238499,4.776977131634593,4.777526793147678,4.922869238009831,4.940517018280742,4.941101788521179,4.948755762234836,4.972679627523005,5.053848866454737,5.053848866454737,5.053848866454737,5.057468470588081,5.076895038511541,5.077251915014709,,,4.468090016084388,4.720235039856535,4.5213083529428255,#000000,0.29779751570548024,4.32078673287135,-0.23770088445384446,46.126318853701775,-2.6206124404556306,True,False,False,True,True,0.0,0.0,0.0,0.0,0.0,0,0.8747903856903299,1.0486305198434878,False,False,False,False,-0.20036625718043533,-0.19745129411529744,False,False,False,False,139797.0,111063.16756824337,False,False,False,False,1091.0442799956488,False,False,False,False
2025-05-15 14:00:00+00:00,4.555,4.555,4.49,4.49,3900.0,,,,,,,,,,,,,,,,,,4.325038330761916,4.347049817657595,4.369587252099216,4.469554878451722,4.716759152825078,4.730823060050628,4.816581953885312,4.816581953885312,4.935530320909957,5.054466746278101,5.066803875919927,,,,,,,,,,,,,,,,,4.479698210494389,4.479698210494389,4.131506517748971,4.219813975730507,4.338892094017094,4.375017366641662,4.375017366641662,4.382898330983797,4.38835617012572,4.475543924640736,4.475533558585327,4.542188012499827,4.772829894372875,4.7733749576215745,4.918633037305497,4.936551218972421,4.9371850692934105,4.944954046597932,4.968873949864429,5.049619583080821,5.049619583080821,5.049619583080821,5.053221299302126,5.072551171953002,5.072906359072358,,,4.469554878451722,4.716759152825078,4.543722382696128,#000000,0.2910822768426262,4.354795767759965,0.4644880262261152,53.962405015268565,0.21288152649236025,True,False,True,False,True,0.0,0.0,0.0,0.0,0.0,0,0.8859459459459458,1.0399999999999998,False,False,False,False,-0.0313739510456032,-0.11441262258045032,False,False,False,False,143697.0,111569.1184586582,False,False,False,False,1134.5939810809875,False,False,False,False
2025-05-15 15:00:00+00:00,4.49,4.51,4.47,4.51,790.0,,,,,,,,,,,,,,,,,,4.326530209170031,4.348304512901079,4.370618677269333,4.469738243427192,4.716018659296073,4.730043876830364,4.815629857336059,4.815629857336059,4.934679622132256,5.0535896200783075,5.0659143665721365,,,,,,,,,,,,,,,,,4.482283069803317,4.482283069803317,4.135951661864183,4.222624699068718,4.340234784013789,4.375996979365225,4.375996979365225,4.383802607882002,4.389210191866867,4.475684761936915,4.475674346173739,4.542002914946694,4.771958208808125,4.772502388327398,4.917754306837694,4.93572876161174,4.936372706928859,4.944165614747499,4.968085655500124,5.0487472416871215,5.0487472416871215,5.0487472416871215,5.052345406263636,5.071656065178984,5.072010916923199,,,4.469738243427192,4.716018659296073,4.544275329894935,"rgba(38, 166, 154, 0.5)",0.28457480531455204,4.356575387860088,0.5391363159163898,59.551697975009844,4.926054658729143,True,False,True,False,True,0.0,0.0,0.0,0.0,0.0,0,0.8849892008639305,1.0469762419006479,False,False,False,False,-0.049130424493296486,-0.0817715235368734,False,False,False,False,144487.0,112079.47321123714,False,False,False,False,1129.2514387386466,False,False,False,False
2025-05-15 16:00:00+00:00,4.51,4.695,4.485,4.67,1749.0,,,,,,,,,,,,,,,,,4.616666666666666,4.332008323257621,4.353196130744565,4.374961883807852,4.471905808225649,4.715284090588837,4.729214724559142,4.8143275024513645,4.8143275024513645,4.933320701980706,5.052073820471218,5.064367965282767,,,,,,,,,,,,,,,,,4.5161744772891135,4.5161744772891135,4.14856713081055,4.2312867580826925,4.345346694297889,4.3802125312128615,4.3802125312128615,4.387829493771011,4.393112697011313,4.477735591171587,4.4777236225031105,4.5426690556958365,4.770880552678946,4.771421984648904,4.91637253667168,4.934413480439529,4.935072747463431,4.9428953550603785,4.966791633858132,5.047243367269777,5.047243367269777,5.047243367269777,5.050832674906598,5.070095752836704,5.0704497641796085,,,4.471905808225649,4.715284090588837,4.536437338763249,"rgba(38, 166, 154, 1.0)",0.27912669473145535,4.372373106889571,1.0662788573367117,65.66965955037897,10.0565291196097,True,False,True,False,True,3.243935802261621,0.0,0.0,0.0,0.0,0,0.8891235480464624,1.0232312565997888,False,False,False,False,0.00545457182583807,-0.03815847585551767,False,False,False,True,146236.0,112609.03176610169,False,False,False,True,1138.859943564404,False,False,False,True
2025-05-15 17:00:00+00:00,4.67,4.67,4.485,4.485,1001.0,,,,,,,,,,,,,,,,,4.591186666666666,4.334303165906606,4.35519361415379,4.376679206133514,4.47253174915173,4.7145735830418225,4.72845384477654,4.813328511043416,4.813328511043416,4.932377390527259,5.051072297019526,5.063350065277828,,,,,,,,,,,,,,,,,4.520020581317205,4.520020581317205,4.154457970543161,4.235205323304038,4.347455098695682,4.381864644581717,4.381864644581717,4.389386126367799,4.394605858371947,4.478304738494703,4.478292399492312,4.542689364718461,4.769993564764681,4.770533697365961,4.9154040262613385,4.933500813199304,4.934170969193446,4.942017728448495,4.965908096785785,5.046248196821377,5.046248196821377,5.046248196821377,5.0498327874937035,5.06907042952677,5.06942399431331,,,4.47253174915173,4.7145735830418225,4.536482194504908,#000000,0.27242157314263654,4.373715622772979,0.4085006042041848,63.469623295222945,10.0565291196097,True,False,True,False,False,0.0,0.0,0.0,0.0,0.0,0,0.8894154818325432,1.0426540284360188,False,False,False,False,-0.0013636643689443984,-0.019761070112231032,False,False,False,False,145235.0,113114.86073096833,False,False,False,False,1136.7225800982892,False,False,False,False
2025-05-15 18:00:00+00:00,4.485,4.51,4.485,4.495,1315.0,,,,,,,,,,,,,,,,,4.560610086100861,4.336551849433373,4.357086755063481,4.378235271879736,4.472794319610829,4.713373996673252,4.727191586050003,4.811783469504366,4.811783469504366,4.9309854111244755,5.04963280272007,5.061890116198199,,,,,,,,,,,,,,,,,4.5167008972003035,4.5167008972003035,4.160983367651748,4.239404466753785,4.349480107332679,4.3833422565447755,4.3833422565447755,4.390749739019486,4.395893170017392,4.478501769360285,4.478489402006269,4.54238424980632,4.768580447862319,4.769119122716744,4.913967910984303,4.932154234745307,4.932840621533858,4.940725628285573,4.9646152825442345,5.044816609352965,5.044816609352965,5.044816609352965,5.048395330822345,5.067601229293011,5.067954239437995,,,4.472794319610829,4.713373996673252,4.535521451037849,#000000,0.26539716964891125,4.374034511706311,0.45579042328790437,62.20062396274896,10.0565291196097,True,False,True,False,False,0.0,0.0,0.0,0.0,0.0,0,0.8725645076355978,1.0621379673512374,False,False,False,False,-0.04503043556060031,-0.03239575283641567,False,False,False,False,146550.0,113633.23498320137,False,False,False,False,1139.4865711045172,False,False,False,False
2025-05-15 19:00:00+00:00,4.495,4.495,4.455,4.49,300.0,,,,,,,,,,,,,,,,,4.555069873997709,4.337003664118931,4.357460848069202,4.378535465769902,4.47281215957482,4.713081269267862,4.726884861219109,4.811414567072131,4.811414567072131,4.930656955925375,5.0492955809281765,5.061548311113114,,,,,,,,,,,,,,,,,4.515548110145535,4.515548110145535,4.162365149721346,4.240282777027382,4.349882967230824,4.383625245605131,4.383625245605131,4.391007797139443,4.3961344957088375,4.478505428072948,4.478493087919925,4.542290037972793,4.768240473488342,4.768778834446889,4.913628628811237,4.931836480123687,4.932526698971172,4.9404208779449545,4.964310872135471,5.044481157102021,5.044481157102021,5.044481157102021,5.048058565159519,5.067257352812085,5.06761023890785,,,4.47281215957482,4.713081269267862,4.535291624845138,#000000,0.261820549231712,4.374078161104271,0.4427530200967452,61.193841083701464,10.0565291196097,True,False,True,False,False,0.0,0.0,0.0,0.0,0.0,0,0.8681722689075629,1.0640756302521004,False,False,False,False,-0.057335494758187354,-0.04486562379730151,False,False,False,False,146250.0,114138.92126253158,False,False,False,False,1126.4712754284783,False,False,False,False
2025-05-16 14:00:00+00:00,4.45,4.515,4.45,4.515,100.0,,,,,,,,,,,,,,,,,4.553687196715193,4.337167621065289,4.357598553412586,4.378648234920447,4.472829081183896,4.712989429045882,4.726788301250246,4.81129672167184,4.81129672167184,4.930550813279454,5.049185892958846,5.061437075479148,,,,,,,,,,,,,,,,,4.515317929057439,4.515317929057439,4.162842310390894,4.240590328840488,4.350030405810506,4.383732206926136,4.383732206926136,4.391106323499203,4.396227370305253,4.478517488281051,4.478505148355535,4.542265405792508,4.7681325605465235,4.768670811943521,4.913519126437622,4.931733783773236,4.9324252351238425,4.940322323231433,4.964212278152963,5.0443720673074415,5.0443720673074415,5.0443720673074415,5.047949031346797,5.067145417216831,5.067498261349973,,,4.472829081183896,4.712989429045882,4.535254409055477,"rgba(38, 166, 154, 0.5)",0.2591263561825848,4.374143577077402,0.5435819999079827,61.114510013135785,10.0565291196097,True,False,True,False,False,0.0,0.0,0.0,0.0,0.0,0,0.8790279978869517,1.0612783940834651,False,False,False,False,-0.05323206452812403,-0.04904884416271277,False,False,False,False,146350.0,114638.31783210473,False,False,False,False,1110.556992088502,False,False,False,False
2025-05-16 15:00:00+00:00,4.515,4.515,4.44,4.445,2000.0,,,,,,,,,,,,,,,,,4.5267666924465075,4.339828159455423,4.3597654193445825,4.380344174799371,4.4727291004175065,4.710947561258661,4.724655037615359,4.808761875691087,4.808761875691087,4.928309908256144,5.046896377116343,5.059117473088403,,,,,,,,,,,,,,,,,4.506966497868567,4.506966497868567,4.171357328363365,4.2459552794883635,4.352379693505882,4.385318437125442,4.385318437125442,4.392533929741031,4.397548239198919,4.478327797741481,4.478315806870375,4.54151224651434,4.765784228955125,4.766320484534356,4.911202766553577,4.929565588164451,4.930283112226167,4.938243263015279,4.962137848989845,5.04209415695367,5.04209415695367,5.04209415695367,5.045662507555765,5.064812224085132,5.065164254960993,,,4.4727291004175065,4.710947561258661,4.533867099057222,#000000,0.2556511206615195,4.37450777667243,0.27573602315986595,58.61309205683975,14.752627894694996,True,False,True,False,False,0.0,0.0,0.0,0.0,0.0,0,0.884188260179799,1.0512956107879428,False,False,False,False,-0.05596747717031641,-0.05250816066651459,False,False,False,False,144350.0,115098.9640672659,False,False,False,False,1124.3468061646493,False,False,False,False
2025-05-16 16:00:00+00:00,4.445,4.45,4.43,4.45,2100.0,,,,,,,,,,,,,,,,,4.5063101770772525,4.3420138330249625,4.3614730609425,4.381593263392477,4.472236716863947,4.708638380750454,4.722253237495864,4.805961289082552,4.805961289082552,4.9258623857987995,5.044415777161074,5.056606123398867,,,,,,,,,,,,,,,,,4.497248684944126,4.497248684944126,4.179132090967664,4.250753829055671,4.35426344165557,4.3864605911176096,4.3864605911176096,4.393522098509268,4.398432316377946,4.477749372289434,4.477738034379614,4.540495856564672,4.763168237080303,4.763702569387352,4.908669980898273,4.927196969696972,4.927942848686105,4.935972756242209,4.9598765309101704,5.0396253988947475,5.0396253988947475,5.0396253988947475,5.0431849616029005,5.0622869967448825,5.062638198407327,,,4.472236716863947,4.708638380750454,4.532294000512024,#000000,0.25270104831562357,4.37457610594206,0.2984708395975308,57.09378355957077,13.039530739117183,True,False,True,False,False,0.0,0.0,0.0,0.0,0.0,0,0.8833773087071237,1.0490765171503957,False,False,False,False,-0.07651261473739648,-0.06451038770195554,False,False,False,False,146450.0,115585.02663986642,False,False,False,False,1139.4732122706237,False,False,False,False
2025-05-16 17:00:00+00:00,4.45,4.465,4.44,4.465,400.0,,,,,,,,,,,,,,,,,4.50409518497862,4.342473142509947,4.3618421392731,4.381875762393499,4.472187198528555,4.708224926023769,4.7218220414657495,4.80545213922516,4.80545213922516,4.925411793892979,5.043956021678227,5.056140441265414,,,,,,,,,,,,,,,,,4.496101571149271,4.496101571149271,4.180635080736145,4.251702965771287,4.354665831655123,4.386722877050098,4.386722877050098,4.393755198912227,4.398645715001159,4.477683204000557,4.477671953523745,4.54033087988087,4.762695330229494,4.763229276257053,4.908204385696102,4.9267607785425716,4.927511826722794,4.93555427987707,4.959459097375748,5.0391679287876086,5.0391679287876086,5.0391679287876086,5.042725795360989,5.061818637335897,5.062169678811895,,,4.472187198528555,4.708224926023769,4.532148207423162,#000000,0.24966431517192356,4.374779409726346,0.3613675835552465,56.561092265910226,12.198253946323177,True,False,True,False,False,0.0,0.0,0.0,0.0,0.0,0,0.8827623126338329,1.0653104925053534,False,False,False,False,-0.06965792316281731,-0.06708415543238642,False,False,False,False,146850.0,116069.75490901578,False,False,False,False,1128.0085113051875,False,False,False,False
2025-05-16 18:00:00+00:00,4.465,4.565,4.46,4.565,0.0,,,,,,,,,,,,,,,,,4.50409518497862,4.342473142509947,4.3618421392731,4.381875762393499,4.472187198528555,4.708224926023769,4.7218220414657495,4.80545213922516,4.80545213922516,4.925411793892979,5.043956021678227,5.056140441265414,,,,,,,,,,,,,,,,,4.496101571149271,4.496101571149271,4.180635080736145,4.251702965771287,4.354665831655123,4.386722877050098,4.386722877050098,4.393755198912227,4.398645715001159,4.477683204000557,4.477671953523745,4.54033087988087,4.762695330229494,4.763229276257053,4.908204385696102,4.9267607785425716,4.927511826722794,4.93555427987707,4.959459097375748,5.0391679287876086,5.0391679287876086,5.0391679287876086,5.042725795360989,5.061818637335897,5.062169678811895,,,4.472187198528555,4.708224926023769,4.532148207423162,"rgba(38, 166, 154, 0.5)",0.24700412149604173,4.374779409726346,0.7701109970211664,59.030263590138766,12.198253946323177,True,False,True,False,False,0.9259256372717708,0.0,0.0,0.0,0.0,0,0.8761297182349813,1.0510366826156297,False,False,False,False,-0.03683485627083476,-0.05195950585161059,False,False,False,False,146850.0,116546.96801120159,False,False,False,False,1110.5200072539442,False,False,False,False
2025-05-16 19:00:00+00:00,4.565,4.61,4.455,4.455,2623.0,,,,,,,,,,,,,,,,,4.504677252329997,4.346676083965218,4.36543290923069,4.384880908662468,4.472891584563263,4.706079235915229,4.719555519856487,4.802623223612729,4.802623223612729,4.922791252523037,5.041214072115509,5.053357766476687,,,,,,,,,,,,,,,,,4.4977536663884585,4.4977536663884585,4.1918161077335405,4.259183444814805,4.358484121511617,4.389591048186876,4.389591048186876,4.396423872984979,4.401180528841135,4.478267677388936,4.478256204611337,4.53990197078472,4.760130859096554,4.760661809964187,4.905510321971152,4.924222483546913,4.925002901647047,4.933112759087927,4.957009359545289,5.036441747487546,5.036441747487546,5.036441747487546,5.039987908054485,5.059017514667694,5.059367447925182,,,4.472891584563263,4.706079235915229,4.53330950172502,#000000,0.24565479697997875,4.378852380569667,0.30997814969002857,56.6106062217097,11.98254468496652,True,False,True,False,False,0.0,0.0,0.0,0.0,0.0,0,0.8748035620743843,1.0455735987427972,False,False,False,False,-0.025914915820338495,-0.03893721083597454,False,False,False,False,144227.0,116976.11579397366,False,False,False,False,1133.9693094670613,False,False,False,False
2025-05-19 14:00:00+00:00,4.45,4.53,4.45,4.515,600.0,,,,,,,,,,,,,,,,,4.504364949130292,4.347558915698886,4.3661824040654675,4.385502440909893,4.473009922865229,4.705574579782315,4.719023725101328,4.801965624178332,4.801965624178332,4.922184505572526,5.040581074699612,5.052715555478418,,,,,,,,,,,,,,,,,4.4977736848163925,4.4977736848163925,4.194201919958486,4.260777741976103,4.359283122893218,4.390182622939919,4.390182622939919,4.39697187642836,4.401699235029082,4.478359811844417,4.478348321251238,4.5397811750309165,4.759532400916413,4.760062685881623,4.904886369247379,4.923634662409454,4.924421845446157,4.932547335779687,4.956442412743411,5.035812315892288,5.035812315892288,5.035812315892288,5.039355829354393,5.058371130752235,5.058720813411377,,,4.473009922865229,4.705574579782315,4.533485998698098,"rgba(38, 166, 154, 0.5)",0.24421412846216706,4.379645357469741,0.5542457489359691,56.681482634248454,11.78856933596196,True,False,True,False,False,0.0,0.0,0.0,0.0,0.0,0,0.8731732776617954,1.058455114822547,False,False,False,False,-0.049130424493296486,-0.044033817664635516,False,False,False,False,144827.0,117407.91244833065,False,False,False,False,1125.6907155218355,False,False,False,False
2025-05-19 15:00:00+00:00,4.515,4.54,4.515,4.53,454.0,,,,,,,,,,,,,,,,,4.505225702684175,4.34835168638815,4.3668714005827685,4.3860920716035015,4.4732039516205875,4.705249391457093,4.718677499210153,4.801518903284655,4.801518903284655,4.921758965742646,5.0401295316499555,5.0522568455626695,,,,,,,,,,,,,,,,,4.498551903372971,4.498551903372971,4.196158298834564,4.262120607440817,4.360010792753843,4.390748972865592,4.390748972865592,4.397504202630772,4.402208765757062,4.478532836101665,4.478521253410149,4.539756058468002,4.759133184495509,4.759662918715435,4.904450259353744,4.9232222533724626,4.924014112290664,4.932149967195082,4.956042385736135,5.035363552726494,5.035363552726494,5.035363552726494,5.038905002211996,5.057909170083804,5.058258657100945,,,4.4732039516205875,4.705249391457093,4.5338051762518825,"rgba(38, 166, 154, 0.5)",0.2424676629317049,4.380489393884128,0.6166208075259281,57.14060762132896,11.78856933596196,True,False,True,False,False,0.10370588054701457,0.0,0.0,0.0,0.0,0,0.875131164742917,1.0650577124868834,False,False,False,False,-0.028644220083719276,-0.0363390188741774,False,False,False,False,145281.0,117840.05334060459,False,False,False,False,1115.2769059788614,False,False,False,False
2025-05-19 16:00:00+00:00,4.53,4.535,4.53,4.535,100.0,,,,,,,,,,,,,,,,,4.505446293098939,4.348530197024527,4.3670270510351,4.38622583487772,4.473250366013375,4.7051799441726665,4.718603405703531,4.801422499889163,4.801422499889163,4.921666547701758,5.040031150410413,5.052156879176317,,,,,,,,,,,,,,,,,4.498745909564183,4.498745909564183,4.196592584482882,4.262420104686601,4.36017496747875,4.390877606868449,4.390877606868449,4.397625334795882,4.402324874040359,4.478574596497648,4.478562990826901,4.539752956121878,4.7590473375255655,4.7595769487894355,4.904355610813569,4.923132678715978,4.923925549455119,4.932063628484814,4.955955403374553,5.035265786564522,5.035265786564522,5.035265786564522,5.0388067793624645,5.057808484515796,5.058157928233746,,,4.473250366013375,4.7051799441726665,4.533881199133227,"rgba(38, 166, 154, 0.5)",0.2410188023019332,4.380682460507581,0.640271788003909,57.5951306174927,11.78856933596196,True,False,True,False,False,0.22650120384662742,0.0,0.0,0.0,0.0,0,0.869952805453592,1.0644992134242264,False,False,False,False,-0.025914915820338495,-0.031126967347257947,False,False,False,False,145381.0,118267.04476168047,False,False,False,False,1099.536178754383,False,False,False,False
2025-05-19 17:00:00+00:00,4.535,4.535,4.535,4.535,12.0,,,,,,,,,,,,,,,,,4.505474099628875,4.348551788132293,4.3670458965201275,4.3862420518130945,4.473256085293158,4.705171695056973,4.718594598411953,4.801411008028907,4.801411008028907,4.921655508076695,5.040019386052268,5.05214492432561,,,,,,,,,,,,,,,,,4.498770159791898,4.498770159791898,4.196644881156283,4.262456220740216,4.360194836970248,4.39089320776616,4.39089320776616,4.397640034479171,4.4023389702952755,4.478579755863396,4.478568147324716,4.539752680641422,4.759037116310188,4.759566712752298,4.90434430723875,4.923121978470516,4.923914969949482,4.932053313647939,4.955945009050388,5.035254096131292,5.035254096131292,5.035254096131292,5.0387950340404375,5.057796443231432,5.058145881744923,,,4.473256085293158,4.705171695056973,4.533890565515162,"rgba(38, 166, 154, 0.5)",0.236586079415016,4.380705942668483,0.6521687907970992,57.89814594826853,11.78856933596196,True,False,True,False,False,0.22650120384662742,0.0,0.0,0.0,0.0,0,0.8704771893025693,1.0644992134242262,False,False,False,False,-0.02455041096393225,-0.0278386891555951,False,False,False,False,145381.0,118687.41616072418,False,False,False,False,1082.675152727183,False,False,False,False
2025-05-19 18:00:00+00:00,4.53,4.53,4.465,4.48,600.0,,,,,,,,,,,,,,,,,4.504853726723579,4.349375573612695,4.367741079231669,4.386813520887539,4.47334095210291,4.7046554857531975,4.7180516241892985,4.800744420492843,4.800744420492843,4.92104255760617,5.039381453826524,5.051497857779661,,,,,,,,,,,,,,,,,4.498540273282991,4.498540273282991,4.1989070001235325,4.2639647134959615,4.360937727592355,4.391435695679349,4.391435695679349,4.398140420122104,4.402811000044034,4.478639314916794,4.478627714027297,4.5396137304950885,4.758428621822344,4.758957567512257,4.903713802990488,4.922528067804753,4.9233278701637015,4.931482042002049,4.955372512671702,5.034619697744792,5.034619697744792,5.034619697744792,5.038158012358403,5.057145240304491,5.05749443048472,,,4.47334095210291,4.7046554857531975,4.534002276486388,#000000,0.2316908082566633,4.381399139960476,0.42557087517384745,55.58872592488139,9.467653975311038,True,False,True,False,False,0.0,0.0,0.0,0.0,0.0,1,0.8646538261322225,1.064029151483602,False,False,False,False,-0.04503043556060031,-0.03643456235809771,False,False,False,False,144781.0,119091.96784815482,False,False,False,False,1075.1918170259864,False,False,False,False
2025-05-19 19:00:00+00:00,4.48,4.54,4.48,4.5,224.0,,,,,,,,,,,,,,,,,4.504883635292385,4.349712859344635,4.368029803987059,4.387055578596845,4.473398205315029,4.704476934329096,4.717862966578346,4.800508337902782,4.800508337902782,4.920822149085315,5.03915018479721,5.051263131474381,,,,,,,,,,,,,,,,,4.498637284161159,4.498637284161159,4.199785473080597,4.264559571224321,4.36124450229306,4.3916668159012415,4.3916668159012415,4.39835561083129,4.403015481663135,4.478686854154364,4.478675236956666,4.539578225827144,4.758214893896555,4.758743585180471,4.903487459365734,4.922314464702148,4.923116697211729,4.9312764078483236,4.955166044585776,5.034389767798158,5.034389767798158,5.034389767798158,5.037927088283503,5.056908947186878,5.057258043194634,,,4.473398205315029,4.704476934329096,4.534088556117296,"rgba(38, 166, 154, 0.5)",0.22669287076935818,4.38171596915076,0.521780991381878,54.86704821150562,8.55385107700743,False,False,True,False,False,0.0,0.0,0.0,0.0,0.0,0,0.867046042421107,1.0625969994826692,False,False,False,False,-0.03820041305126927,-0.03731748770468349,False,False,False,False,145005.0,119493.72028461754,False,False,False,False,1061.9950446689943,False,False,False,False
2025-05-20 14:00:00+00:00,4.5,4.53,4.5,4.53,800.0,,,,,,,,,,,,,,,,,4.505724718319655,4.351007068144896,4.3691494753581,4.388007629738374,4.473682395090903,4.703884677381595,4.717234293808868,4.799706390019546,4.799706390019546,4.920062167004799,5.038346501641929,5.050446955643382,,,,,,,,,,,,,,,,,4.49951083622981,4.49951083622981,4.203016903185113,4.266776166406339,4.362429156406238,4.392579561585215,4.392579561585215,4.399210988933716,4.403832348482863,4.4789356123898,4.4789238780002325,4.539503164577184,4.757494836180988,4.758022583194286,4.902708282537878,4.9215777987333595,4.922388343082566,4.9305666329419395,4.954452082653998,5.03359092823851,5.03359092823851,5.03359092823851,5.037124652613031,5.056087105847238,5.056435860992458,,,4.473682395090903,4.703884677381595,4.5345279968324395,"rgba(38, 166, 154, 0.5)",0.22590654210482938,4.383016238182538,0.6506396868721753,55.59500641382984,8.55385107700743,True,False,True,False,False,0.13565375055021178,0.0,0.0,0.0,0.0,0,0.8695203713254253,1.0634347601856624,False,False,False,False,-0.03546943678983448,-0.036393462247258986,False,False,False,False,145805.0,119901.64710191029,False,False,False,False,1057.9331059919555,False,False,False,False
2025-05-20 15:00:00+00:00,4.53,4.53,4.45,4.47,415.0,,,,,,,,,,,,,,,,,4.505096554676762,4.351526726345936,4.369584224030629,4.388360445447275,4.473712829280649,4.7035179754273475,4.716849405233938,4.799237884875689,4.799237884875689,4.919633031288156,5.037901148394068,5.049995353216325,,,,,,,,,,,,,,,,,4.499174800206883,4.499174800206883,4.20447670138453,4.2677466246252065,4.3628953693293555,4.392913167871314,4.392913167871314,4.399516730306639,4.404119283262598,4.478949306081822,4.478937597936677,4.539391673322844,4.757065613639305,4.757592923433727,4.902266724343379,4.921161919549011,4.92197721042003,4.93016660488133,4.954051456696627,5.033147991537876,5.033147991537876,5.033147991537876,5.036679922080103,5.0556326740655075,5.05598125940566,,,4.473712829280649,4.7035179754273475,4.534555657812182,#000000,0.2252127722683331,4.383418108006914,0.3844448568393187,53.24491743652314,6.703038824749193,False,False,True,False,False,0.0,0.0,0.0,0.0,0.0,0,0.8654731457800511,1.0629156010230176,False,False,False,False,-0.03763068085806768,-0.03701207155266333,False,False,False,False,145390.0,120296.81536389618,False,False,False,False,1047.9651508602972,False,False,False,False
2025-05-20 16:00:00+00:00,4.47,4.47,4.43,4.455,48.0,,,,,,,,,,,,,,,,,4.504923747276688,4.351572191113968,4.36962035551072,4.388387534358516,4.473704791058987,4.703469551795592,4.71679894389648,4.799178362886056,4.799178362886056,4.9195798521590985,5.03784674505801,5.049940249720038,,,,,,,,,,,,,,,,,4.499060934405219,4.499060934405219,4.204625502687968,4.267841904556327,4.362934943794831,4.3929381374840615,4.3929381374840615,4.399538643579148,4.404139123606184,4.478939483717735,4.478927787146339,4.539371538188119,4.757010322175072,4.757537586594562,4.90221185661726,4.921110393430982,4.921926278052404,4.93011710702125,4.954002048886434,5.033093858288082,5.033093858288082,5.033093858288082,5.036625588376054,5.0555772540653265,5.055925820454897,,,4.473704791058987,4.703469551795592,4.534539621175371,#000000,0.22261634269754615,4.383438631413449,0.3214560428017502,51.02694499307448,4.5486699288144194,False,True,False,False,False,0.0,0.0,0.0,0.0,0.0,0,0.8795620437956203,1.0703858185610007,False,False,False,False,-0.06039593163517028,-0.0487040015939168,False,False,False,False,145342.0,120685.11280011483,False,False,False,False,1032.4618151880445,False,False,False,False
2025-05-20 17:00:00+00:00,4.455,4.48,4.45,4.48,337.0,,,,,,,,,,,,,,,,,4.504148328721395,4.351948485619909,4.36992961974243,4.388631982958854,4.473695331540202,4.703154815955621,4.71646966367757,4.798783058413241,4.798783058413241,4.919221445783894,5.037477009595467,5.049565509311636,,,,,,,,,,,,,,,,,4.498580010476003,4.498580010476003,4.205742345717555,4.268574518955034,4.363269001678887,4.393167389059065,4.393167389059065,4.399745902760199,4.404331507308433,4.478916944731241,4.478905294478254,4.539259928515959,4.756645966905492,4.75717289168567,4.901842675108652,4.920763070697104,4.921582929413624,4.9297831840588175,4.953668088295217,5.032726056346677,5.032726056346677,5.032726056346677,5.0362563512551075,5.055200248993838,5.055548679592206,,,4.473695331540202,4.703154815955621,4.534506702709675,#000000,0.22004811103748753,4.3836883820645784,0.43768436584767717,50.79747384090322,4.241983164839574,False,True,False,False,False,0.0,0.0,0.0,0.0,0.0,0,0.8820166320166318,1.0504158004158,False,False,False,False,-0.05185289831151132,-0.05027844995271406,False,False,False,False,145679.0,121072.61492724484,False,False,False,False,1021.6794614641988,False,False,False,False
2025-05-20 18:00:00+00:00,4.48,4.48,4.445,4.45,16.0,,,,,,,,,,,,,,,,,4.50410008336624,4.351964532053758,4.369942549223933,4.388641893573154,4.47369346949392,4.703139147443406,4.716453313064209,4.798763648716219,4.798763648716219,4.919204002106871,5.037459106713786,5.049547371616658,,,,,,,,,,,,,,,,,4.498548413477264,4.498548413477264,4.20579280651592,4.2686071628247015,4.363283082154582,4.393176591907404,4.393176591907404,4.3997540835769655,4.40433899553668,4.478914481066447,4.478902834048451,4.5392537473744525,4.756627988006535,4.757154897297132,4.901824689774733,4.920746167442282,4.921566220154231,4.9297669402254956,4.95365186187656,5.032708244097173,5.032708244097173,5.032708244097173,5.036238471736947,5.055182005109633,5.055530429346226,,,4.47369346949392,4.703139147443406,4.534502842668155,#000000,0.21764509502256799,4.383697115570895,0.3046376231094494,49.19258587309801,2.6103856293031313,False,True,False,False,False,0.0,0.0,0.0,0.0,0.0,0,0.8855954238169526,1.050442017680707,False,False,False,False,-0.05327617860033886,-0.05177731427652646,False,False,False,False,145663.0,121453.86120744259,False,False,False,False,1006.0875318290948,False,False,False,False
2025-05-20 19:00:00+00:00,4.45,4.5,4.45,4.47,507.0,,,,,,,,,,,,,,,,,4.503106596182833,4.352541860566937,4.37041949865793,4.389021763170699,4.473692091546676,4.702674046337838,4.71596632004256,4.7981767976762075,4.7981767976762075,4.918669906666888,5.036907060623494,5.048987776558246,,,,,,,,,,,,,,,,,4.497936355947079,4.497936355947079,4.20747576449374,4.269717104207879,4.363797179300537,4.393533692430259,4.393533692430259,4.400078212792084,4.404640829392882,4.478893393449345,4.4788818061089,4.539094586807756,4.756087993683851,4.756614386327351,4.901274784272729,4.920228538851342,4.921054493841008,4.929269151895832,4.953153791612982,5.032159115259011,5.032159115259011,5.032159115259011,5.035687177486137,5.0546189934531025,5.054967212760249,,,4.473692091546676,4.702674046337838,4.534477672644661,#000000,0.21525718956088996,4.384101856055941,0.39904889643539937,49.21995757143268,2.4866883838750766,False,True,False,False,False,0.0,0.0,0.0,0.0,0.0,0,0.8885432866770346,1.0440642820114048,False,False,False,False,-0.046161817698498246,-0.048969565987512356,False,False,False,False,146170.0,121837.05715771481,False,False,False,False,998.3497406379461,False,False,False,False
2025-05-21 14:00:00+00:00,4.485,4.485,4.385,4.4,200.0,,,,,,,,,,,,,,,,,4.50210322201958,4.352674448731394,4.370515613883716,4.389082365581901,4.473616197466118,4.7024512048545155,4.7157352708955065,4.797910337065337,4.797910337065337,4.918435954415821,5.03667029395157,5.048748180174386,,,,,,,,,,,,,,,,,4.497228782346152,4.497228782346152,4.208010078632308,4.270044941222499,4.363906690211009,4.3935859706676945,4.3935859706676945,4.400118554048271,4.404673032307708,4.478810705559899,4.478799196936463,4.538984436081522,4.755837976094317,4.756364198805164,4.901032947173036,4.920001866525559,4.920830442973446,4.929051582523438,4.952937153721918,5.0319234377217805,5.0319234377217805,5.0319234377217805,5.035450691733063,5.054378119656165,5.054726262637824,,,4.473616197466118,4.7024512048545155,4.5343458886031645,#000000,0.21240794508475988,4.384097140059696,0.07486942135784261,46.059648182607745,-0.584943422573204,False,True,False,True,False,0.0,0.0,0.0,0.0,0.0,0,0.8836850231600617,1.0452907874420998,False,False,False,False,-0.06894777935793785,-0.0589586726727251,False,False,False,False,145970.0,122211.21131030838,False,False,False,False,985.9722252792182,False,False,False,False
2025-05-21 15:00:00+00:00,4.4,4.415,4.4,4.415,20.0,,,,,,,,,,,,,,,,,4.501987521721834,4.352685183451305,4.370522784714338,4.389086059482288,4.473606611516285,4.702427876689742,4.715711133392278,4.797882764094724,4.797882764094724,4.918411941628432,5.036646112845371,5.048723720043836,,,,,,,,,,,,,,,,,4.497146128456593,4.497146128456593,4.2080600650020195,4.270074803079602,4.363915167063597,4.393588849715848,4.393588849715848,4.400120267910827,4.404673949864497,4.478800466252498,4.478788966952903,4.538972163946333,4.755811993263333,4.756338199878646,4.901008102293992,4.9199786024580785,4.920807448802987,4.92902926252419,4.952914954512934,5.031899363887388,5.031899363887388,5.031899363887388,5.035426538301626,5.054353533657777,5.0547016691270645,,,4.473606611516285,4.702427876689742,4.534329549705563,#000000,0.2081640681752605,4.384092400063126,0.1484771133068568,44.848110057241364,-1.7527904184746461,False,True,False,True,False,0.0,0.0,0.0,0.0,0.0,0,0.8817759421786266,1.0573051109963858,False,False,False,False,-0.08465326947359711,-0.07180597107316111,False,False,False,False,145990.0,122579.87470084624,False,False,False,False,970.9959117089977,False,False,False,False
2025-05-21 16:00:00+00:00,4.415,4.425,4.4,4.42,42.0,,,,,,,,,,,,,,,,,4.501758650211948,4.352709678727638,4.370539741180812,4.3890956659635,4.4735880721046435,4.702379737076467,4.715661285866515,4.797825619850371,4.797825619850371,4.91836201800968,5.036595743723108,5.0486727619200815,,,,,,,,,,,,,,,,,4.4969829936797625,4.4969829936797625,4.208167552972213,4.2701397108743775,4.363934888580453,4.393596733470095,4.393596733470095,4.400125685570793,4.404677683649866,4.4787805355765995,4.47876905467978,4.5389473988778395,4.755758230765664,4.756284402866428,4.9009564674446,4.9199302337426225,4.92075964037763,4.928982848248494,4.95286877136176,5.031849221309206,5.031849221309206,5.031849221309206,5.035376227619677,5.054302309758853,5.054650429358622,,,4.4735880721046435,4.702379737076467,4.534297886200011,#000000,0.2024259846938492,4.384085973590505,0.17741806450299213,44.35592943896074,-2.3037546330410095,False,True,False,True,False,0.0,0.0,0.0,0.0,0.0,0,0.8763636363636362,1.0597402597402596,False,False,False,False,-0.08179485110399616,-0.07680041108857863,False,False,False,False,146032.0,122943.47354269358,False,False,False,False,956.5928743181605,False,False,False,False
2025-05-21 17:00:00+00:00,4.42,4.43,4.395,4.4,201.0,,,,,,,,,,,,,,,,,4.500596902581868,4.352814122145722,4.37060857011694,4.389129735032041,4.47348943253291,4.702144238444544,4.71541767394536,4.797547621499477,4.797547621499477,4.918120072344396,5.036352220360222,5.048426439817299,,,,,,,,,,,,,,,,,4.496148399687742,4.496148399687742,4.20866388686709,4.270435279178813,4.364016765448862,4.393622655709872,4.393622655709872,4.400139962211356,4.404683998682192,4.478675373319076,4.478663987591655,4.538822649877248,4.755496144338354,4.756022155727538,4.900706121699089,4.919695828555845,4.920527953733617,4.928757959182799,4.952645123653183,5.0316067738006165,5.0316067738006165,5.0316067738006165,5.035132981820269,5.054054725229746,5.054402769490238,,,4.47348943253291,4.702144238444544,4.534131377035169,#000000,0.20011309865235571,4.384034779158037,0.07978098859834433,43.031938595976456,-3.666580530469666,False,True,False,True,False,0.0,0.0,0.0,0.0,0.0,0,0.8728593668915411,1.061754021795537,False,False,False,False,-0.08179485110399616,-0.0792976310962874,False,False,False,False,145831.0,123298.31891412468,False,False,False,False,944.8782561116774,False,False,False,False
2025-05-21 18:00:00+00:00,4.4,4.405,4.39,4.39,20.0,,,,,,,,,,,,,,,,,4.5004664071510945,4.352822002422158,4.370612989334588,4.389130769275944,4.473477628811977,4.702119763922473,4.715392403515893,4.797519034819543,4.797519034819543,4.918095381379199,5.036327485278629,5.048401430193545,,,,,,,,,,,,,,,,,4.496053735766649,4.496053735766649,4.208709849820959,4.270461782874811,4.364022449715938,4.393622896742411,4.393622896742411,4.4001390727521805,4.404682334407446,4.478662946406474,4.478651571589697,4.5388089830696385,4.755469086969788,4.75599508326209,4.900680551412155,4.9196719085620195,4.92050431197366,4.928735019758771,4.952622335328245,5.03158214413066,5.03158214413066,5.03158214413066,5.035108273940601,5.054029591861383,5.054377628745379,,,4.473477628811977,4.702119763922473,4.534111695710069,#000000,0.1978846465325911,4.384025480847749,0.03019192876728374,41.64714453095978,-5.069808858771232,False,True,False,True,False,0.0,0.0,0.0,0.0,0.0,0,0.8702449192287647,1.0693069306930691,False,False,False,False,-0.09037429613725309,-0.08483596361677025,False,False,False,False,145811.0,123647.35272940957,False,False,False,False,930.5390583425041,False,False,False,False
2025-05-21 19:00:00+00:00,4.39,4.43,4.385,4.39,931.0,,,,,,,,,,,,,,,,,4.4950920245398756,4.353243069316097,4.37087270217423,4.389232744133485,4.472978412807457,4.701009412966442,4.714244845894129,4.79621476904347,4.79621476904347,4.916963206292019,5.03519012219254,5.04725120398265,,,,,,,,,,,,,,,,,4.492113358145373,4.492113358145373,4.210900295078767,4.2717485524269,4.364341216062576,4.393687893095406,4.393687893095406,4.400151279762415,4.404658400536488,4.478134302858677,4.478123395652635,4.538205014798102,4.754237257182458,4.754762528380887,4.899508764363105,4.918574959057414,4.919420068970114,4.92768267802431,4.951576253949613,5.03044972329177,5.03044972329177,5.03044972329177,5.03397218604795,5.052873565078032,5.0532212559467204,,,4.472978412807457,4.701009412966442,4.53329757863181,#000000,0.19510352992035424,4.383722805884878,0.03217365732790463,40.723948487615324,-6.0438050906943275,False,True,False,True,False,0.0,0.0,0.0,0.0,0.0,0,0.872574724698479,1.0686942842160456,False,False,False,False,-0.08465326947359764,-0.08474461654518395,False,False,False,False,145811.0,123990.9751677133,False,False,False,False,930.5462047247908,False,False,False,False
2025-05-22 14:00:00+00:00,4.39,4.39,4.32,4.32,22.0,,,,,,,,,,,,,,,,,4.494897200988113,4.353241051039929,4.3708672606377394,4.389223922798496,4.472957118895461,4.700978180336366,4.714212788358785,4.79617951113407,4.79617951113407,4.916933490625645,5.035160824848104,5.047221621556229,,,,,,,,,,,,,,,,,4.491966730875477,4.491966730875477,4.210935811167726,4.2717651385100375,4.364337013225179,4.393678280111072,4.393678280111072,4.400140552771294,4.404646901563707,4.478112435881368,4.4781015465550675,4.538184737075279,4.754203453231666,4.754728711566741,4.899477904303123,4.918546174864635,4.919391622094189,4.927655109410788,4.951548965466615,5.030420534882169,5.030420534882169,5.030420534882169,5.0339429168416485,5.052843854543566,5.053191537810662,,,4.472957118895461,4.700978180336366,4.533263770550918,#000000,0.19275036369018314,4.383695987262297,-0.33045845435953863,36.88959075771087,-9.656529025166286,False,True,False,True,False,0.0,0.0,0.0,0.0,0.0,0,0.8684759916492691,1.0621085594989559,False,False,False,False,-0.11475922402708502,-0.09975192028613449,False,False,False,False,145789.0,124328.92904108208,False,False,False,False,916.460217054639,False,False,False,False
2025-05-22 15:00:00+00:00,4.32,4.325,4.31,4.325,155.0,,,,,,,,,,,,,,,,,4.493329477985965,4.353193421153993,4.370796545765467,4.389130316565758,4.472780321503766,4.700743940541872,4.7139728856414775,4.795918467195533,4.795918467195533,4.916715704505048,5.034947522698049,5.047006363689606,,,,,,,,,,,,,,,,,4.490780911706259,4.490780911706259,4.2111414950094685,4.2718437497809445,4.364274607556467,4.393579314528358,4.393579314528358,4.400034095226668,4.404535223535887,4.477931936915707,4.477921192852309,4.538024897043487,4.753951930168122,4.7544771099063,4.8992514601453845,4.918335235639676,4.919183165651003,4.927453196447369,4.951349401962408,5.0302079782363815,5.0302079782363815,5.0302079782363815,5.033729807350979,5.052627719194098,5.052975350516258,,,4.472780321503766,4.700743940541872,4.532984307946576,#000000,0.19026385188292727,4.3834515776653715,-0.3072132572052501,34.795046396226184,-11.537928530110612,False,True,False,True,False,0.0,0.0,0.0,0.0,0.0,0,0.8669460450497641,1.071765322158198,False,False,False,False,-0.13638783769278398,-0.11806987898945923,False,False,False,False,145944.0,124664.04642029012,False,False,False,False,904.6546322941019,False,False,False,False
2025-05-22 16:00:00+00:00,4.325,4.34,4.31,4.32,215.0,,,,,,,,,,,,,,,,,4.491241788998685,4.353134191346064,4.370705197637951,4.389007134501905,4.472541097726225,4.700422344116189,4.713643411765008,4.795559380256997,4.795559380256997,4.916415563089186,5.03465324100789,5.046709359126339,,,,,,,,,,,,,,,,,4.4891944652536,4.4891944652536,4.211434214358524,4.271959886418871,4.36419483038328,4.393448678026698,4.393448678026698,4.3998930263990825,4.404386891309395,4.477687518536769,4.477676971046336,4.537806954589309,4.753606201602489,4.754131269641691,4.898939458842007,4.918044517216933,4.91889586356253,4.927174881326347,4.951074257170187,5.029914734904475,5.029914734904475,5.029914734904475,5.033435793980185,5.052329492609875,5.05267705156192,,,4.472541097726225,4.700422344116189,4.532609319975342,#000000,0.18786081199835117,4.3831289790286085,-0.3360412337042508,33.17892265431749,-13.00270819258914,False,True,False,True,False,0.0,0.0,0.0,0.0,0.0,0,0.8689397975492805,1.0820458177943522,False,False,False,False,-0.13205259605740188,-0.12506123752343057,False,False,False,False,145729.0,124990.63484788251,False,False,False,False,893.9623124135733,False,False,False,False
2025-05-22 17:00:00+00:00,4.32,4.32,4.31,4.315,25.0,,,,,,,,,,,,,,,,,4.490990474560801,4.353125397777059,4.370692734063624,4.388991027225926,4.472511779900105,4.700384159140411,4.7136043197261515,4.795516925164583,4.795516925164583,4.916380192527559,5.034618637303462,5.04667444186544,,,,,,,,,,,,,,,,,4.4890027731314355,4.4890027731314355,4.211465624962087,4.271971171662504,4.364183686413801,4.393431717617214,4.393431717617214,4.39987487491768,4.404367908848171,4.477657616260835,4.477647092675857,4.537780657608577,4.753565258734848,4.75409031446165,4.8989026766442425,4.918010257762067,4.918862007128274,4.9271420893586555,4.951041854724945,5.029880250669995,5.029880250669995,5.029880250669995,5.0334012211530545,5.052294434702567,5.052641985332289,,,4.472511779900105,4.700384159140411,4.532563591997533,#000000,0.1827358897573231,4.383088582774869,-0.37260651350586754,31.86532502350289,-14.240820615610701,False,True,False,True,False,0.0,0.0,0.0,0.0,0.0,0,0.8774193548387095,1.0650537634408601,False,False,False,False,-0.13783404330678264,-0.1314476404151066,False,False,False,False,145704.0,125311.77229210138,False,False,False,False,880.4900285001845,False,False,False,False
2025-05-22 18:00:00+00:00,4.315,4.34,4.31,4.34,134.0,,,,,,,,,,,,,,,,,4.489769330918146,4.353096850270383,4.370643991537795,4.3889222898550715,4.472369769396089,4.700187577813597,4.713402797107751,4.795296593257153,4.795296593257153,4.916195404218092,5.034437083100191,5.046491177851315,,,,,,,,,,,,,,,,,4.488070409592156,4.488070409592156,4.2116580066131295,4.272052611367125,4.36414223139299,4.393358296838243,4.393358296838243,4.399794886251996,4.404283354686894,4.47751229036602,4.477501883792051,4.5376492948088885,4.753353436586423,4.75387841952844,4.898710665686037,4.917831259612309,4.918685107467344,4.9269706897721255,4.950872328434124,5.029699348989733,5.029699348989733,5.029699348989733,5.033219835540943,5.052110402944893,5.0524579080735545,,,4.472369769396089,4.700187577813597,4.532343027662881,#000000,0.17725466486445804,4.3829047832358885,-0.24205164512142346,33.760077569255984,-14.240820615610701,False,True,False,True,True,0.0,0.0,0.0,0.0,0.0,0,0.8778135048231511,1.0525187566988206,False,False,False,False,-0.13205259605740188,-0.13175011823625424,False,False,False,False,145838.0,125630.00838059593,False,False,False,False,868.9165396862281,False,False,False,False
2025-05-22 19:00:00+00:00,4.34,4.34,4.25,4.25,230.0,,,,,,,,,,,,,,,,,4.487073368350467,4.3529422958475426,4.370458013678261,4.388704880094882,4.472041305687329,4.69980514015794,4.713012348725496,4.794878310893076,4.794878310893076,4.915851471162028,5.034103575128443,5.046154902604094,,,,,,,,,,,,,,,,,4.485997097305257,4.485997097305257,4.211847861534186,4.272071709678541,4.363967451185809,4.393133532760339,4.393133532760339,4.399559968282929,4.404041285944542,4.4771791929412945,4.4771690479679584,4.537370009394452,4.752947473090208,4.753472369172685,4.898352447888085,4.917498166527031,4.918355953255899,4.926652104408644,4.950558150504798,5.02936689128612,5.02936689128612,5.02936689128612,5.0328865992271234,5.051772889512279,5.052120321653264,,,4.472041305687329,4.69980514015794,4.531835420908079,"rgba(239, 83, 80, 0.5)",0.1742987752769886,4.382415988526625,-0.7597069360710929,30.98847757194688,-14.865011660867431,False,True,False,True,False,0.0,0.0,0.0,0.0,0.0,0,0.872408293460925,1.0536948431685274,False,False,False,False,-0.14942486180270773,-0.14058749001948098,False,False,False,False,145608.0,125939.74468477273,False,False,False,False,859.0108569003951,False,False,False,False
2025-05-23 14:00:00+00:00,4.27,4.285,4.27,4.27,46.0,,,,,,,,,,,,,,,,,4.48652965109798,4.3529093498736495,4.370418858749605,4.38865950703818,4.47197404062368,4.699727826156907,4.712933442726093,4.794793924295403,4.794793924295403,4.915782188619292,5.034036466891526,5.046087244277112,,,,,,,,,,,,,,,,,4.485577438602557,4.485577438602557,4.211882929538018,4.272073116393053,4.363930505904018,4.393086704870236,4.393086704870236,4.399511134974815,4.40399103834943,4.477111022336898,4.477100930714054,4.53731314121291,4.752865506451022,4.753390385871328,4.898280275190872,4.917431067480655,4.91828964781233,4.9265879326056154,4.950494881958969,5.029299991710065,5.029299991710065,5.029299991710065,5.032819544967586,5.051704985138846,5.052052402783823,,,4.47197404062368,4.699727826156907,4.531732039494328,"rgba(239, 83, 80, 0.5)",0.17101730590473588,4.38231566155584,-0.6567502684108752,30.994140113237517,-14.915443428505142,False,True,False,True,False,0.0,0.0,0.0,0.0,0.0,0,0.8739316239316236,1.0624999999999998,False,False,False,False,-0.15959951995555577,-0.1500935049875184,False,False,False,False,145654.0,126245.39205400106,False,False,False,False,846.4060374135672,False,False,False,False
2025-05-23 15:00:00+00:00,4.27,4.27,4.215,4.245,28.0,,,,,,,,,,,,,,,,,4.486150714153216,4.352881163893813,4.370387136650797,4.38862421656375,4.471926540383994,4.699677271534456,4.712881954913709,4.794739443485906,4.794739443485906,4.91573794024566,5.033993920269765,5.0460443757001086,,,,,,,,,,,,,,,,,4.485284519490986,4.485284519490986,4.211893556341284,4.272064715053313,4.363900030084236,4.393050580238298,4.393050580238298,4.399473874058105,4.40395296812541,4.47706305177325,4.477052997349037,4.53727436052063,4.752812322152382,4.753337194375536,4.898234120592222,4.917388218557158,4.918247308238609,4.926546979657457,4.950454571365174,5.029257566732023,5.029257566732023,5.029257566732023,5.032777029838302,5.051661972919425,5.052009382134367,,,4.471926540383994,4.699677271534456,4.531659008607807,"rgba(239, 83, 80, 0.5)",0.16837410085233687,4.382241051618486,-0.8150959733340789,30.01688982679545,-15.994485702347447,False,True,False,True,False,0.0,0.0,0.0,0.0,0.0,0,0.8659188034188032,1.0635683760683758,False,False,False,False,-0.18004975551840133,-0.16507163025295984,False,False,False,False,145626.0,126545.86659579948,False,False,False,False,833.7175717172329,False,False,False,False
2025-05-23 16:00:00+00:00,4.245,4.245,4.21,4.21,23.0,,,,,,,,,,,,,,,,,4.485812630837916,4.352853444897558,4.370356649464779,4.388590919732586,4.471883840257173,4.699633781645564,4.712837718611323,4.794692941295451,4.794692941295451,4.9157004266705515,5.033958017061698,5.046008215266299,,,,,,,,,,,,,,,,4.221666666666666,4.485022937428992,4.485022937428992,4.211896268146538,4.272052616197145,4.363870511235634,4.393016627044284,4.393016627044284,4.399439034848588,4.403917493061666,4.477020010697776,4.477009989480906,4.537240165065787,4.752766785822111,4.7532916537872785,4.898194958613417,4.91735189405806,4.91821141690096,4.926512276706083,4.950420448052684,5.029221760430165,5.029221760430165,5.029221760430165,5.032741151733117,5.051625697934781,5.0519731004461965,,,4.471883840257173,4.699633781645564,4.503832006024314,"rgba(239, 83, 80, 0.5)",0.16686100381631908,4.369661316799249,-0.9568521892329281,28.148817533572323,-17.90044261701869,False,True,False,True,False,0.0,0.0,0.0,0.0,0.0,0,0.8651385927505331,1.0628997867803835,False,False,False,False,-0.18885898387645633,-0.1769653070647081,False,False,False,False,145603.0,126841.32602842274,False,False,False,False,821.1483070394463,False,False,False,False
2025-05-23 17:00:00+00:00,4.21,4.21,4.21,4.21,0.0,,,,,,,,,,,,,,,,,4.485812630837916,4.352853444897558,4.370356649464779,4.388590919732586,4.471883840257173,4.699633781645564,4.712837718611323,4.794692941295451,4.794692941295451,4.9157004266705515,5.033958017061698,5.046008215266299,,,,,,,,,,,,,,,,4.221666666666666,4.485022937428992,4.485022937428992,4.211896268146538,4.272052616197145,4.363870511235634,4.393016627044284,4.393016627044284,4.399439034848588,4.403917493061666,4.477020010697776,4.477009989480906,4.537240165065787,4.752766785822111,4.7532916537872785,4.898194958613417,4.91735189405806,4.91821141690096,4.926512276706083,4.950420448052684,5.029221760430165,5.029221760430165,5.029221760430165,5.032741151733117,5.051625697934781,5.0519731004461965,,,4.471883840257173,4.699633781645564,4.503832006024314,"rgba(239, 83, 80, 0.5)",0.16057189459344495,4.369661316799249,-0.9943291583094191,26.90343600475691,-19.203561744655723,False,True,False,True,False,0.0,0.0,0.0,0.0,0.0,0,0.8649946638207043,1.0667022411953042,False,False,False,False,-0.19917325852234433,-0.1880692827935262,False,False,False,False,145603.0,127132.20469464874,False,False,False,False,808.4173255349588,False,False,False,False
2025-05-23 18:00:00+00:00,4.21,4.22,4.21,4.22,0.0,,,,,,,,,,,,,,,,,4.485812630837916,4.352853444897558,4.370356649464779,4.388590919732586,4.471883840257173,4.699633781645564,4.712837718611323,4.794692941295451,4.794692941295451,4.9157004266705515,5.033958017061698,5.046008215266299,,,,,,,,,,,,,,,,4.221666666666666,4.485022937428992,4.485022937428992,4.211896268146538,4.272052616197145,4.363870511235634,4.393016627044284,4.393016627044284,4.399439034848588,4.403917493061666,4.477020010697776,4.477009989480906,4.537240165065787,4.752766785822111,4.7532916537872785,4.898194958613417,4.91735189405806,4.91821141690096,4.926512276706083,4.950420448052684,5.029221760430165,5.029221760430165,5.029221760430165,5.032741151733117,5.051625697934781,5.0519731004461965,,,4.471883840257173,4.699633781645564,4.503832006024314,"rgba(239, 83, 80, 0.5)",0.15774571852100072,4.369661316799249,-0.9487504206291637,27.204904880336688,-19.203561744655723,False,True,False,True,False,0.0,0.0,0.0,0.0,0.0,0,0.8673469387755103,1.069280343716434,False,False,False,False,-0.19622214497621107,-0.19214571388486862,False,False,False,False,145603.0,127418.57361411155,False,False,False,False,795.8837235886803,False,False,False,False
2025-05-23 19:00:00+00:00,4.22,4.285,4.22,4.26,1117.0,,,,,,,,,,,,,,,,,4.47232138496424,4.351859724406704,4.369219513917079,4.387309436295558,4.4701014344538725,4.697677804164347,4.710844070113605,4.792574445604129,4.792574445604129,4.91397070657354,5.032289577752513,5.04432674362693,,,,,,,,,,,,,,4.255,4.255,4.254327485380117,4.474447714301392,4.474447714301392,4.212469397391486,4.27185609343403,4.362784140313263,4.391701375558456,4.391701375558456,4.398077540836505,4.402523197626172,4.475217633036327,4.475209002086755,4.535762807175393,4.750702873857615,4.7512274045558,4.8963919310960975,4.915676648514426,4.916555989321467,4.924910532456099,4.948842704586343,5.027558253457446,5.027558253457446,5.027558253457446,5.0310739889244385,5.049938405274964,5.050285465581035,,,4.4701014344538725,4.697677804164347,4.455374542773308,"rgba(239, 83, 80, 0.5)",0.15437852742439545,4.351419759658816,-0.5921792439922543,31.45204653016272,-22.4499093702456,False,True,False,True,True,0.0,0.0,0.0,0.0,0.0,0,0.8650963597430406,1.0620985010706636,False,False,False,False,-0.17419233985865462,-0.18316902687176162,False,False,False,False,146720.0,127717.820534823,False,False,False,False,800.862270509786,False,False,False,False
2025-05-26 14:00:00+00:00,4.26,4.26,4.26,4.26,0.0,,,,,,,,,,,,,,,,,4.47232138496424,4.351859724406704,4.369219513917079,4.387309436295558,4.4701014344538725,4.697677804164347,4.710844070113605,4.792574445604129,4.792574445604129,4.91397070657354,5.032289577752513,5.04432674362693,,,,,,,,,,,,,,4.255,4.255,4.254327485380117,4.474447714301392,4.474447714301392,4.212469397391486,4.27185609343403,4.362784140313263,4.391701375558456,4.391701375558456,4.398077540836505,4.402523197626172,4.475217633036327,4.475209002086755,4.535762807175393,4.750702873857615,4.7512274045558,4.8963919310960975,4.915676648514426,4.916555989321467,4.924910532456099,4.948842704586343,5.027558253457446,5.027558253457446,5.027558253457446,5.0310739889244385,5.049938405274964,5.050285465581035,,,4.4701014344538725,4.697677804164347,4.455374542773308,"rgba(239, 83, 80, 0.5)",0.15113841278713666,4.351419759658816,-0.6048744192356418,34.28347429671341,-19.855292650274315,False,True,False,True,True,0.0,0.0,0.0,0.0,0.0,0,0.8725806451612903,1.0618279569892475,False,False,False,False,-0.16980705202895002,-0.17648803945035582,False,False,False,False,146720.0,128012.42796839164,False,False,False,False,788.4458011995567,False,False,False,False
2025-05-26 15:00:00+00:00,4.26,4.26,4.26,4.26,0.0,,,,,,,,,,,,,,,,,4.47232138496424,4.351859724406704,4.369219513917079,4.387309436295558,4.4701014344538725,4.697677804164347,4.710844070113605,4.792574445604129,4.792574445604129,4.91397070657354,5.032289577752513,5.04432674362693,,,,,,,,,,,,,,4.255,4.255,4.254327485380117,4.474447714301392,4.474447714301392,4.212469397391486,4.27185609343403,4.362784140313263,4.391701375558456,4.391701375558456,4.398077540836505,4.402523197626172,4.475217633036327,4.475209002086755,4.535762807175393,4.750702873857615,4.7512274045558,4.8963919310960975,4.915676648514426,4.916555989321467,4.924910532456099,4.948842704586343,5.027558253457446,5.027558253457446,5.027558253457446,5.0310739889244385,5.049938405274964,5.050285465581035,,,4.4701014344538725,4.697677804164347,4.455374542773308,"rgba(239, 83, 80, 0.5)",0.1470933698691228,4.351419759658816,-0.621508363974238,36.1710928077472,-18.142444382275215,False,True,False,True,True,0.0,0.0,0.0,0.0,0.0,0,0.8704803022126283,1.063140852671344,False,False,False,False,-0.16980705202895002,-0.1731475457396529,False,False,False,False,146720.0,128302.46784485069,False,False,False,False,776.2218352894861,False,False,False,False
2025-05-26 16:00:00+00:00,4.26,4.26,4.26,4.26,0.0,,,,,,,,,,,,,,,,,4.47232138496424,4.351859724406704,4.369219513917079,4.387309436295558,4.4701014344538725,4.697677804164347,4.710844070113605,4.792574445604129,4.792574445604129,4.91397070657354,5.032289577752513,5.04432674362693,,,,,,,,,,,,,,4.255,4.255,4.254327485380117,4.474447714301392,4.474447714301392,4.212469397391486,4.27185609343403,4.362784140313263,4.391701375558456,4.391701375558456,4.398077540836505,4.402523197626172,4.475217633036327,4.475209002086755,4.535762807175393,4.750702873857615,4.7512274045558,4.8963919310960975,4.915676648514426,4.916555989321467,4.924910532456099,4.948842704586343,5.027558253457446,5.027558253457446,5.027558253457446,5.0310739889244385,5.049938405274964,5.050285465581035,,,4.4701014344538725,4.697677804164347,4.455374542773308,"rgba(239, 83, 80, 0.5)",0.1389705717762395,4.351419759658816,-0.6578353855089087,37.42950514843639,-16.94918474359625,False,True,False,True,True,0.0,0.0,0.0,0.0,0.0,0,0.8699406368051807,1.0599028602266594,False,False,False,False,-0.16980705202895002,-0.17147729888430147,False,False,False,False,146720.0,128588.01097903906,False,False,False,False,764.1873882307343,False,False,False,False
2025-05-26 17:00:00+00:00,4.26,4.26,4.26,4.26,0.0,,,,,,,,,,,,,,,,,4.47232138496424,4.351859724406704,4.369219513917079,4.387309436295558,4.4701014344538725,4.697677804164347,4.710844070113605,4.792574445604129,4.792574445604129,4.91397070657354,5.032289577752513,5.04432674362693,,,,,,,,,,,,,,4.255,4.255,4.254327485380117,4.474447714301392,4.474447714301392,4.212469397391486,4.27185609343403,4.362784140313263,4.391701375558456,4.391701375558456,4.398077540836505,4.402523197626172,4.475217633036327,4.475209002086755,4.535762807175393,4.750702873857615,4.7512274045558,4.8963919310960975,4.915676648514426,4.916555989321467,4.924910532456099,4.948842704586343,5.027558253457446,5.027558253457446,5.027558253457446,5.0310739889244385,5.049938405274964,5.050285465581035,,,4.4701014344538725,4.697677804164347,4.455374542773308,"rgba(239, 83, 80, 0.5)",0.13355020650546662,4.351419759658816,-0.6845347682414396,38.26844670889585,-16.060687472787976,False,True,False,True,True,0.0,0.0,0.0,0.0,0.0,0,0.8724905046120455,1.0623982637004883,False,False,False,False,-0.16980705202895002,-0.17064217545662574,False,False,False,False,146720.0,128869.12708789116,False,False,False,False,752.3395217465369,False,False,False,False
2025-05-26 18:00:00+00:00,4.26,4.26,4.26,4.26,0.0,,,,,,,,,,,,,,,,,4.47232138496424,4.351859724406704,4.369219513917079,4.387309436295558,4.4701014344538725,4.697677804164347,4.710844070113605,4.792574445604129,4.792574445604129,4.91397070657354,5.032289577752513,5.04432674362693,,,,,,,,,,,,,,4.255,4.255,4.254327485380117,4.474447714301392,4.474447714301392,4.212469397391486,4.27185609343403,4.362784140313263,4.391701375558456,4.391701375558456,4.398077540836505,4.402523197626172,4.475217633036327,4.475209002086755,4.535762807175393,4.750702873857615,4.7512274045558,4.8963919310960975,4.915676648514426,4.916555989321467,4.924910532456099,4.948842704586343,5.027558253457446,5.027558253457446,5.027558253457446,5.0310739889244385,5.049938405274964,5.050285465581035,,,4.4701014344538725,4.697677804164347,4.455374542773308,"rgba(239, 83, 80, 0.5)",0.12851893680353982,4.351419759658816,-0.71133299055037,38.827741082535496,-15.352441514621695,False,True,False,True,True,0.0,0.0,0.0,0.0,0.0,0,0.8709853021230268,1.0626020685900928,False,False,False,False,-0.16980705202895002,-0.17022461374278788,False,False,False,False,146720.0,129145.88480745874,False,False,False,False,740.6753431148076,False,False,False,False
2025-05-26 19:00:00+00:00,4.26,4.26,4.26,4.26,0.0,,,,,,,,,,,,,,,,,4.47232138496424,4.351859724406704,4.369219513917079,4.387309436295558,4.4701014344538725,4.697677804164347,4.710844070113605,4.792574445604129,4.792574445604129,4.91397070657354,5.032289577752513,5.04432674362693,,,,,,,,,,,,,,4.255,4.255,4.254327485380117,4.474447714301392,4.474447714301392,4.212469397391486,4.27185609343403,4.362784140313263,4.391701375558456,4.391701375558456,4.398077540836505,4.402523197626172,4.475217633036327,4.475209002086755,4.535762807175393,4.750702873857615,4.7512274045558,4.8963919310960975,4.915676648514426,4.916555989321467,4.924910532456099,4.948842704586343,5.027558253457446,5.027558253457446,5.027558253457446,5.0310739889244385,5.049938405274964,5.050285465581035,,,4.4701014344538725,4.697677804164347,4.455374542773308,"rgba(239, 83, 80, 0.5)",0.1254413110682349,4.351419759658816,-0.7287851097880141,39.20060399829526,-14.754328572454583,False,True,False,True,True,0.0,0.0,0.0,0.0,0.0,0,0.8708446866485013,1.0615803814713896,False,False,False,False,-0.16980705202895002,-0.17001583288586897,False,False,False,False,146720.0,129418.35170966868,False,False,False,False,729.1920044618648,False,False,False,False
2025-05-27 14:00:00+00:00,4.23,4.33,4.23,4.29,202.0,,,,,,,,,,,,,,,,,4.470344604391051,4.351734107718135,4.369066680761595,4.387129377203962,4.4698242714095775,4.697348440428822,4.710507682199857,4.792213206864699,4.792213206864699,4.9136722758174765,5.031999587889712,5.044034314434208,,,,,,,,,,,,,,4.259339145817539,4.259339145817539,4.25869349230005,4.472871867091189,4.472871867091189,4.212639385338858,4.271879963483858,4.362641026555616,4.391514939885591,4.391514939885591,4.397882277617247,4.402321726930146,4.474936343096561,4.4749279287772445,4.535524084183061,4.750352688219899,4.750877137718214,4.896081303668029,4.915387552423183,4.916270284979961,4.924633902607878,4.948569767119222,5.02726919016827,5.02726919016827,5.02726919016827,5.030784238685263,5.049644883940455,5.049991879809817,,,4.4698242714095775,4.697348440428822,4.455531853231484,#000000,0.12562904782594192,4.351733458241595,-0.49139477939151766,43.92051767268049,-10.204048945777174,False,False,False,True,True,0.0,0.0,0.0,0.0,0.0,0,0.8686486486486487,1.055135135135135,False,False,False,False,-0.15814403771890537,-0.16407993530238718,False,False,False,False,146922.0,129689.72610176684,False,False,False,False,721.0184850128436,False,False,False,False
2025-05-27 15:00:00+00:00,4.29,4.315,4.29,4.315,51.0,,,,,,,,,,,,,,,,,4.469913494809687,4.351713259437983,4.369038658530499,4.387094212647569,4.469763163692445,4.697270048917385,4.710427470758519,4.7921262622361365,4.7921262622361365,4.913599761543921,5.031928688889064,5.043962782398966,,,,,,,,,,,,,,4.26110097323601,4.26110097323601,4.260449868389568,4.472526579494071,4.472526579494071,4.212696297175409,4.271898220086371,4.362615582077313,4.391478101464821,4.391478101464821,4.397843104232279,4.402280921870729,4.4748740874544515,4.474865721376086,4.535469453792592,4.750268771146469,4.7507931961648096,4.896005912237713,4.915317297595775,4.9162008501673204,4.924566637925026,4.948503308349849,5.027198532267434,5.027198532267434,5.027198532267434,5.030713402002537,5.04957306799337,5.049920047067921,,,4.469763163692445,4.697270048917385,4.455664524127445,#000000,0.12346072067481499,4.351929111721365,-0.2991162818385979,49.7589853059954,-4.89301120158845,True,False,False,False,True,0.0,0.0,0.0,0.0,0.0,0,0.8711086837793558,1.0704533042053521,False,False,False,False,-0.1450737971212238,-0.1545768662118055,False,False,False,False,146973.0,129957.68383662317,False,False,False,False,710.6306015242724,False,False,False,False
2025-05-27 16:00:00+00:00,4.315,4.315,4.315,4.315,2.0,,,,,,,,,,,,,,,,,4.469897495481537,4.351712593425731,4.369037706885974,4.387092977089207,4.469760890638312,4.697267040953888,4.710424390769496,4.792122911795061,4.792122911795061,4.913596957239731,5.0319259407618135,5.043960009206407,,,,,,,,,,,,,,4.26117954324587,4.26117954324587,4.260528076463561,4.472513746894219,4.472513746894219,4.2126987254040955,4.271899107145919,4.362614733276884,4.391476799355285,4.391476799355285,4.39784170905049,4.402279461786386,4.474871767900629,4.4748634036250134,4.535467389964632,4.7502655427364155,4.750789966739407,4.896002997904142,4.915314580551725,4.916198164778369,4.924564035963896,4.948500736238502,5.027195793695354,5.027195793695354,5.027195793695354,5.030710656344592,5.049570283552589,5.049917261961158,,,4.469760890638312,4.697267040953888,4.455671042804935,#000000,0.12307428358221068,4.351938432970701,-0.3001312044690988,53.651297061538685,-1.541405890336904,True,False,True,False,True,0.0,0.0,0.0,0.0,0.0,0,0.8619153674832962,1.0874164810690423,False,False,False,False,-0.13783404330678212,-0.1462054547592938,False,False,False,False,146973.0,130221.48718799335,False,False,False,False,699.6440805704077,False,False,False,False
2025-05-27 17:00:00+00:00,4.315,4.33,4.3,4.31,178.0,,,,,,,,,,,,,,,,,4.46847149021815,4.3516507283912595,4.368950536424403,4.3869806434684895,4.469556680112458,4.696998355284706,4.710149309204119,4.791823869909794,4.791823869909794,4.913346784736189,5.031680873389334,5.0437127154326875,,,,,,,,,,,,,,4.267168817204301,4.267168817204301,4.266503496503497,4.471367962041866,4.471367962041866,4.212910863729669,4.271974862276637,4.3625366710271445,4.391358567227105,4.391358567227105,4.397715231416864,4.402147231919643,4.474663447489745,4.474655244810937,4.535282476496017,4.749977306446964,4.75050164095082,4.895742995546931,4.91507219100531,4.915958598903863,4.924331917426536,4.948271299911526,5.026951574918674,5.026951574918674,5.026951574918674,5.03046580827837,5.04932199076048,5.049668910028138,,,4.469556680112458,4.696998355284706,4.456129631161115,#000000,0.1228160567017966,4.3526159166650675,-0.3469897813812851,55.38631639998277,-0.1182324920089215,True,False,True,False,True,0.0,0.0,0.0,0.0,0.0,0,0.8453378001116694,1.0871021775544385,False,False,False,False,-0.13037660303505616,-0.13829102889717498,False,False,False,False,146795.0,130478.4408750012,False,False,False,False,691.5565754452851,False,False,False,False
2025-05-27 18:00:00+00:00,4.31,4.33,4.31,4.33,54.0,,,,,,,,,,,,,,,,,4.468071558571889,4.35163688752112,4.368928890490124,4.3869512504525465,4.469498792801777,4.696919040843167,4.710068033960554,4.791735117606744,4.791735117606744,4.913272195130325,5.031607594653797,5.043638753526142,,,,,,,,,,,,,,4.269059642560267,4.269059642560267,4.268389674247081,4.471045407470172,4.471045407470172,4.212981434579181,4.2720033329569205,4.36251784120659,4.39132735768904,4.39132735768904,4.397681474882622,4.402111702897339,4.474604266095024,4.47459610945065,4.5352289647455235,4.749891940027883,4.750416245559084,4.895665517832002,4.914999917066636,4.915887164640208,4.924262686229673,4.948202824120485,5.026878556859796,5.026878556859796,5.026878556859796,5.030392596895811,5.0492477220874035,5.049594623175287,,,4.469498792801777,4.696919040843167,4.4562838949733905,#000000,0.12151087149669791,4.352840468431383,-0.18797057539006856,58.722492780597605,2.9049268045498025,True,False,True,False,True,0.0,0.0,0.0,0.0,0.0,0,0.8519977490151942,1.0849746764209343,False,False,False,False,-0.11923943539604956,-0.12876523214661229,False,False,False,False,146849.0,130732.24799321823,False,False,False,False,681.671977376366,False,False,False,False
2025-05-27 19:00:00+00:00,4.33,4.33,4.305,4.305,857.0,,,,,,,,,,,,,,,,,4.461588197907499,4.351342051609079,4.368513346939012,4.386415622417677,4.468523761301463,4.695631210146994,4.7087494877731215,4.7903010986243535,4.7903010986243535,4.912070926907225,5.03043026927572,5.042450712780703,,,,,,,,,,,,,,4.284477177299202,4.284477177299202,4.283895598497048,4.465773985959437,4.465773985959437,4.213989056953052,4.272363773897233,4.362145757565058,4.3907635708280965,4.3907635708280965,4.397078309483082,4.401481067042423,4.473609511676673,4.47360212076315,4.534343407531589,4.748510047844527,4.749033919112739,4.8944172844570275,4.913835915472295,4.914736684000011,4.923147844522569,4.94710073400678,5.02570531625267,5.02570531625267,5.02570531625267,5.0292163271322,5.0480548725591845,5.048401488921963,,,4.468523761301463,4.695631210146994,4.45692587261037,#000000,0.11860533388183,4.35414268786438,-0.4143379244085487,56.964961929953525,2.9049268045498025,True,False,True,False,True,0.0,0.0,0.0,0.0,0.0,0,0.8557637705848951,1.081771720613288,False,False,False,False,-0.11522150635413622,-0.12199336925037425,False,False,False,False,145992.0,130968.83329564895,False,False,False,False,684.3902412930115,False,False,False,False
2025-05-28 14:00:00+00:00,4.305,4.305,4.305,4.305,0.0,,,,,,,,,,,,,,,,,4.461588197907499,4.351342051609079,4.368513346939012,4.386415622417677,4.468523761301463,4.695631210146994,4.7087494877731215,4.7903010986243535,4.7903010986243535,4.912070926907225,5.03043026927572,5.042450712780703,,,,,,,,,,,,,,4.284477177299202,4.284477177299202,4.283895598497048,4.465773985959437,4.465773985959437,4.213989056953052,4.272363773897233,4.362145757565058,4.3907635708280965,4.3907635708280965,4.397078309483082,4.401481067042423,4.473609511676673,4.47360212076315,4.534343407531589,4.748510047844527,4.749033919112739,4.8944172844570275,4.913835915472295,4.914736684000011,4.923147844522569,4.94710073400678,5.02570531625267,5.02570531625267,5.02570531625267,5.0292163271322,5.0480548725591845,5.048401488921963,,,4.468523761301463,4.695631210146994,4.45692587261037,#000000,0.11529156146110306,4.35414268786438,-0.42624704914730527,55.79327469619081,2.9049268045498025,True,False,True,False,False,0.0,0.0,0.0,0.0,0.0,0,0.8557527189467657,1.0801373783629078,False,False,False,False,-0.11753088359498895,-0.11976212642268161,False,False,False,False,145992.0,131201.7506088947,False,False,False,False,673.779539877616,False,False,False,False
2025-05-28 15:00:00+00:00,4.305,4.305,4.305,4.305,0.0,,,,,,,,,,,,,,,,,4.461588197907499,4.351342051609079,4.368513346939012,4.386415622417677,4.468523761301463,4.695631210146994,4.7087494877731215,4.7903010986243535,4.7903010986243535,4.912070926907225,5.03043026927572,5.042450712780703,,,,,,,,,,,,,,4.284477177299202,4.284477177299202,4.283895598497048,4.465773985959437,4.465773985959437,4.213989056953052,4.272363773897233,4.362145757565058,4.3907635708280965,4.3907635708280965,4.397078309483082,4.401481067042423,4.473609511676673,4.47360212076315,4.534343407531589,4.748510047844527,4.749033919112739,4.8944172844570275,4.913835915472295,4.914736684000011,4.923147844522569,4.94710073400678,5.02570531625267,5.02570531625267,5.02570531625267,5.0292163271322,5.0480548725591845,5.048401488921963,,,4.468523761301463,4.695631210146994,4.45692587261037,#000000,0.11196693527372162,4.35414268786438,-0.4389035722398132,55.012149873682326,2.9049268045498025,True,False,True,False,False,0.0,0.0,0.0,0.0,0.0,0,0.8575547866205306,1.0772779700115342,False,False,False,False,-0.11485890033276595,-0.11731051337772377,False,False,False,False,145992.0,131431.05680100486,False,False,False,False,663.3333454609087,False,False,False,False
2025-05-28 16:00:00+00:00,4.305,4.335,4.305,4.32,36.0,,,,,,,,,,,,,,,,,4.4613394338701795,4.351331920662997,4.368498119634273,4.386395329757378,4.468484817585236,4.695578241551337,4.7086952219943035,4.790241887255668,4.790241887255668,4.912021131202691,5.030381356823615,5.042401346883153,,,,,,,,,,,,,,4.284989320517956,4.284989320517956,4.284411375661376,4.4655695980682335,4.4655695980682335,4.214033752210523,4.272381218804253,4.362132368513943,4.390742089892883,4.390742089892883,4.397055163036678,4.401456760661024,4.473569720475295,4.473562360086478,4.534307480041222,4.748453076489366,4.748976928621148,4.894365567248887,4.9137876595600645,4.91468898656366,4.9231016134057555,4.947055008348208,5.025656576799193,5.025656576799193,5.025656576799193,5.029167459380214,5.04800530305323,5.048351907350511,,,4.468484817585236,4.695578241551337,4.456940287754833,#000000,0.10987634327190719,4.354181678938172,-0.31109225080037,56.58586997139105,2.9049268045498025,True,False,True,False,False,0.0,0.0,0.0,0.0,0.0,0,0.8557471264367815,1.068390804597701,False,False,False,False,-0.10493798024280401,-0.1111242468102639,False,False,False,False,146028.0,131657.3659978885,False,False,False,False,653.6072470816698,False,False,False,False
2025-05-28 17:00:00+00:00,4.32,4.335,4.32,4.32,61.0,,,,,,,,,,,,,,,,,4.460934747700841,4.351317506326614,4.368474997458352,4.386363560532158,4.4684210966962254,4.695489717703505,4.708604488585991,4.790142657342652,4.790142657342652,4.911937486714584,5.030299076000494,5.042318293361071,,,,,,,,,,,,,,4.285943445400053,4.285943445400053,4.285370657367945,4.46523643004235,4.46523643004235,4.214112969291264,4.27241384977719,4.362112390964977,4.390708291896326,4.390708291896326,4.397018517283353,4.4014181339826495,4.473504537226839,4.47349722691391,4.534248050072071,4.748357702414133,4.74888152110424,4.89427871924196,4.913706598867919,4.914608862743531,4.92302394283241,4.946978161664444,5.025574590934382,5.025574590934382,5.025574590934382,5.029085254761473,5.047921902449452,5.048268486168462,,,4.4684210966962254,4.695489717703505,4.456978426536895,#000000,0.10984846236830016,4.3542649378153895,-0.3119291529134531,57.63501670319687,2.9049268045498025,True,False,True,False,False,0.0,0.0,0.0,0.0,0.0,0,0.8577165806081469,1.0682730923694779,False,False,False,False,-0.07657989544527487,-0.09385207112776939,False,False,False,False,146028.0,131880.166525053,False,False,False,False,644.4195378245896,False,False,False,False
2025-05-28 18:00:00+00:00,4.32,4.345,4.32,4.32,12.0,,,,,,,,,,,,,,,,,4.460857365170451,4.351315031495074,4.368470800259075,4.3863576539974165,4.468408859285143,4.695472464789645,4.708586799498643,4.7901232815406285,4.7901232815406285,4.911921128300238,5.030282968356807,5.042302033139822,,,,,,,,,,,,,,4.286141374837874,4.286141374837874,4.285569481938553,4.4651726280632245,4.4651726280632245,4.214129007722911,4.272420670820754,4.362108816240862,4.390701984280811,4.390701984280811,4.397011646131016,4.401410871137462,4.473492008697301,4.473484708018619,4.534236549080207,4.748339093042683,4.748862905020645,4.894261737526493,4.913690745404981,4.914593192339252,4.923008750902981,4.946963127524685,5.025558541553978,5.025558541553978,5.025558541553978,5.029069162169408,5.047905573677496,5.048252153330766,,,4.468408859285143,4.695472464789645,4.456987599530036,#000000,0.10964726409043545,4.354283410580573,-0.3126700047189143,58.33444785773408,3.3000517960109335,True,False,True,False,True,0.0,0.0,0.0,0.0,0.0,0,0.8766803039158387,1.0683810637054354,False,False,False,False,-0.05408780279702534,-0.07396993696239737,False,False,False,False,146028.0,132099.51278047854,False,False,False,False,634.6145837497897,False,False,False,False
2025-05-28 19:00:00+00:00,4.32,4.325,4.31,4.315,247.0,,,,,,,,,,,,,,,,,4.459145923434245,4.351238409449712,4.368359547533343,4.386211953209643,4.4681365068753625,4.695106428758644,4.708211904457613,4.789714757148823,4.789714757148823,4.911577893983254,5.029946075742435,5.041962041684534,,,,,,,,,,,,,,4.288817891373803,4.288817891373803,4.2882740610328645,4.4637616043493855,4.4637616043493855,4.214424512194648,4.2725314832089545,4.362010046345184,4.390548201906716,4.390548201906716,4.396846545924465,4.401237882331548,4.4732139216333815,4.473206833388335,4.533986708260498,4.7479457863324095,4.748469469362477,4.89390522230663,4.913358118954445,4.914264414079491,4.9226900913283815,4.946648004172416,5.025222830855879,5.025222830855879,5.025222830855879,5.02873257496202,5.047564191011183,5.047910688246617,,,4.4681365068753625,4.695106428758644,4.456981123045678,#000000,0.10964726409043545,4.354418789900012,-0.3595054580431623,57.60195706651157,3.3000517960109335,True,False,True,False,True,0.0,0.0,0.0,0.0,0.0,0,0.8774307601649968,1.056570418385386,False,False,False,False,-0.06570847067194235,-0.06983920381716986,False,False,False,False,145781.0,132311.62886140135,False,False,False,False,628.6050553195605,False,False,False,False
2025-05-29 14:00:00+00:00,4.35,4.35,4.35,4.35,0.0,,,,,,,,,,,,,,,,,4.459145923434245,4.351238409449712,4.368359547533343,4.386211953209643,4.4681365068753625,4.695106428758644,4.708211904457613,4.789714757148823,4.789714757148823,4.911577893983254,5.029946075742435,5.041962041684534,,,,,,,,,,,,,,4.288817891373803,4.288817891373803,4.2882740610328645,4.4637616043493855,4.4637616043493855,4.214424512194648,4.2725314832089545,4.362010046345184,4.390548201906716,4.390548201906716,4.396846545924465,4.401237882331548,4.4732139216333815,4.473206833388335,4.533986708260498,4.7479457863324095,4.748469469362477,4.89390522230663,4.913358118954445,4.914264414079491,4.9226900913283815,4.946648004172416,5.025222830855879,5.025222830855879,5.025222830855879,5.02873257496202,5.047564191011183,5.047910688246617,,,4.4681365068753625,4.695106428758644,4.456981123045678,#000000,0.10930546502659352,4.354418789900012,-0.04042606560373948,61.81621532054896,7.068925259153609,True,False,True,False,True,0.0,0.0,0.0,0.0,0.0,0,0.8780918727915197,1.0488810365135455,False,False,False,False,-0.040548558158241474,-0.05519388098770567,False,False,False,False,145781.0,132520.4563209145,False,False,False,False,618.8592405084045,False,False,False,False
2025-05-29 15:00:00+00:00,4.35,4.35,4.26,4.26,33.0,,,,,,,,,,,,,,,4.29,4.29,4.458878120552063,4.351220321739493,4.368337070936225,4.3861850867766154,4.468093800702264,4.695054136514759,4.708158464020644,4.7896571565627575,4.7896571565627575,4.911530012550781,5.029899408042774,5.041914972651065,,,,,,,,,,,,,,4.28883157894737,4.28883157894737,4.288293885601578,4.463541306491476,4.463541306491476,4.214453600031102,4.2725373262921025,4.3619891413674905,4.390520306133316,4.390520306133316,4.396817220309284,4.401207553249497,4.473170526889979,4.473163471446229,4.533949281593834,4.747890047837354,4.74841371647989,4.893855425148861,4.913311722241273,4.914218556731634,4.922645670486348,4.9466041454147085,5.025176315786116,5.025176315786116,5.025176315786116,5.028685946724818,5.047516942131843,5.04786342874275,,,4.468093800702264,4.695054136514759,4.418607417560193,"rgba(239, 83, 80, 0.5)",0.10982447092706428,4.343253417464168,-0.7580588985441844,53.34015006542989,8.764269602976597,True,False,True,False,False,0.0,0.0,0.0,0.0,0.0,0,0.8688524590163935,1.0491803278688525,False,False,False,False,-0.07540578327877162,-0.06529983213323864,False,False,False,False,145748.0,132725.53451748946,False,False,False,False,609.7761515082741,False,False,False,False
2025-05-29 16:00:00+00:00,4.26,4.27,4.26,4.27,100.0,,,,,,,,,,,,,,,4.272456140350878,4.272456140350878,4.457960336787152,4.35114470993627,4.368248774754589,4.386084037189536,4.467947574107683,4.694886634082756,4.707987574995155,4.789474543050545,4.789474543050545,4.911379516896036,5.029753568134689,5.041767950125707,,,,,,,,,,,,,,4.288080225988701,4.288080225988701,4.2875664312142625,4.46278783471749,4.46278783471749,4.214514426063995,4.272531381741716,4.361905358330477,4.390416267661241,4.390416267661241,4.3967090625536684,4.401096485434859,4.473022417943919,4.473015473707598,4.533825096370222,4.747712623251612,4.748236255849385,4.893698745860406,4.913165906747127,4.914074443344058,4.922506136704943,4.946466554155238,5.025030924423016,5.025030924423016,5.025030924423016,5.0285402228511735,5.047369390563836,5.047715846003489,,,4.467947574107683,4.694886634082756,4.416945573436084,"rgba(239, 83, 80, 0.5)",0.11002018651791412,4.341226218064277,-0.6473922678969429,48.894340792766656,4.9792473408146805,True,False,False,True,False,0.0,0.0,0.0,0.0,0.0,0,0.8690058479532164,1.053801169590643,False,False,False,False,-0.10654167785183574,-0.0859207549925372,False,False,False,False,145848.0,132928.98359473769,False,False,False,False,601.8726452833396,False,False,False,False
2025-05-29 17:00:00+00:00,4.275,4.28,4.215,4.215,393.0,,,,,,,,,,,,,,,4.245716096324462,4.245716096324462,4.453884201974753,4.350743798584316,4.367801208816571,4.38558921097722,4.467289608111401,4.6941835875533,4.707271694306699,4.788716994728914,4.788716994728914,4.910761259013661,5.02915844517553,5.041168348834803,,,,,,,,,,,,,,4.282036095323563,4.282036095323563,4.281623588829472,4.4594371967925985,4.4594371967925985,4.214615383128655,4.272389225079845,4.3614742421853565,4.389910372658846,4.389910372658846,4.396188079993151,4.400564744185789,4.472358079435466,4.472351629502573,4.5332834852968,4.746973203985954,4.747496732386762,4.893054329904282,4.9125669259820866,4.91348248274513,4.921933285867615,4.945902520396716,5.024437493814987,5.024437493814987,5.024437493814987,5.027945538011354,5.0467677905379835,5.047114128632496,,,4.467289608111401,4.6941835875533,4.413311379765851,"rgba(239, 83, 80, 1.0)",0.11062871106411247,4.336883349803733,-1.1017334345791863,42.46175002633441,-0.6305769241754149,False,False,False,True,False,0.0,0.0,0.0,0.0,0.0,0,0.8647707486941383,1.052234474753337,False,False,False,False,-0.120225064915671,-0.10307290995410409,False,False,False,False,145455.0,133123.1853994704,False,False,False,False,598.6343096975513,False,False,False,False
2025-05-29 18:00:00+00:00,4.215,4.215,4.13,4.145,300.0,,,,,,,,,,,,,,,4.215794995964488,4.215794995964488,4.449855487767301,4.350244121733515,4.367271682205341,4.385028760752011,4.466630947995444,4.693562572059541,4.706641754457747,4.788063477135106,4.788063477135106,4.910238808659493,5.028662771207959,5.040669571382398,,,,,,,,,,,,,4.163333333333332,4.272260957086651,4.272260957086651,4.271943535188217,4.456125320010935,4.456125320010935,4.214437594135571,4.2720602480308365,4.360954941496456,4.389342695362413,4.389342695362413,4.395610882971016,4.399980559864942,4.471696450661339,4.471690486378549,4.532769480028281,4.746329294155137,4.746852813296094,4.892508395803095,4.91206087057021,4.9129824144275505,4.9214499113239825,4.9454281066553545,5.023942980567072,5.023942980567072,5.023942980567072,5.027450165166517,5.0462676370421,5.046613895172709,,,4.466630947995444,4.693562572059541,4.385630431036336,"rgba(255, 0, 0, 1.0)",0.11290480722932332,4.319976606507547,-1.5497710930248405,35.49599752763039,-6.64949053406567,False,True,False,True,False,0.0,0.0,0.0,0.0,0.0,0,0.8682983682983685,1.0600233100233099,True,False,False,False,-0.17944547685658646,-0.14125919340534526,False,False,False,False,145155.0,133309.72516071892,True,False,False,False,594.0043203999148,False,False,False,False
2025-05-29 19:00:00+00:00,4.145,4.265,4.145,4.26,0.0,,,,,,,,,,,,,,,4.215794995964488,4.215794995964488,4.449855487767301,4.350244121733515,4.367271682205341,4.385028760752011,4.466630947995444,4.693562572059541,4.706641754457747,4.788063477135106,4.788063477135106,4.910238808659493,5.028662771207959,5.040669571382398,,,,,,,,,,,,,4.163333333333332,4.272260957086651,4.272260957086651,4.271943535188217,4.456125320010935,4.456125320010935,4.214437594135571,4.2720602480308365,4.360954941496456,4.389342695362413,4.389342695362413,4.395610882971016,4.399980559864942,4.471696450661339,4.471690486378549,4.532769480028281,4.746329294155137,4.746852813296094,4.892508395803095,4.91206087057021,4.9129824144275505,4.9214499113239825,4.9454281066553545,5.023942980567072,5.023942980567072,5.023942980567072,5.027450165166517,5.0462676370421,5.046613895172709,,,4.466630947995444,4.693562572059541,4.385630431036336,"rgba(239, 83, 80, 0.5)",0.11311319372464804,4.319976606507547,-0.5302352849619686,39.58554000458403,-6.64949053406567,False,True,False,True,True,0.0,0.0,0.0,0.0,0.0,0,0.8713214079630698,1.0438545874206577,False,False,False,False,-0.15365408542852624,-0.14745663941693576,False,False,False,False,145155.0,133493.37283264578,False,False,False,False,584.794951091389,False,False,False,False
2025-05-30 14:00:00+00:00,4.15,4.16,4.15,4.16,24.0,,,,,,,,,,,,,,,4.2141254901960785,4.2141254901960785,4.4495306248076325,4.350202840988185,4.36722805760777,4.384982702209076,4.466577222972501,4.693512329721426,4.7065908046953036,4.788010697447073,4.788010697447073,4.910196671404051,5.028622836494277,5.040629390649781,,,,,,,,,,,,,4.162839506172839,4.27150440869012,4.27150440869012,4.27119376693767,4.455857607588963,4.455857607588963,4.214421575763177,4.272032407128161,4.360912117506625,4.389296068067767,4.389296068067767,4.395563509044396,4.399932636307181,4.471642501046544,4.471636576252817,4.532727680376884,4.7462772543857,4.746800773251422,4.892464357377141,4.9120200554573765,4.912942082248277,4.921410928151663,4.945389855098824,5.02390313777511,5.02390313777511,5.02390313777511,5.027410254304671,5.046227347295138,5.046573599096934,,,4.466577222972501,4.693512329721426,4.385323760344963,"rgba(239, 83, 80, 1.0)",0.11526116056647308,4.31960576271766,-1.3847315256348849,38.3905650422127,-6.64949053406567,False,True,False,True,True,0.0,0.0,0.0,0.0,0.0,0,0.8594285714285714,1.045142857142857,False,False,False,False,-0.19342946791428026,-0.17044305366560802,False,False,False,False,145131.0,133673.8011608218,False,False,False,False,576.100455725631,False,False,False,False
2025-05-30 15:00:00+00:00,4.16,4.16,4.16,4.16,0.0,,,,,,,,,,,,,,,4.2141254901960785,4.2141254901960785,4.4495306248076325,4.350202840988185,4.36722805760777,4.384982702209076,4.466577222972501,4.693512329721426,4.7065908046953036,4.788010697447073,4.788010697447073,4.910196671404051,5.028622836494277,5.040629390649781,,,,,,,,,,,,,4.162839506172839,4.27150440869012,4.27150440869012,4.27119376693767,4.455857607588963,4.455857607588963,4.214421575763177,4.272032407128161,4.360912117506625,4.389296068067767,4.389296068067767,4.395563509044396,4.399932636307181,4.471642501046544,4.471636576252817,4.532727680376884,4.7462772543857,4.746800773251422,4.892464357377141,4.9120200554573765,4.912942082248277,4.921410928151663,4.945389855098824,5.02390313777511,5.02390313777511,5.02390313777511,5.027410254304671,5.046227347295138,5.046573599096934,,,4.466577222972501,4.693512329721426,4.385323760344963,"rgba(239, 83, 80, 1.0)",0.11704345847233971,4.31960576271766,-1.3636453057765592,37.59391506729848,-6.64949053406567,False,True,False,True,True,0.0,0.0,0.0,0.0,0.0,0,0.8599537037037037,1.054398148148148,False,False,False,False,-0.18942664271689388,-0.17993484819125094,False,False,False,False,145131.0,133851.4321505765,False,False,False,False,567.168665714381,False,False,False,False
2025-05-30 16:00:00+00:00,4.16,4.18,4.16,4.18,83.0,,,,,,,,,,,,,,,4.2104966059306905,4.2104966059306905,4.448476291220162,4.350072496581607,4.367089259173013,4.384835176678396,4.466401551786359,4.693344039498467,4.706420014148813,4.787833052452709,4.787833052452709,4.910054205402836,5.028487396400938,5.040493079896007,,,,,,,,,,,,,4.1649795249795245,4.269331555555556,4.269331555555556,4.269040993020585,4.454986817185932,4.454986817185932,4.214382213758079,4.271950122375457,4.360776230001834,4.389146501899661,4.389146501899661,4.395411238793401,4.399778391042146,4.471465932618779,4.471460137155835,4.532589598310103,4.74610243958626,4.746625952955488,4.892315547289418,4.911882050924221,4.912805706436221,4.921279079479548,4.945260391833616,5.023768023854458,5.023768023854458,5.023768023854458,5.02727489880089,5.0460906500882095,5.046436879395167,,,4.466401551786359,4.693344039498467,4.38465584689145,"rgba(239, 83, 80, 1.0)",0.11856404359006809,4.318813374007894,-1.1707881226439718,38.31472778750975,-6.64949053406567,False,True,False,True,True,0.0,0.0,0.0,0.0,0.0,0,0.8559670781893005,1.067607289829512,False,False,False,False,-0.18143882056294916,-0.18068683437710004,False,False,False,False,145214.0,134027.59599320323,False,False,False,False,559.6621747730727,False,False,False,False
2025-05-30 17:00:00+00:00,4.185,4.22,4.185,4.22,0.0,,,,,,,,,,,,,,,4.2104966059306905,4.2104966059306905,4.448476291220162,4.350072496581607,4.367089259173013,4.384835176678396,4.466401551786359,4.693344039498467,4.706420014148813,4.787833052452709,4.787833052452709,4.910054205402836,5.028487396400938,5.040493079896007,,,,,,,,,,,,,4.1649795249795245,4.269331555555556,4.269331555555556,4.269040993020585,4.454986817185932,4.454986817185932,4.214382213758079,4.271950122375457,4.360776230001834,4.389146501899661,4.389146501899661,4.395411238793401,4.399778391042146,4.471465932618779,4.471460137155835,4.532589598310103,4.74610243958626,4.746625952955488,4.892315547289418,4.911882050924221,4.912805706436221,4.921279079479548,4.945260391833616,5.023768023854458,5.023768023854458,5.023768023854458,5.02727489880089,5.0460906500882095,5.046436879395167,,,4.466401551786359,4.693344039498467,4.38465584689145,"rgba(239, 83, 80, 0.5)",0.11936487327923612,4.318813374007894,-0.8278262380988318,41.1375056085972,-6.64949053406567,False,False,False,True,True,0.0,0.0,0.0,0.0,0.0,0,0.8484493856056176,1.0631948507899356,False,False,False,False,-0.15563042967852644,-0.16815863202781323,False,False,False,False,145214.0,134201.02861346366,False,False,False,False,550.9852418308545,False,False,False,False
2025-05-30 18:00:00+00:00,4.22,4.235,4.22,4.235,0.0,,,,,,,,,,,,,,,4.2104966059306905,4.2104966059306905,4.448476291220162,4.350072496581607,4.367089259173013,4.384835176678396,4.466401551786359,4.693344039498467,4.706420014148813,4.787833052452709,4.787833052452709,4.910054205402836,5.028487396400938,5.040493079896007,,,,,,,,,,,,,4.1649795249795245,4.269331555555556,4.269331555555556,4.269040993020585,4.454986817185932,4.454986817185932,4.214382213758079,4.271950122375457,4.360776230001834,4.389146501899661,4.389146501899661,4.395411238793401,4.399778391042146,4.471465932618779,4.471460137155835,4.532589598310103,4.74610243958626,4.746625952955488,4.892315547289418,4.911882050924221,4.912805706436221,4.921279079479548,4.945260391833616,5.023768023854458,5.023768023854458,5.023768023854458,5.02727489880089,5.0460906500882095,5.046436879395167,,,4.466401551786359,4.693344039498467,4.38465584689145,"rgba(239, 83, 80, 0.5)",0.11907893513459011,4.318813374007894,-0.703847191051569,43.85129750431931,-13.943271765605033,False,False,False,True,True,0.0,0.0,0.0,0.0,0.0,0,0.8528037383177572,1.0613317757009344,False,False,False,False,-0.12029300554553723,-0.14422581878667523,False,False,False,False,145214.0,134371.77235589057,False,False,False,False,542.4428349807638,False,False,False,False
2025-05-30 19:00:00+00:00,4.235,4.235,4.2,4.2,204.0,,,,,,,,,,,,,,,4.2107065376722375,4.2107065376722375,4.446275117328108,4.34982225471949,4.366816285123101,4.384539015713596,4.466027033454893,4.692961330040941,4.706030856152845,4.787424076883458,4.787424076883458,4.909722489330542,5.028169603692264,5.040173035171107,,,,,,,,,,,,,4.1805673758865245,4.26635643230484,4.26635643230484,4.266097980051966,4.453157409796188,4.453157409796188,4.21437583483027,4.271826849503647,4.360511208691637,4.3888449118422885,4.3888449118422885,4.395102317493283,4.399464198966195,4.471088529835532,4.471083011340323,4.532286831026409,4.745701952875799,4.7462254270485,4.8919695451921426,4.91156067198834,4.912488096004718,4.920971813626647,4.944958169755135,5.023451079574373,5.023451079574373,5.023451079574373,5.026957325871695,5.045769602175748,5.046115772761216,,,4.466027033454893,4.692961330040941,4.3845202645355945,"rgba(239, 83, 80, 0.5)",0.11939883199209364,4.318744327212557,-0.9945183318076347,43.85992193785097,-13.478550603728223,False,False,False,True,True,0.0,0.0,0.0,0.0,0.0,0,0.8734328358208957,1.062686567164179,False,False,False,False,-0.12875092991486023,-0.13648837435076772,False,False,False,False,145010.0,134536.70611781476,False,False,False,False,537.1956592446279,False,False,False,False
2025-06-02 14:00:00+00:00,4.23,4.285,4.23,4.285,119.0,,,,,,,,,,,,,,,4.216008492569003,4.216008492569003,4.445306504728239,4.3497346442494695,4.3667137840084855,4.38442153824679,4.465856201949504,4.692763843092365,4.705829354113909,4.7872085398442925,4.7872085398442925,4.909544368304097,5.027996818308648,5.0399988424655575,,,,,,,,,,,,,4.194602739726027,4.266365496358132,4.266365496358132,4.266114501953125,4.4523430696218,4.4523430696218,4.214447389502816,4.271820701508477,4.360414012092096,4.388723922142982,4.388723922142982,4.394976480016246,4.399334939240013,4.470915451203607,4.4709100604337015,4.532140732078588,4.74549264426901,4.746016074201787,4.891784177494785,4.911388058537701,4.912317485758943,4.920806586807289,4.944795202858907,5.023278828161117,5.023278828161117,5.023278828161117,5.0267846786109835,5.0455947797086615,5.04594091317263,,,4.465856201949504,4.692763843092365,4.385327393581092,#000000,0.11894570644237734,4.319808421138542,-0.2926412577607796,48.17709994440787,-9.00764959002295,True,False,False,False,True,0.0,0.0,0.0,0.0,0.0,0,0.8809523809523812,1.0267857142857142,False,False,False,False,-0.09501680538661803,-0.11575258986869287,False,False,False,False,145129.0,134700.92772839128,False,False,False,False,530.7120056129282,False,False,False,False
2025-06-02 15:00:00+00:00,4.285,4.3,4.255,4.255,400.0,,,,,,,,,,,,,,,4.229049919484702,4.229049919484702,4.442185228048309,4.349453266754302,4.366382203365618,4.3840394963828615,4.465293691766052,4.6921065431143765,4.705158519738481,4.786489982575871,4.786489982575871,4.908949465446246,5.027419141775859,5.039416416740103,,,,,,,,,,,,,4.221292035398229,4.266690513451078,4.266690513451078,4.266460186832741,4.449705385987751,4.449705385987751,4.21470174253784,4.271813439037362,4.360100335946897,4.3883300433776515,4.3883300433776515,4.394566240210519,4.398913161635018,4.4703452761026385,4.4703403048564345,4.531656970485471,4.744795313168341,4.745318589203506,4.891165215782697,4.910811518285392,4.911747623420238,4.920254640672542,4.9442506783405165,5.022702954433247,5.022702954433247,5.022702954433247,5.026207468368032,5.045010228089219,5.045356236181781,,,4.465293691766052,4.6921065431143765,4.3868944146726205,"rgba(239, 83, 80, 0.5)",0.11789073426364075,4.321951652061554,-0.5679127581971758,49.46760220119752,-7.460424852960074,True,False,False,False,True,0.0,0.0,0.0,0.0,0.0,0,0.8801926550270922,1.0373269114990968,False,False,False,False,-0.07823496960945651,-0.09699377973907469,False,False,False,False,144729.0,134856.40171709837,False,False,False,False,528.6854628902471,False,False,False,False
2025-06-02 16:00:00+00:00,4.255,4.34,4.255,4.325,461.0,,,,,,,,,,,,,,,4.245951818611243,4.245951818611243,4.43946031607566,4.349279954895587,4.366147177092316,4.383742900857302,4.464770361305528,4.691417119976403,4.704452869518893,4.785722933484982,4.785722933484982,4.908304477746004,5.02678663798574,5.038778199312406,,,,,,,,,,,,,4.246029750680913,4.270425618159709,4.270425618159709,4.270199381346244,4.447359821672061,4.447359821672061,4.215184478806098,4.27197293058437,4.359887537398747,4.3880189897821475,4.3880189897821475,4.394234958605164,4.398567756136386,4.469811683673831,4.469807105690253,4.531179464396698,4.744056040935388,4.744579083638379,4.890495407484742,4.910186286438648,4.911129563198836,4.919655486973973,4.943658271457638,5.022072628763552,5.022072628763552,5.022072628763552,5.025575527461534,5.044369446028943,5.044715302245513,,,4.464770361305528,4.691417119976403,4.389186329739628,#000000,0.1173259876897805,4.3250195790577575,-0.00016687741686913704,53.211009532545944,-3.6499347852053248,True,False,True,False,True,0.0,0.0,0.0,0.0,0.0,0,0.8644578313253014,1.042168674698795,False,False,False,False,-0.06149699993189195,-0.07924538983548332,False,False,False,False,145190.0,135016.61254318987,False,False,False,False,527.6360758686928,False,False,False,False
2025-06-02 17:00:00+00:00,4.325,4.35,4.3,4.34,243.0,,,,,,,,,,,,,,,4.25460593220339,4.25460593220339,4.438312329161271,4.349238877247128,4.3660723414044,4.383634526654717,4.464536400027623,4.691076685130838,4.704103675049339,4.785339241930243,4.785339241930243,4.907978214772164,5.026464470799255,5.038452940302588,,,,,,,,,,,,,4.257155579789167,4.273221943210354,4.273221943210354,4.27299391025641,4.44635409319603,4.44635409319603,4.215501285006492,4.272112562386121,4.35982492816092,4.387902734601546,4.387902734601546,4.39410760084094,4.3984326894237205,4.469571844070765,4.469567443129177,4.530954652895298,4.743688097449656,4.744210998414282,4.890157044975752,4.9098699596510365,4.910816838736066,4.919352138637605,4.943357870046748,5.021751643193389,5.021751643193389,5.021751643193389,5.025253665481606,5.044042796946116,5.044388570640232,,,4.464536400027623,4.691076685130838,4.390454669482279,#000000,0.11624174871421741,4.326708662718455,0.1143422000147438,56.25253719566482,-0.5951891643882377,True,False,True,False,True,0.0,0.0,0.0,0.0,0.0,0,0.8727490996398561,1.030012004801921,False,False,False,False,-0.0385364519032568,-0.05889092086937006,False,False,False,False,145433.0,135178.1069223652,False,False,False,False,523.223113452124,False,False,False,False
2025-06-02 18:00:00+00:00,4.34,4.34,4.32,4.33,64.0,,,,,,,,,,,,,,,4.256596534653466,4.256596534653466,4.4380139737740665,4.3492280875475755,4.366052683117901,4.383606056333355,4.464474915679456,4.690987129952211,4.704011814462543,4.785238294830887,4.785238294830887,4.907892346667162,5.026379669740461,5.038367325037611,,,,,,,,,,,,,4.259611872146118,4.273915283342873,4.273915283342873,4.273686993414387,4.4460920713112815,4.4460920713112815,4.215584433022054,4.272149226110363,4.35980848210183,4.387872193422726,4.387872193422726,4.394074142031938,4.3983972047802276,4.469508813277072,4.469504458766401,4.530895526848106,4.743591299292911,4.744114162873774,4.890067996880215,4.909786704624402,4.910734531079556,4.91927229634522,4.9432788009042685,5.021667153314394,5.021667153314394,5.021667153314394,5.025168944798699,5.043956815604762,5.044302567565622,,,4.464474915679456,4.690987129952211,4.390741919153052,#000000,0.11477467153174664,4.327094978227576,0.025310652025002687,57.6505036117418,0.9453491574100212,True,False,True,False,True,0.0,0.0,0.0,0.0,0.0,0,0.8754491017964076,1.02874251497006,False,False,False,False,-0.03436687325096856,-0.04662889706016931,False,False,False,False,145369.0,135336.1052646541,False,False,False,False,516.1033752590679,False,False,False,False
2025-06-02 19:00:00+00:00,4.33,4.345,4.28,4.28,841.0,,,,,,,,,,,,,,,4.2682057172026555,4.2682057172026555,4.433251021114572,4.348880141732923,4.365594878775325,4.3830384622776455,4.463503026173203,4.689722389608645,4.702717758774976,4.783833631523922,4.783833631523922,4.9067111458635,5.025221985635092,5.03719928385282,,,,,,,,,,,,,4.272524644030668,4.277752658116848,4.277752658116848,4.27754135954136,4.441941093377988,4.441941093377988,4.216398117759895,4.272392865438533,4.359390217127868,4.387278806331745,4.387278806331745,4.393444700025376,4.3977425576317435,4.468518660110317,4.468515025340147,4.530012670150194,4.742236655865727,4.742759102060332,4.888841410263083,4.908641543513962,4.909602457195778,4.9181747750679365,4.94219375874717,5.020513416305605,5.020513416305605,5.020513416305605,5.024012280788469,5.042784126095565,5.043129602849669,,,4.463503026173203,4.689722389608645,4.391741801826875,#000000,0.10871576296523053,4.328713962370749,-0.44808554934511524,55.64792444813021,0.9453491574100212,True,False,True,False,True,0.0,0.0,0.0,0.0,0.0,0,0.87150505651398,1.0291493158834026,False,False,False,False,-0.04896657890681945,-0.047797737983494376,False,False,False,False,144528.0,135478.61526055093,False,False,False,False,521.1405322317955,False,False,False,False
2025-06-03 14:00:00+00:00,4.34,4.34,4.34,4.34,0.0,,,,,,,,,,,,,,,4.2682057172026555,4.2682057172026555,4.433251021114572,4.348880141732923,4.365594878775325,4.3830384622776455,4.463503026173203,4.689722389608645,4.702717758774976,4.783833631523922,4.783833631523922,4.9067111458635,5.025221985635092,5.03719928385282,,,,,,,,,,,,,4.272524644030668,4.277752658116848,4.277752658116848,4.27754135954136,4.441941093377988,4.441941093377988,4.216398117759895,4.272392865438533,4.359390217127868,4.387278806331745,4.387278806331745,4.393444700025376,4.3977425576317435,4.468518660110317,4.468515025340147,4.530012670150194,4.742236655865727,4.742759102060332,4.888841410263083,4.908641543513962,4.909602457195778,4.9181747750679365,4.94219375874717,5.020513416305605,5.020513416305605,5.020513416305605,5.024012280788469,5.042784126095565,5.043129602849669,,,4.463503026173203,4.689722389608645,4.391741801826875,#000000,0.10745520751278963,4.328713962370749,0.10503015991949631,56.96143838051683,0.9453491574100212,True,False,True,False,True,0.0,0.0,0.0,0.0,0.0,0,0.8701608100059561,1.0309708159618822,False,False,False,False,-0.026031153107643108,-0.03691444554556874,False,False,False,False,144528.0,135618.915799147,False,False,False,False,513.0608340576591,False,False,False,False
2025-06-03 15:00:00+00:00,4.34,4.385,4.33,4.385,395.0,,,,,,,,,,,,,,,4.278831967213115,4.278831967213115,4.432176202152294,4.348941047624827,4.365598446163439,4.38298536993859,4.46323227890362,4.689230224817466,4.702210878898611,4.783265262596329,4.783265262596329,4.906217378053485,5.024728253201817,5.036700324902451,,,,,,,,,,,,,4.284390023399276,4.2831750810560445,4.2831750810560445,4.282957435897436,4.440938483499684,4.440938483499684,4.217062301147702,4.272756931680419,4.3594147200909354,4.387212382281035,4.387212382281035,4.393359303305047,4.397644090774176,4.468237230157953,4.468233802153965,4.529717722028195,4.741696717791181,4.742218884775662,4.8883306506730575,4.908162611811472,4.909128892098113,4.917714844396029,4.941736990296014,5.020021688952189,5.020021688952189,5.020021688952189,5.023519065863552,5.042282811369823,5.042628147745012,,,4.46323227890362,4.689230224817466,4.393538553489348,"rgba(38, 166, 154, 0.5)",0.10608058300219292,4.331118309672442,0.5079316949685652,59.47726083295541,3.313350987877982,True,False,True,False,True,1.0152758704839009,0.0,0.0,0.0,0.0,0,0.8638805970149257,1.0310447761194033,False,False,False,False,0.004370844473361689,-0.016271800536103526,False,False,False,False,144923.0,135763.1651666021,False,False,False,False,511.2304335296334,False,False,False,False
2025-06-03 16:00:00+00:00,4.385,4.385,4.355,4.365,100.0,,,,,,,,,,,,,,,4.281212322695037,4.281212322695037,4.43191636141636,4.348957844317601,4.365600748760952,4.382973350614692,4.463165154162276,4.689106506487975,4.702083433532962,4.783122191994312,4.783122191994312,4.9060929024345095,5.024603691340763,5.036574437868935,,,,,,,,,,,,,4.286985673057102,4.284469869748112,4.284469869748112,4.28425101010101,4.440694481785185,4.440694481785185,4.217231381403199,4.272850282596239,4.359422316865418,4.38719699254658,4.38719699254658,4.393339114721565,4.397620597248603,4.4681673936648645,4.468164016839674,4.529643982039941,4.7415608771687205,4.742082972850486,4.888201915522897,4.908041870296027,4.90900950116493,4.917598879716196,4.941621802507979,5.019897635576949,5.019897635576949,5.019897635576949,5.023394635236746,5.042156326947334,5.042501627717166,,,4.463165154162276,4.689106506487975,4.39394506005521,#000000,0.10467315065700233,4.331666316760678,0.3184549526798056,59.92051582569007,4.054631418477811,True,False,True,False,True,0.21696372852443702,0.0,0.0,0.0,0.0,0,0.8781079442086116,1.0309278350515467,False,False,False,False,0.015299161061079555,-0.0004863197375119853,False,False,False,False,144823.0,135903.62772215865,False,False,False,False,504.85476789351503,False,False,False,False
2025-06-03 17:00:00+00:00,4.365,4.37,4.35,4.365,24.0,,,,,,,,,,,,,,,4.281722603946442,4.281722603946442,4.431847808408554,4.348960485637832,4.365599953983512,4.382969156660763,4.463147926818057,4.689076211476947,4.7020522504366955,4.783087318087312,4.783087318087312,4.90606266661113,5.024573499915563,5.036543930690277,,,,,,,,,,,,,4.287535809289953,4.284750542847044,4.284750542847044,4.284531501610306,4.440630792478172,4.440630792478172,4.217270116548033,4.272871097310105,4.359422775582505,4.387191998717709,4.387191998717709,4.393332983828688,4.397613682200048,4.468149529161251,4.468146165379226,4.529625563474659,4.741527708049867,4.7420497871216405,4.888170632484386,4.9080125425222425,4.908980501972841,4.91757071776287,4.941593842925436,5.019867565237094,5.019867565237094,5.019867565237094,5.023364475066046,5.04212567748135,5.0424709697755485,,,4.463147926818057,4.689076211476947,4.394029795751434,#000000,0.10267626022800715,4.331781884926553,0.3235228377005735,60.21601915417984,4.745956070640801,True,False,True,False,True,0.21696372852443702,0.0,0.0,0.0,0.0,0,0.8772252915899325,1.0417434008594229,False,False,False,False,0.006556340754882154,0.0030350105086850844,False,False,False,False,144823.0,136041.91256367558,False,False,False,False,497.39965521299536,False,False,False,False
2025-06-03 18:00:00+00:00,4.36,4.385,4.36,4.37,100.0,,,,,,,,,,,,,,,4.284038362512875,4.284038362512875,4.431604100861207,4.348980131571737,4.365605056434927,4.382959894450455,4.463083276207707,4.688953896131415,4.701926197661709,4.782945518818876,4.782945518818876,4.905939033663086,5.024449629125114,5.0364187301886245,,,,,,,,,,,,,4.290041195155847,4.286047604835099,4.286047604835099,4.2858273844933565,4.4403999888442645,4.4403999888442645,4.217442451436714,4.272967475709213,4.3594331937873685,4.387179355630296,4.387179355630296,4.39331552296141,4.397592905473033,4.468082142507928,4.468078828105734,4.529553429536944,4.741393202365273,4.741915209034286,4.888042801421598,4.907892613387778,4.908861912160905,4.917455517265881,4.9414793820195815,5.019744204841669,5.019744204841669,5.019744204841669,5.02324073599395,5.041999877413274,5.042345133960761,,,4.463083276207707,4.688953896131415,4.3944311082452705,#000000,0.10197168835132742,4.332323148124664,0.3694834564818247,60.64600202575362,5.605068825549623,True,False,True,False,True,0.42084492561619413,0.0,0.0,0.0,0.0,0,0.8811576354679803,1.0283251231527095,False,False,False,False,0.01748517938979347,0.010260094949239277,False,False,False,False,144923.0,136179.60384175813,False,False,False,False,491.23842024845277,False,False,False,False
2025-06-03 19:00:00+00:00,4.37,4.395,4.36,4.36,205.0,,,,,,,,,,,,,,,4.288431564359665,4.288431564359665,4.431110620239098,4.349020299643583,4.365615489674203,4.382940954297667,4.4629510277146585,4.688703444150943,4.701668089940749,4.782655135676263,4.782655135676263,4.905685764872468,5.024195840887661,5.036162216512476,,,,,,,,,,,,,4.2947375806904295,4.288589149531808,4.288589149531808,4.288367008226295,4.4399316381363905,4.4399316381363905,4.217794537989814,4.273164464738316,4.359454495777025,4.38715350156908,4.38715350156908,4.393279816021669,4.397550417033067,4.467944293721479,4.46794108012796,4.529405760734844,4.7411177713254995,4.741639629466911,4.887780945454664,4.907646926256383,4.908618966624095,4.917219508182201,4.941244880833848,5.019491462763501,5.019491462763501,5.019491462763501,5.022987217738778,5.041742134802313,5.042087318076926,,,4.4629510277146585,4.688703444150943,4.395194443516627,#000000,0.10113655918409828,4.333358366621009,0.2634223825085448,60.14174946858877,5.605068825549623,True,False,True,False,True,0.0035340261759557734,0.0,0.0,0.0,0.0,0,0.8797038864898211,1.0283775447254782,False,False,False,False,0.02185773829040819,0.016058916619823733,False,False,False,False,144718.0,136311.9820767696,False,False,False,False,486.80061528336046,False,False,False,False
2025-06-04 14:00:00+00:00,4.49,4.49,4.435,4.455,0.0,,,,,,,,,,,,,,,4.288431564359665,4.288431564359665,4.431110620239098,4.349020299643583,4.365615489674203,4.382940954297667,4.4629510277146585,4.688703444150943,4.701668089940749,4.782655135676263,4.782655135676263,4.905685764872468,5.024195840887661,5.036162216512476,,,,,,,,,,,,,4.2947375806904295,4.288589149531808,4.288589149531808,4.288367008226295,4.4399316381363905,4.4399316381363905,4.217794537989814,4.273164464738316,4.359454495777025,4.38715350156908,4.38715350156908,4.393279816021669,4.397550417033067,4.467944293721479,4.46794108012796,4.529405760734844,4.7411177713254995,4.741639629466911,4.887780945454664,4.907646926256383,4.908618966624095,4.917219508182201,4.941244880833848,5.019491462763501,5.019491462763501,5.019491462763501,5.022987217738778,5.041742134802313,5.042087318076926,,,4.4629510277146585,4.688703444150943,4.395194443516627,"rgba(38, 166, 154, 1.0)",0.10096886506100146,4.333358366621009,1.2047439901944053,63.78234748644825,9.260360128668232,True,False,True,False,True,3.8213551737073956,0.0,0.0,0.0,0.0,0,0.8819233110164335,1.012781497261108,False,False,False,False,0.09645691787528346,0.05625791724755359,False,False,False,False,144718.0,136442.3079360445,False,False,False,False,479.2533189223781,False,False,False,False
2025-06-04 15:00:00+00:00,4.455,4.455,4.44,4.44,100.0,,,,,,,,,,,,,,,4.29216917323148,4.29216917323148,4.431166179980531,4.349103125017978,4.36568208574169,4.3829916839010465,4.462938368851342,4.688609642066253,4.701570276594278,4.782538882462029,4.782538882462029,4.905579259999061,5.024086018243235,5.036050960908123,,,,,,,,,,,,,4.298839748839749,4.290821676658102,4.290821676658102,4.290595390524968,4.439948429131466,4.439948429131466,4.218047280561241,4.2733315987926295,4.359527097177549,4.387200492274699,4.387200492274699,4.393321395074629,4.3975883190883165,4.467928302772223,4.467925102553924,4.52936726938307,4.741010202833683,4.741531965268471,4.88767144297407,4.907543547012755,4.9085167107419485,4.917119921211025,4.941145278868316,5.019382193582098,5.019382193582098,5.019382193582098,5.022877537749985,5.041630230475013,5.041975374839394,,,4.462938368851342,4.688609642066253,4.3959524963805165,"rgba(38, 166, 154, 1.0)",0.09810423763241033,4.337231330665058,1.0475456699435277,65.04160723997978,10.634151413828448,True,False,True,False,True,3.18012680321522,0.0,0.0,0.0,0.0,0,0.8842620943049604,1.020208205756277,False,False,False,False,0.08323801165393066,0.06974796445074213,False,False,False,False,144618.0,136569.06285176473,False,False,False,False,473.3734225049769,False,False,False,False
2025-06-04 16:00:00+00:00,4.44,4.44,4.3,4.3,25.0,,,,,,,,,,,,,,,4.292492485366241,4.292492485366241,4.43108176150895,4.349102599497873,4.365678098545084,4.38298426202891,4.462917874089586,4.688576741548666,4.701536467363478,4.782501368457648,4.782501368457648,4.905546958439482,5.02405390800828,5.036018527230988,,,,,,,,,,,,,4.299163955169921,4.2910202436827385,4.2910202436827385,4.2907941120877044,4.439871234690498,4.439871234690498,4.218083039556944,4.273349426606248,4.359524369134693,4.387192262189988,4.387192262189988,4.393312020254791,4.397578152244803,4.467907178229321,4.467903993277998,4.529346442630675,4.740974393527727,4.741496139813505,4.88763799658079,4.907512216539423,4.908485732013579,4.917089846893985,4.941115450718148,5.019350207214769,5.019350207214769,5.019350207214769,5.0228454594962875,5.041597651166545,5.041942786867117,,,4.462917874089586,4.688576741548666,4.395999717825383,#000000,0.0971243282351549,4.3363176308899645,-0.37392928785086,58.19985326437254,13.041886074796189,True,False,True,False,False,0.0,0.0,0.0,0.0,0.0,0,0.863941427699817,1.0311165344722393,False,False,False,False,0.015299161061079555,0.04252356275591084,False,False,False,False,144593.0,136693.46497809395,False,False,False,False,466.4218965746672,False,False,False,False
2025-06-04 17:00:00+00:00,4.3,4.34,4.3,4.335,125.0,,,,,,,,,,,,,,,4.293428977490975,4.293428977490975,4.430554495208556,4.3490766340319915,4.3656354958261065,4.382925086202439,4.462796429879681,4.688401915452352,4.701357202526946,4.782304575392805,4.782304575392805,4.90537924746764,5.023888268611794,5.035851309018734,,,,,,,,,,,,,4.300010927528631,4.291613797279672,4.291613797279672,4.291389701444026,4.43939789022581,4.43939789022581,4.218231459476268,4.27341213186614,4.359487790199951,4.387129187896884,4.387129187896884,4.3932434559177755,4.397505770969627,4.467782809892807,4.467779714238669,4.52923003774846,4.74078561150382,4.741307285564171,4.887464131234646,4.907349566872328,4.908324918070624,4.916933813029524,4.940960920559634,5.019185171170629,5.019185171170629,5.019185171170629,5.022679975945036,5.041429723046585,5.041774816600258,,,4.462796429879681,4.688401915452352,4.396078430567885,#000000,0.0947049472151375,4.333963262909683,0.010947021468284064,55.257571530772836,10.478280472073784,True,False,True,False,False,0.0,0.0,0.0,0.0,0.0,0,0.8512446873102611,1.043108682452945,False,False,False,False,-0.004714367109363637,0.018904597823273604,False,False,False,False,144718.0,136817.8763737824,False,False,False,False,461.12853383707545,False,False,False,False
2025-06-04 18:00:00+00:00,4.335,4.335,4.32,4.32,46.0,,,,,,,,,,,,,,,4.293760167236793,4.293760167236793,4.43036177813058,4.349067092816899,4.365619840478843,4.382903339889604,4.4627517922282784,4.688337621761877,4.701291276024802,4.7822321981530616,4.7822321981530616,4.905317554217843,5.023827333070508,5.035789792512858,,,,,,,,,,,,,4.300308801934872,4.291827038785523,4.291827038785523,4.291603690888119,4.4392246798986195,4.4392246798986195,4.218285974337344,4.273435169095257,4.359474348654946,4.387106008748452,4.387106008748452,4.393218258873387,4.3974791709866565,4.467737096815355,4.467734033945615,4.529187234126567,4.740716182842727,4.741237830303068,4.887400175831925,4.907289734655594,4.908265760850001,4.916876413266048,4.940904072971345,5.019124457652196,5.019124457652196,5.019124457652196,5.022619097751783,5.0413679453076865,5.041713023351704,,,4.4627517922282784,4.688337621761877,4.396105292413111,#000000,0.09172137597531853,4.3336274633925225,-0.14857456342771425,52.62960520766703,8.146635147387997,False,False,False,False,False,0.0,0.0,0.0,0.0,0.0,0,0.8654791154791154,1.0442260442260443,False,False,False,False,0.017240462088226317,0.018072529955749962,False,False,False,False,144672.0,136939.6457323284,False,False,False,False,454.6924325372758,False,False,False,False
2025-06-04 19:00:00+00:00,4.32,4.4,4.32,4.375,781.0,,,,,,,,,,,,,,,4.304530261969287,4.304530261969287,4.428396596858637,4.349173576703548,4.365615812392521,4.382789946746681,4.462217105677846,4.687369281484344,4.700294083774065,4.781114043064247,4.781114043064247,4.904344168515846,5.022853498218107,5.0348056569960145,,,,,,,,,,,,,4.311197557471265,4.2989857614096625,4.2989857614096625,4.298763635606628,4.437364418201655,4.437364418201655,4.219546895117362,4.274124177024119,4.35951067286164,4.386966865196097,4.386966865196097,4.393042467315958,4.397278118155563,4.467181665051456,4.467179002951484,4.528605062758593,4.739654015540909,4.740175111512953,4.886393612017084,4.906345415060396,4.907331957062709,4.9159693082608165,4.940003078227721,5.018154574881113,5.018154574881113,5.018154574881113,5.021646282907764,5.040379166214313,5.040723967505118,,,4.462217105677846,4.687369281484344,4.397919210860205,#000000,0.08859249759785272,4.336124130600376,0.4388167221122181,53.388451091370335,8.146635147387997,True,False,True,False,False,0.5524724237968108,0.0,0.0,0.0,0.0,0,0.8650793650793652,1.0274725274725274,False,False,False,False,0.0833632382137797,0.050717884084764825,False,False,False,False,145453.0,137071.63572097447,False,False,False,False,459.7514645909614,False,False,False,False
2025-06-05 14:00:00+00:00,4.375,4.44,4.35,4.44,201.0,,,,,,,,,,,,,,,4.308480218619962,4.308480218619962,4.428255338656071,4.349278019818896,4.365689920613164,4.382834227990489,4.462143701393162,4.687155662160636,4.700072715592239,4.780858256808371,4.780858256808371,4.9041150769954385,5.022620447622837,5.034569829475362,,,,,,,,,,,,,4.315299869173036,4.30171228413164,4.30171228413164,4.30148795743471,4.437189044415393,4.437189044415393,4.219967224454839,4.274386805909486,4.359595948137505,4.3870041170475265,4.3870041170475265,4.393069611684504,4.397298353486111,4.467102213681182,4.467099610162037,4.528496928433947,4.739414341745604,4.739935267069261,4.886157491544091,4.906123072774364,4.907112048262572,4.9157553636993505,4.939789763572463,5.017922594015219,5.017922594015219,5.017922594015219,5.021413508181332,5.040142083568008,5.040486809762015,,,4.462143701393162,4.687155662160636,4.398720217488442,"rgba(38, 166, 154, 1.0)",0.08617330118913127,4.33754600164199,1.1889297142411472,56.29747935666157,8.146635147387997,True,False,True,False,True,3.0188014878965532,0.0,0.0,0.0,0.0,0,0.8807339449541285,1.0195718654434252,False,False,False,False,0.12132341816158973,0.08602065112317728,False,False,False,False,145654.0,137204.6956322772,False,False,False,False,455.739813977148,False,False,False,False
2025-06-05 15:00:00+00:00,4.44,4.44,4.37,4.38,270.0,,,,,,,,,,,,,,,4.312704157057537,4.312704157057537,4.427932846825726,4.349387070655416,4.3657592422220555,4.382864400298375,4.4620202926270816,4.686855448465216,4.699762242250126,4.780502884589026,4.780502884589026,4.903799381101714,5.022300866046447,5.034246569557609,,,,,,,,,,,,,4.319598252135916,4.30474489393581,4.30474489393581,4.304519484094215,4.436843170107165,4.436843170107165,4.220489523121387,4.274703468538891,4.35967986284028,4.387025063562156,4.387025063562156,4.393077329582477,4.397297006690984,4.46697099539321,4.46696848719699,4.5283356740194405,4.739079930811263,4.739600638093272,4.885831811666522,4.905816699036917,4.906809039389035,4.915460691103238,4.939496286927269,5.017604427870706,5.017604427870706,5.017604427870706,5.021094291705152,5.039817162232172,5.04016178912257,,,4.4620202926270816,4.686855448465216,4.3995542478513245,#000000,0.08445522295678089,4.338897815358317,0.4866742778326029,55.28872547437686,8.146635147387997,True,False,True,False,True,0.6579581124308262,0.0,0.0,0.0,0.0,0,0.8803418803418805,1.0164835164835164,False,False,False,False,0.13222863438269178,0.10912464275293453,False,False,False,False,145384.0,137331.506552707,False,False,False,False,452.8601269387426,False,False,False,False
2025-06-05 16:00:00+00:00,4.38,4.44,4.38,4.44,200.0,,,,,,,,,,,,,,,4.316380560790361,4.316380560790361,4.42787330656359,4.349507232196035,4.365849006903818,4.382924305605966,4.4619617089798815,4.686651316611456,4.699550344500234,4.780256045957487,4.780256045957487,4.903576533232613,5.0220731702706845,5.0340160843372415,,,,,,,,,,,,,4.3233791501914265,4.307408520144827,4.307408520144827,4.307181245438131,4.436737348035058,4.436737348035058,4.220925401992484,4.274981651844548,4.359780836478988,4.387077929191716,4.387077929191716,4.393120051095699,4.397332805100466,4.466906266292752,4.4669038061203645,4.528237602953534,4.738849490787711,4.7393700218757795,4.885602340693668,4.90560038248155,4.906595075733441,4.915252438216215,4.939288436865683,5.017377807609325,5.017377807609325,5.017377807609325,5.020866873240721,5.039585415463196,5.039929966805728,,,4.4619617089798815,4.686651316611456,4.400330990207732,"rgba(38, 166, 154, 1.0)",0.08300721774757348,4.340184777857882,1.2024884684806378,56.76679160898941,8.146635147387997,True,False,True,False,True,2.8846968237398904,0.0,0.0,0.0,0.0,0,0.9578947368421055,1.0105263157894737,False,False,False,False,0.13769283065818605,0.1234087367055603,False,False,False,False,145584.0,137459.45218754874,False,False,False,False,448.93981489318065,False,False,False,False
2025-06-05 17:00:00+00:00,4.44,4.44,4.36,4.4,445.0,,,,,,,,,,,,,,,4.322303937174998,4.322303937174998,4.42741547320242,4.349697690188599,4.36597429703645,4.382985375511013,4.461770095692117,4.68616425925006,4.699046373206193,4.7796776178381775,4.7796776178381775,4.903060955913144,5.021550355534157,5.033487190878966,,,,,,,,,,,,,4.329302756543896,4.3119368428765075,4.3119368428765075,4.311709237740262,4.436230869322758,4.436230869322758,4.221791681614105,4.275511966268215,4.359930079551709,4.387123860111559,4.387123860111559,4.393144256540403,4.397342130004265,4.466701745709,4.466699433445911,4.527979827866062,4.7383058676069,4.73882603428236,4.8850706811005855,4.905099973977858,4.906100141095339,4.914771016221161,4.938808778097801,5.016857332845828,5.016857332845828,5.016857332845828,5.020344662038417,5.039053775632577,5.0393981627595625,,,4.461770095692117,4.68616425925006,4.401534307933693,"rgba(38, 166, 154, 0.5)",0.07986193040443482,4.342035284692583,0.7258115977647109,55.88415965727418,8.146635147387997,True,False,True,False,True,1.3294140291814713,0.0,0.0,0.0,0.0,0,0.9529801324503313,0.9503311258278145,False,False,False,False,0.12677227724054949,0.1250905069730549,False,False,False,False,145139.0,137578.51494433093,False,False,False,False,448.878732491736,False,False,False,False
2025-06-05 18:00:00+00:00,4.4,4.405,4.37,4.37,0.0,,,,,,,,,,,,,,,4.322303937174998,4.322303937174998,4.42741547320242,4.349697690188599,4.36597429703645,4.382985375511013,4.461770095692117,4.68616425925006,4.699046373206193,4.7796776178381775,4.7796776178381775,4.903060955913144,5.021550355534157,5.033487190878966,,,,,,,,,,,,,4.329302756543896,4.3119368428765075,4.3119368428765075,4.311709237740262,4.436230869322758,4.436230869322758,4.221791681614105,4.275511966268215,4.359930079551709,4.387123860111559,4.387123860111559,4.393144256540403,4.397342130004265,4.466701745709,4.466699433445911,4.527979827866062,4.7383058676069,4.73882603428236,4.8850706811005855,4.905099973977858,4.906100141095339,4.914771016221161,4.938808778097801,5.016857332845828,5.016857332845828,5.016857332845828,5.020344662038417,5.039053775632577,5.0393981627595625,,,4.461770095692117,4.68616425925006,4.401534307933693,#000000,0.07811114742049437,4.342035284692583,0.3580118360939543,53.97228106778356,8.146635147387997,True,False,True,False,False,0.18047368578534417,0.0,0.0,0.0,0.0,0,0.9445910290237469,0.9551451187335095,False,False,False,False,0.11316344897645342,0.11912697797475416,False,False,False,False,145139.0,137695.73176689944,False,False,False,False,441.91937229806564,False,False,False,False
2025-06-05 19:00:00+00:00,4.37,4.4,4.345,4.365,716.0,,,,,,,,,,,,,,,4.32718395732114,4.32718395732114,4.4259371403912535,4.349820163281125,4.365997920969522,4.38291107968015,4.461315734882273,4.6853022612315804,4.698158047873102,4.778677371725136,4.778677371725136,4.902184271335316,5.020670481572089,5.032597844482224,,,,,,,,,,,,,4.333805109188298,4.316172525046698,4.316172525046698,4.315951582299926,4.434793598836151,4.434793598836151,4.222936357262283,4.27615249032714,4.35998984565394,4.387026484315641,4.387026484315641,4.3930139780973105,4.397189183769662,4.466228456329351,4.466226478678252,4.5274705229917656,4.7373575950884295,4.737877241328095,4.884164931092804,4.904249200036423,4.905258738857232,4.913953266371345,4.937995929774986,5.015981096057838,5.015981096057838,5.015981096057838,5.019465726662709,5.038160156322873,5.03850428856774,,,4.461315734882273,4.6853022612315804,4.4023503793578485,#000000,0.07663990915750434,4.343143171362433,0.28518860314211314,52.470872331564145,7.44167989663606,False,False,False,False,False,0.0,0.0,0.0,0.0,0.0,0,0.9422193040052529,0.9573210768220618,False,False,False,False,0.09688732788710029,0.10800715293092722,False,False,False,False,144423.0,137800.03049919556,False,False,False,False,446.16868435545996,False,False,False,False
2025-06-06 14:00:00+00:00,4.365,4.535,4.365,4.535,0.0,,,,,,,,,,,,,,,4.32718395732114,4.32718395732114,4.4259371403912535,4.349820163281125,4.365997920969522,4.38291107968015,4.461315734882273,4.6853022612315804,4.698158047873102,4.778677371725136,4.778677371725136,4.902184271335316,5.020670481572089,5.032597844482224,,,,,,,,,,,,,4.333805109188298,4.316172525046698,4.316172525046698,4.315951582299926,4.434793598836151,4.434793598836151,4.222936357262283,4.27615249032714,4.35998984565394,4.387026484315641,4.387026484315641,4.3930139780973105,4.397189183769662,4.466228456329351,4.466226478678252,4.5274705229917656,4.7373575950884295,4.737877241328095,4.884164931092804,4.904249200036423,4.905258738857232,4.913953266371345,4.937995929774986,5.015981096057838,5.015981096057838,5.015981096057838,5.019465726662709,5.038160156322873,5.03850428856774,,,4.461315734882273,4.6853022612315804,4.4023503793578485,"rgba(0, 255, 0, 1.0)",0.07847349928533158,4.343143171362433,2.444861391231846,57.22517734391224,7.44167989663606,True,False,True,False,True,6.092800605891156,0.0,0.0,0.0,0.0,0,0.9496124031007753,0.939922480620155,False,False,False,False,0.18173054488649998,0.1448688489087136,False,False,False,False,144423.0,137902.71219688246,False,False,False,False,439.25134041196446,False,False,False,False
2025-06-06 15:00:00+00:00,4.52,4.54,4.515,4.535,525.0,,,,,,,,,,,,,,,4.341337675572689,4.341337675572689,4.4278653866516064,4.3506136340759625,4.366700574792375,4.383525574202721,4.46156417941298,4.684992412150685,4.697825832267121,4.778232975471602,4.778232975471602,4.90173599337437,5.02018510493174,5.032104354119876,,,,,,,,,,,,,4.3485260349673664,4.327029335912315,4.327029335912315,4.326795490366368,4.4362847936990955,4.4362847936990955,4.22466550466588,4.277408012787298,4.360726500664395,4.387620153015491,4.387620153015491,4.393577048949295,4.397731694728867,4.466456495728242,4.466454369927692,4.527476488230264,4.736966869693275,4.737485873882784,4.8837088587516835,4.903813406881995,4.904827383363445,4.913531129409666,4.937568868189117,5.015498873541848,5.015498873541848,5.015498873541848,5.018981161961877,5.037662976732922,5.038006886297837,,,4.46156417941298,4.684992412150685,4.405897966038732,"rgba(0, 255, 0, 1.0)",0.08100022244432968,4.348831661215142,2.2983682410601918,60.39471401881097,5.018434643784474,True,False,True,False,True,6.092800605891156,0.0,0.0,0.0,0.0,0,0.9804049640757674,0.9353363814500328,False,False,False,False,0.2655583768652642,0.2052136128869889,False,False,False,False,144423.0,138003.80193026413,False,False,False,False,440.5807769947247,False,False,False,False
2025-06-06 16:00:00+00:00,4.535,4.555,4.52,4.53,37.0,,,,,,,,,,,,,,,4.342285493827161,4.342285493827161,4.42800511103278,4.350670842662239,4.366751377399231,4.383570159528204,4.461582895362213,4.684971324748482,4.697803164557748,4.778202345661779,4.778202345661779,4.9017048655716655,5.02015128221071,5.032069957323943,,,,,,,,,,,,,4.349506918775471,4.327770871478591,4.327770871478591,4.327536217948718,4.436393640481583,4.436393640481583,4.224788617624668,4.277497771164518,4.360779702970298,4.387663269367111,4.387663269367111,4.393618005494633,4.397771200701091,4.466473765327015,4.466471628309993,4.527477738454537,4.736940052299021,4.73745901071135,4.88367721454826,4.903783142416755,4.90479742550096,4.913501801211328,4.937539173057901,5.015465274063609,5.015465274063609,5.015465274063609,5.018947396704427,5.03762831884793,5.037972212648233,,,4.461582895362213,4.684971324748482,4.406140119694829,"rgba(0, 255, 0, 1.0)",0.08280134698818567,4.356579037837112,2.0944219927682135,62.22836781812838,6.7392124578273,True,False,True,False,True,5.891206530370123,0.0,0.0,0.0,0.0,0,0.9808454425363277,0.9405548216644651,False,False,False,False,0.27741931359272437,0.24131646323985662,False,False,False,False,144386.0,138102.75073754686,False,False,False,False,434.32371068472895,False,False,False,False
2025-06-06 17:00:00+00:00,4.53,4.53,4.53,4.53,0.0,,,,,,,,,,,,,,,4.342285493827161,4.342285493827161,4.42800511103278,4.350670842662239,4.366751377399231,4.383570159528204,4.461582895362213,4.684971324748482,4.697803164557748,4.778202345661779,4.778202345661779,4.9017048655716655,5.02015128221071,5.032069957323943,,,,,,,,,,,,,4.349506918775471,4.327770871478591,4.327770871478591,4.327536217948718,4.436393640481583,4.436393640481583,4.224788617624668,4.277497771164518,4.360779702970298,4.387663269367111,4.387663269367111,4.393618005494633,4.397771200701091,4.466473765327015,4.466471628309993,4.527477738454537,4.736940052299021,4.73745901071135,4.88367721454826,4.903783142416755,4.90479742550096,4.913501801211328,4.937539173057901,5.015465274063609,5.015465274063609,5.015465274063609,5.018947396704427,5.03762831884793,5.037972212648233,,,4.461582895362213,4.684971324748482,4.406140119694829,"rgba(0, 255, 0, 1.0)",0.0858362677710287,4.356579037837112,2.0203693225047337,63.45080368433999,7.986730321254058,True,False,True,False,True,5.891206530370123,0.0,0.0,0.0,0.0,0,0.9794293297942936,0.9416058394160587,False,False,False,False,0.2628984002799363,0.25210743175989647,False,False,False,False,144386.0,138200.1654547942,False,False,False,False,427.59000974388044,False,False,False,False
2025-06-06 18:00:00+00:00,4.53,4.53,4.505,4.52,700.0,,,,,,,,,,,,,,,4.357204802259888,4.357204802259888,4.430180197225088,4.35164925707013,4.367612121507104,4.384316450956193,4.461855215923918,4.684529275634726,4.697331720936508,4.777584700251364,4.777584700251364,4.901090234834259,5.019490328269957,5.031398313367927,,,,,,,,,,,,,4.364787302818723,4.339813276759653,4.339813276759653,4.339568468468468,4.438068027012299,4.438068027012299,4.226975356596818,4.279075040854258,4.36168444079847,4.388382518301841,4.388382518301841,4.394297594860177,4.398424092856053,4.466719788461626,4.466717494954421,4.527449079794886,4.736392271693495,4.736910401033873,4.883051055918463,4.903185671527223,4.904206065203236,4.91292340391721,4.93695497104315,5.014808472796576,5.014808472796576,5.014808472796576,5.018287511902593,5.036951816257614,5.037295416980651,,,4.461855215923918,4.684529275634726,4.410004405935397,"rgba(0, 255, 255, 0.75)",0.08822636732795233,4.361691718554729,1.7943420571404904,63.58899946320054,8.345721934969681,True,False,True,False,True,5.474594213720252,0.0,0.0,0.0,0.0,0,0.9745478901540523,0.9504353650368387,False,False,False,False,0.24072069409806582,0.24641406292898116,False,False,False,False,143686.0,138285.21715316945,False,False,False,False,431.81342044552565,False,False,False,False
2025-06-06 19:00:00+00:00,4.53,4.545,4.525,4.53,26.0,,,,,,,,,,,,,,,4.357757462386355,4.357757462386355,4.430272374209513,4.35168862884338,4.367647066774805,4.384347095889689,4.461867953366278,4.6845143796521125,4.697315721273924,4.777563139757925,4.777563139757925,4.90106833682205,5.019466545873956,5.031374128773453,,,,,,,,,,,,,4.365352018900344,4.340266444504489,4.340266444504489,4.340021271496195,4.438140277696751,4.438140277696751,4.2270601002202275,4.279136875253327,4.361721043911882,4.388412146846019,4.388412146846019,4.394325729451228,4.398451223505325,4.466731524145097,4.466729223094981,4.527449764678145,4.736373374376589,4.736891471759286,4.88302879475616,4.903164378981497,4.904184987730104,4.912902768630325,4.936934079861982,5.014784846797715,5.014784846797715,5.014784846797715,5.018263769764238,5.036927448739951,5.0372710384181065,,,4.461867953366278,4.6845143796521125,4.410151386301347,"rgba(0, 255, 255, 0.75)",0.09076213839349898,4.361937442960622,1.851681328956171,64.08464167992403,9.142840365457317,True,False,True,False,True,5.838066949208827,0.0,0.0,0.0,0.0,0,0.9627842866988284,0.9786354238456239,False,False,False,False,0.26484693028997486,0.255630496609478,False,False,False,False,143712.0,138369.35332133737,False,False,False,False,425.52173950838574,False,False,False,False
2025-06-09 14:00:00+00:00,4.49,4.55,4.49,4.515,625.0,,,,,,,,,,,,,,,4.369019937904464,4.369019937904464,4.432124199499792,4.352552223254065,4.368407033824223,4.3850061915443455,4.462108800593289,4.6841217438859575,4.6968969557665154,4.777014240381242,4.777014240381242,4.900521286189421,5.018877934678164,5.030775986161197,,,,,,,,,,,,,4.376754919499106,4.349755854934061,4.349755854934061,4.349505148498,4.439576111763639,4.439576111763639,4.2289841080273645,4.280527099703971,4.3625197536807825,4.389047401114032,4.389047401114032,4.394926020302785,4.399027970215734,4.46694913576915,4.466946697683828,4.527424329001623,4.735886686547256,4.736404045269905,4.882471604914127,4.902632545856318,4.903658573321436,4.912387826268536,4.936413898001796,5.014199938420557,5.014199938420557,5.014199938420557,5.017676111878052,5.0363249737135485,5.0366683020321945,,,4.462108800593289,4.6841217438859575,4.413183237687317,"rgba(0, 255, 255, 0.75)",0.09302266506723574,4.366413054987796,1.597319802704067,63.254385636083285,9.142840365457317,True,False,True,False,True,5.1963432819230135,0.0,0.0,0.0,0.0,0,0.9264497878359268,1.009193776520509,False,False,False,False,0.24414989907819823,0.24989019784383812,False,False,False,False,143087.0,138442.4951303089,False,False,False,False,428.61442571755805,False,False,False,False
2025-06-09 15:00:00+00:00,4.52,4.55,4.52,4.525,332.0,,,,,,,,,,,,,,,4.374862057773451,4.374862057773451,4.433223860069432,4.3530439378404,4.368843244243786,4.385388422680494,4.462266047028916,4.683930642603632,4.696691854233647,4.776738589473726,4.776738589473726,4.9002414441095405,5.018574140225806,5.030467072078711,,,,,,,,,,,,,4.382654965393294,4.354763681592041,4.354763681592041,4.354510331319485,4.440443731850129,4.440443731850129,4.230042460944355,4.281300073238338,4.362976747529494,4.38941686954441,4.38941686954441,4.395276734855741,4.3993660744448855,4.4670937880797394,4.467091258121016,4.5274306072506345,4.735644831042631,4.736161784465577,4.882187129803546,4.902360414484728,4.903389181544866,4.912124072126518,4.936146898425409,5.013898134681714,5.013898134681714,5.013898134681714,5.01737282985296,5.036013731117783,5.036356918840552,,,4.462266047028916,4.683930642603632,4.414804149255894,"rgba(0, 255, 255, 0.75)",0.09557634559781387,4.3689174229301555,1.6330670114406942,63.194814087782106,9.142840365457317,True,False,True,False,True,5.571276554240722,0.0,0.0,0.0,0.0,0,0.9134823359769287,1.012977649603461,False,False,False,False,0.26484693028997486,0.2573685640669065,False,False,False,False,143419.0,138519.65024456766,False,False,False,False,427.1165276444176,False,False,False,False
2025-06-09 16:00:00+00:00,4.525,4.545,4.515,4.525,823.0,,,,,,,,,,,,,,,4.387409927809791,4.387409927809791,4.435759003756962,4.354228763376834,4.369892655367233,4.386306008371683,4.462634223302615,4.6834486524667795,4.696175388178396,4.7760486796591515,4.7760486796591515,4.899543309475261,5.017817546116507,5.029697840039318,,,,,,,,,,,,,4.395222396925228,4.365851768480428,4.365851768480428,4.365594813781704,4.442449531362654,4.442449531362654,4.232605744834138,4.283170607538257,4.364076843483746,4.3903032793452175,4.3903032793452175,4.396117358962745,4.400175889684917,4.46743122879843,4.467428486997637,4.52743390684633,4.735037997344328,4.7355539564084275,4.881477238194135,4.901681491659707,4.902717088207037,4.9114661063142115,4.93548110347382,5.01314645386403,5.01314645386403,5.01314645386403,5.016617500511404,5.035238751488492,5.035581592216019,,,4.462634223302615,4.6834486524667795,4.418389239466793,"rgba(0, 255, 255, 0.75)",0.09803005606387677,4.374226004364898,1.5380384515628296,63.15509972224799,9.304318012211198,True,False,True,False,True,5.571276554240722,0.0,0.0,0.0,0.0,0,0.9245003700962251,0.9925980754996301,False,False,False,False,0.2579240748989724,0.2576463194829395,False,False,False,False,143419.0,138595.6091555046,False,False,False,False,433.2542558979925,False,False,False,False
2025-06-09 17:00:00+00:00,4.525,4.55,4.525,4.55,405.0,,,,,,,,,,,,,,,4.393376309171364,4.393376309171364,4.437130206834818,4.354850160440064,4.3704470521045025,4.386795228653994,4.462850365998596,4.683232852790548,4.69594249340002,4.775728777002656,4.775728777002656,4.899213022780981,5.01745619985235,5.029330207928402,,,,,,,,,,,,,4.401186190715603,4.371210365241823,4.371210365241823,4.370951969548996,4.4435514300600545,4.4435514300600545,4.23390718251575,4.284130238171623,4.364656356003901,4.390777079597684,4.390777079597684,4.396568469144116,4.400611752565816,4.467631978989307,4.467629110644025,4.52745946141649,4.734759854148532,4.735275308576255,4.8811420939884735,4.901360195766479,4.90239898072471,4.91115438676824,4.93516496534592,5.012787553567407,5.012787553567407,5.012787553567407,5.0162567837707135,5.034868258878352,5.035210926758407,,,4.462850365998596,4.683232852790548,4.4201524575232005,"rgba(0, 255, 255, 0.75)",0.10131264606280502,4.376884156951772,1.7087288682689332,64.46768994415548,10.900262078201763,True,False,True,False,True,6.528630822232419,0.0,0.0,0.0,0.0,0,0.9355322338830588,0.9872563718140933,False,False,False,False,0.2683176446622761,0.2629819820726078,False,False,False,False,143824.0,138676.66947867506,False,False,False,False,432.8162054189538,False,False,False,False
2025-06-09 18:00:00+00:00,4.55,4.55,4.53,4.53,700.0,,,,,,,,,,,,,,,4.402355205442666,4.402355205442666,4.439308860469236,4.355886033880279,4.37136914054761,4.3876065034992076,4.463197648107823,4.682848291527348,4.695528617953775,4.775166145535638,4.775166145535638,4.898635629037923,5.0168263925016365,5.028689597160644,,,,,,,,,,,,,4.410095193361516,4.379490277380613,4.379490277380613,4.379231199295792,4.445305154213864,4.445305154213864,4.236094796204159,4.285740288719886,4.365621072394796,4.391562131648269,4.391562131648269,4.3973149656446315,4.401332316980901,4.467953145249727,4.467950076932444,4.527487945657122,4.734268595114513,4.734783189678052,4.880555879700197,4.90079851897812,4.9018428824742895,4.910609575470395,4.934612821071112,5.012161948918178,5.012161948918178,5.012161948918178,5.0156280581369135,5.034222732486435,5.034565103405227,,,4.463197648107823,4.682848291527348,4.422879665351882,"rgba(38, 166, 154, 1.0)",0.10387427431688674,4.380869539352814,1.4356823345137208,63.34822583075194,10.900262078201763,True,False,True,False,True,5.62113152348055,0.0,0.0,0.0,0.0,0,0.9475285171102666,0.9756653992395442,False,False,False,False,0.2717946840096302,0.267388333041119,False,False,False,False,143124.0,138745.6203394708,False,False,False,False,436.958589831063,False,False,False,False
2025-06-09 19:00:00+00:00,4.53,4.55,4.52,4.53,1355.0,,,,,,,,,,,,,,,4.416523763904413,4.416523763904413,4.443130649548035,4.357821656375701,4.3730898672311955,4.389117637305171,4.463830603713349,4.682092751504476,4.694716871719669,4.774069425618192,4.774069425618192,4.897512924731867,5.015603510979126,5.027445910506985,,,,,,,,,,,,,4.424010833333334,4.393076755958202,4.393076755958202,4.392820187426787,4.448401519478047,4.448401519478047,4.240194825907111,4.288758629479681,4.3674222717161,4.393023645949833,4.393023645949833,4.398703566970799,4.402671831664504,4.468536666227551,4.468533241179569,4.527522742382839,4.7333086230402115,4.733821572841066,4.879415842407852,4.899706266456959,4.900761443967016,4.909550107250555,4.933539447060107,5.010947159837364,5.010947159837364,5.010947159837364,5.014407259553451,5.03296957952824,5.0333113786124875,,,4.463830603713349,4.682092751504476,4.427401048170674,"rgba(38, 166, 154, 1.0)",0.10629395752064366,4.3873069911993925,1.3424376336057948,62.60191642181625,10.900262078201763,True,False,True,False,False,5.62113152348055,0.0,0.0,0.0,0.0,0,0.9414893617021277,0.9665653495440729,False,False,False,False,0.26484693028997486,0.2661176316655469,False,False,False,False,143124.0,138813.5021946728,False,False,False,False,451.1917899887209,False,False,False,False
2025-06-10 14:00:00+00:00,4.53,4.55,4.53,4.55,18.0,,,,,,,,,,,,,,,4.416705729166668,4.416705729166668,4.443184725470207,4.3578485341189275,4.37311389067457,4.389138877836272,4.463840133811931,4.682083437437453,4.6947068078489815,4.774055525993152,4.774055525993152,4.897498465274376,5.015587643670121,5.0274297647502095,,,,,,,,,,,,,4.424189549009819,4.393252826421892,4.393252826421892,4.392996294851795,4.448445857118146,4.448445857118146,4.240250362167645,4.288799849477067,4.367447365223273,4.393044227389946,4.393044227389946,4.398723178525241,4.402690790869492,4.468545533177906,4.468542102699786,4.527523992561354,4.7332965669856115,4.733809494454184,4.879401184522539,4.8996921953705606,4.9007475105361005,4.909536446211972,4.933525582184958,5.010931400908302,5.010931400908302,5.010931400908302,5.014391420136954,5.03295330701703,5.033295098439166,,,4.463840133811931,4.682083437437453,4.427460908238201,"rgba(38, 166, 154, 1.0)",0.10907006591762149,4.387393419113428,1.490845169282153,63.41920274445171,10.900262078201763,True,False,True,False,False,6.416020869952323,0.0,0.0,0.0,0.0,0,0.9539170506912441,0.9646697388632872,False,False,False,False,0.262536568429408,0.26432710004747745,False,False,False,False,143142.0,138880.61068777865,False,False,False,False,444.47563820595,False,False,False,False
2025-06-10 15:00:00+00:00,4.55,4.685,4.55,4.685,0.0,,,,,,,,,,,,,,,4.416705729166668,4.416705729166668,4.443184725470207,4.3578485341189275,4.37311389067457,4.389138877836272,4.463840133811931,4.682083437437453,4.6947068078489815,4.774055525993152,4.774055525993152,4.897498465274376,5.015587643670121,5.0274297647502095,,,,,,,,,,,,,4.424189549009819,4.393252826421892,4.393252826421892,4.392996294851795,4.448445857118146,4.448445857118146,4.240250362167645,4.288799849477067,4.367447365223273,4.393044227389946,4.393044227389946,4.398723178525241,4.402690790869492,4.468545533177906,4.468542102699786,4.527523992561354,4.7332965669856115,4.733809494454184,4.879401184522539,4.8996921953705606,4.9007475105361005,4.909536446211972,4.933525582184958,5.010931400908302,5.010931400908302,5.010931400908302,5.014391420136954,5.03295330701703,5.033295098439166,,,4.463840133811931,4.682083437437453,4.427460908238201,"rgba(0, 255, 0, 1.0)",0.11612020022759148,4.387393419113428,2.562918254560993,69.03231246052533,15.70888235386181,True,False,True,False,True,11.432428087462043,0.0,0.0,0.0,0.0,0,0.9474485910129474,0.9527798933739527,False,False,False,False,0.3428280942732501,0.3035775971603638,False,False,False,False,143142.0,138946.67873913093,False,False,False,False,437.58454303996626,False,False,False,False
2025-06-10 16:00:00+00:00,4.685,4.685,4.61,4.61,518.0,,,,,,,,,,,,,,,4.42536262951054,4.42536262951054,4.44611813100299,4.358999305305064,4.374173082128321,4.390109535133049,4.464428542353835,4.681992662867827,4.694592799295184,4.77381487878676,4.77381487878676,4.897190428509077,5.015220018709661,5.027053481739813,,,,,,,,,,,,,4.432900446713465,4.40113903058547,4.40113903058547,4.400879449125896,4.450919999317255,4.450919999317255,4.242320650541498,4.290405526804314,4.3685412095573355,4.393993900359917,4.393993900359917,4.3996415984431785,4.403588399981102,4.469111467002723,4.469107676969093,4.527768001414225,4.733117378013009,4.733629522449911,4.879094818059352,4.899391775873496,4.900449721371343,4.909242046906024,4.9332206404641346,5.010567163769659,5.010567163769659,5.010567163769659,5.014024666152846,5.032573069265783,5.03291462043521,,,4.464428542353835,4.681992662867827,4.430300384167419,"rgba(0, 255, 255, 0.75)",0.11954964289830472,4.3918848568952775,1.8244733971331317,67.05478741993818,15.70888235386181,True,False,True,False,False,7.991275245124136,0.0,0.0,0.0,0.0,0,0.9436954797779542,0.9722442505947663,False,False,False,False,0.34282810402809893,0.3232028505942314,False,False,False,False,142624.0,139003.6914718576,False,False,False,False,438.8312943106644,False,False,False,False
2025-06-10 17:00:00+00:00,4.61,4.61,4.59,4.59,10.0,,,,,,,,,,,,,,,4.425493676050593,4.425493676050593,4.446162564193376,4.359018354506472,4.374190452768714,4.390125276897128,4.46443731791969,4.68198948722624,4.694589189634171,4.773808960648908,4.773808960648908,4.897183620580295,5.015212213882808,5.02704551512482,,,,,,,,,,,,,4.433030979329401,4.4012620890763,4.4012620890763,4.401002492877493,4.450957305211427,4.450957305211427,4.242356523147632,4.290432945972401,4.368559213018501,4.394009256102335,4.394009256102335,4.39965638201286,4.4036028009616635,4.4691198386341675,4.4691160433583015,4.527771021060505,4.733112576217181,4.733624706698633,4.879087983576935,4.8993851430850155,4.900443149877928,4.909235576183274,4.933214003771698,5.010559422116903,5.010559422116903,5.010559422116903,5.014016877574144,5.0325650288484285,5.032906575543048,,,4.46443731791969,4.68198948722624,4.430344221456001,"rgba(0, 255, 255, 0.75)",0.12235736317982426,4.391951353306098,1.6186083252124104,64.46871232556933,18.362614847807862,True,False,True,False,False,7.101822857305443,0.0,0.0,0.0,0.0,0,0.954106280193237,0.9677938808373595,False,False,False,False,0.27292565417926623,0.29806425238674883,False,False,False,False,142614.0,139059.66524748772,False,False,False,False,432.18274711204947,False,False,False,False
2025-06-10 18:00:00+00:00,4.59,4.59,4.56,4.57,100.0,,,,,,,,,,,,,,,4.426616054256504,4.426616054256504,4.446536793988973,4.359189991857873,4.374345807394465,4.390264793830659,4.464509535399356,4.681949062895671,4.694544509910121,4.773742008453805,4.773742008453805,4.897110273623054,5.015129831430131,5.026961546908298,,,,,,,,,,,,,4.434140439664716,4.4023382742302,4.4023382742302,4.402078753434924,4.451269744008715,4.451269744008715,4.242691252271293,4.290685996517466,4.368720691522361,4.394145020252111,4.394145020252111,4.399786600986206,4.403729302219272,4.469188190591128,4.469184353001325,4.527790981069036,4.733056368565585,4.7335683664550645,4.879014011870774,4.899313719906455,4.90037240415768,4.909166054379393,4.933143050919643,5.01047765803134,5.01047765803134,5.01047765803134,5.013934654205521,5.032480337879877,5.032821840807674,,,4.464509535399356,4.681949062895671,4.430723009681996,"rgba(38, 166, 154, 1.0)",0.12420039749829248,4.392509802765213,1.4290630369136095,61.48953719041649,15.71278262708691,True,False,True,False,False,6.21365864972994,0.0,0.0,0.0,0.0,0,0.9516129032258064,0.9564516129032259,False,False,False,False,0.23719284275721617,0.2676285475719825,False,False,False,False,142514.0,139113.22082504604,False,False,False,False,427.0326270017851,False,False,False,False
2025-06-10 19:00:00+00:00,4.57,4.595,4.57,4.595,41.0,,,,,,,,,,,,,,,4.427112692045714,4.427112692045714,4.446705659896735,4.359264660357923,4.37441369602346,4.390326096058834,4.464542741276051,4.681934531116311,4.694528214763774,4.773716396413236,4.773716396413236,4.897081448971443,5.015097082612505,5.026928140558144,,,,,,,,,,,,,4.434633351724863,4.402809731752963,4.402809731752963,4.402550198301459,4.451411325631021,4.451411325631021,4.242833821943657,4.290794504502087,4.368791133569304,4.394204761616438,4.394204761616438,4.399844031860724,4.403785186344195,4.469219773518595,4.469215916264218,4.527801554034226,4.733035257661605,4.733547199583893,4.878985016244092,4.899285642838583,4.900344589456086,4.909138690099245,4.933115046038925,5.010445165818352,5.010445165818352,5.010445165818352,5.01390197139304,5.032446631691212,5.032788116448631,,,4.464542741276051,4.681934531116311,4.430890483745948,"rgba(0, 255, 255, 0.75)",0.1259474722483977,4.392760409153641,1.6057455321333922,60.71856764433726,15.060759683385186,True,False,True,False,False,7.1498725243786865,0.0,0.0,0.0,0.0,0,0.9546558704453443,0.9554655870445347,False,False,False,False,0.24784650997724766,0.2577375287746151,False,False,False,False,142555.0,139166.58174248718,False,False,False,False,421.0476250327652,False,False,False,False
2025-06-11 14:00:00+00:00,4.665,4.67,4.65,4.65,400.0,,,,,,,,,,,,,,,4.433857831974339,4.433857831974339,4.449145435706745,4.360214022739001,4.375291436997418,4.3911346772214515,4.4650509048028395,4.681896990181869,4.694472501195593,4.773560263490194,4.773560263490194,4.896863865741422,5.014830003825028,5.026654267886393,,,,,,,,,,,,,4.44141972950256,4.408990058835464,4.408990058835464,4.408728195465872,4.453484140809749,4.453484140809749,4.244500486642502,4.292098431592671,4.369696025503003,4.394996943995896,4.394996943995896,4.400611732205399,4.404536613328974,4.469710128814684,4.469705961165176,4.52802693233177,4.732927963368181,4.733439277011741,4.878770102219932,4.899073260706548,4.9001339844214264,4.908929863813635,4.9328972209308795,5.010180748480585,5.010180748480585,5.010180748480585,5.013635576684072,5.0321696533593805,5.032510949236812,,,4.4650509048028395,4.681896990181869,4.433155926265137,"rgba(0, 255, 255, 0.75)",0.12893349776858617,4.396310766276249,1.9675975453569121,62.499837792286094,15.060759683385186,True,False,True,False,False,9.161508255124062,0.0,0.0,0.0,0.0,0,0.9580645161290323,0.953225806451613,False,False,False,False,0.3428281077505559,0.3002828182625855,False,False,False,False,142955.0,139225.31690927033,False,False,False,False,420.7213052648154,False,False,False,False
2025-06-11 15:00:00+00:00,4.65,4.715,4.65,4.715,310.0,,,,,,,,,,,,,,,4.439635136105726,4.439635136105726,4.451324868760735,4.361036107396085,4.376056097163732,4.391844026138249,4.465517894065374,4.681910143206937,4.694471203547186,4.77347741259191,4.77347741259191,4.89672120942172,5.0146444533809,5.026463302093868,,,,,,,,,,,,,4.447248886566645,4.414255675029868,4.414255675029868,4.413991429537274,4.455346743822908,4.455346743822908,4.245897035698752,4.293203594942557,4.370482519748414,4.395693173035423,4.395693173035423,4.401288297893491,4.405200149713911,4.470162579870381,4.470158125539461,4.5282506909907045,4.732884898093791,4.733395692305528,4.878631279114975,4.898933778450391,4.899995559154301,4.908791750015157,4.932751019433217,5.0099973233338115,5.0099973233338115,5.0099973233338115,5.013450572314042,5.0319762091118125,5.032317353994286,,,4.465517894065374,4.681910143206937,4.4351162042707095,"rgba(0, 255, 0, 1.0)",0.133784753841219,4.3993958848132015,2.359043957739532,65.7595584522225,11.136177774735543,True,False,True,False,True,11.434231563472792,0.0,0.0,0.0,0.0,0,0.958603896103896,0.9537337662337663,False,False,False,False,0.3428281140064008,0.32155546613449315,False,False,False,False,143265.0,139287.94765486303,False,False,False,False,419.00469588086474,False,False,False,False
2025-06-11 16:00:00+00:00,4.715,4.75,4.715,4.75,163.0,,,,,,,,,,,,,,,4.443091603956648,4.443091603956648,4.452665491746903,4.3615250558519305,4.37651350374387,4.392271143714237,4.465811025490598,4.681944243606231,4.694497459325327,4.773458339576147,4.773458339576147,4.896662858292311,5.014560627520762,5.026376530710283,,,,,,,,,,,,,4.450747910521142,4.417380839693151,4.417380839693151,4.417114892276182,4.456497555012224,4.456497555012224,4.246701371839707,4.293847336823115,4.370951959663658,4.396113103607297,4.396113103607297,4.401697409280124,4.405602118141147,4.4704475703046915,4.47044293501868,4.528400107047384,4.732888012249567,4.733398512134158,4.878576074904123,4.8988765491746165,4.899938681050813,4.9087343524591605,4.932688652726532,5.00991465588859,5.00991465588859,5.00991465588859,5.013367043975023,5.03188808781239,5.032229150292394,,,4.465811025490598,4.681944243606231,4.436293909557342,"rgba(0, 255, 0, 1.0)",0.1398915925195395,4.40126297361398,2.492909117017237,68.85563411482993,13.979182071183637,True,False,True,False,True,12.617432620593448,0.0,0.0,0.0,0.0,0,0.9732142857142856,0.935064935064935,False,False,False,False,0.3428281261630209,0.33219179614875705,False,False,False,False,143428.0,139352.13451292715,False,False,False,False,415.03563082844823,False,False,False,False
2025-06-11 17:00:00+00:00,4.75,4.81,4.735,4.785,500.0,,,,,,,,,,,,,,,4.454526372320491,4.454526372320491,4.457242296681356,4.363168803469566,4.378057304526751,4.393719179286272,4.4668322131188845,4.682119523716112,4.694648061055039,4.773463671768956,4.773463671768956,4.896527405898989,5.014339449734628,5.026146065604438,,,,,,,,,,,,,4.462338193456615,4.427703365320155,4.427703365320155,4.427431424308503,4.460442273257438,4.460442273257438,4.24934345700431,4.295979742661131,4.372533989466517,4.3975384085274065,4.3975384085274065,4.403088378948514,4.406970481437502,4.471442563469372,4.471437297051567,4.528940564200359,4.7329646340894165,4.73347417692594,4.878453219659523,4.898743109255386,4.899805784108262,4.90859808079245,4.932535276480713,5.009697136711093,5.009697136711093,5.009697136711093,5.013146805539795,5.031653361733545,5.031994163704387,,,4.4668322131188845,4.682119523716112,4.440228572508374,"rgba(0, 255, 0, 1.0)",0.1466718467553534,4.407489792382522,2.573842328767835,71.75986641040382,16.62608354460403,True,False,True,False,True,13.78022164748409,0.0,0.0,0.0,0.0,0,0.9766881028938911,0.9284565916398716,False,False,False,False,0.34282813447086513,0.3375099653098111,False,False,False,False,143928.0,139423.07816388953,False,False,False,False,416.35290786986764,False,False,False,False
2025-06-11 18:00:00+00:00,4.785,4.835,4.78,4.8,200.0,,,,,,,,,,,,,,,4.459266986789306,4.459266986789306,4.459196211184776,4.363867466799495,4.378715151515153,4.394337972366411,4.467275994129601,4.682210410633997,4.694728904077969,4.7734846230076275,4.7734846230076275,4.896486097884972,5.014261626786674,5.026064454662656,,,,,,,,,,,,,4.467144109396916,4.431990096385086,4.431990096385086,4.431715647339157,4.462132027201543,4.462132027201543,4.250449318194633,4.296877406460335,4.373207476160074,4.398147929303886,4.398147929303886,4.4036838609150015,4.407556737144693,4.471875530027694,4.471869989622521,4.529180739103831,4.733015029616149,4.733524174006237,4.878417816593323,4.89870218421189,4.899764918489276,4.908555340106238,4.932485147152759,5.009620807736175,5.009620807736175,5.009620807736175,5.013069366082999,5.031570011534877,5.031910707052885,,,4.467275994129601,4.682210410633997,4.441878680177276,"rgba(0, 255, 0, 1.0)",0.1533523881618745,4.410086711992202,2.542596777796616,74.04327647700663,18.721812193000304,True,False,True,False,True,14.275216626390787,0.0,0.0,0.0,0.0,0,0.9847512038523276,0.9285714285714288,False,False,False,False,0.3428281409046702,0.34016905310724066,False,False,False,False,144128.0,139496.02268848039,False,False,False,False,412.9985992207224,False,False,False,False
2025-06-11 19:00:00+00:00,4.8,4.825,4.74,4.825,728.0,,,,,,,,,,,,,,,4.475099587469383,4.475099587469383,4.46595974195206,4.3663443573597895,4.3810462123069405,4.396529351030243,4.468841950138554,4.682517731281181,4.695000012177398,4.7735405475859825,4.7735405475859825,4.8963223835292595,5.013967577905782,5.025756719736619,,,,,,,,,,,,,4.4831497420158355,4.446472914734602,4.446472914734602,4.4461912026442905,4.467999076527744,4.467999076527744,4.254377813563061,4.300065184250643,4.37559438086832,4.40030613889571,4.40030613889571,4.405791892323374,4.409631762077426,4.473402892615371,4.47339639226724,4.530025150687308,4.733176708256567,4.733684425200797,4.878274642635474,4.898540296844209,4.899603410111413,4.908387565747966,4.9322911028555145,5.009332154744555,5.009332154744555,5.009332154744555,5.012776702377795,5.031255993849766,5.0315963049383585,,,4.468841950138554,4.682517731281181,4.4475048481925565,"rgba(0, 255, 0, 1.0)",0.16028867539366207,4.418793854573262,2.534216122437306,76.13668181198408,20.698619458188077,True,False,True,False,True,15.09891162315446,0.0,0.0,0.0,0.0,0,0.973726114649682,0.9339171974522297,False,False,False,False,0.3147063310939554,0.32743769210059803,False,False,False,False,144856.0,139579.12311191479,False,False,False,False,417.88234186846313,False,False,False,False
2025-06-12 14:00:00+00:00,4.825,4.825,4.82,4.82,100.0,,,,,,,,,,,,,,,4.477319179368943,4.477319179368943,4.466936314883958,4.366702014290914,4.381383521654369,4.396847191694455,4.469072206885901,4.682569034021424,4.695046269414339,4.773556490091302,4.773556490091302,4.896305568193933,5.013931888439555,5.0257191188572445,,,,,,,,,,,,,4.485393358960764,4.448508581556435,4.448508581556435,4.44822585889238,4.4688490346871745,4.4688490346871745,4.2549377062339815,4.300521776174886,4.375939493813219,4.400619355222373,4.400619355222373,4.406098099129944,4.409933365052641,4.473627712362609,4.473621071170522,4.530151561122911,4.733207572396531,4.7337150865894335,4.878261027814253,4.89852354691553,4.899586642886652,4.90836970735354,4.932269397021115,5.009297219631552,5.009297219631552,5.009297219631552,5.0127412065232715,5.031217514922974,5.031557772234554,,,4.469072206885901,4.682569034021424,4.448303954297163,"rgba(0, 255, 0, 1.0)",0.16642523955324715,4.420023066635343,2.4033429931563117,77.05826710698294,21.6709459531735,True,False,True,False,True,14.850184385597924,0.0,0.0,0.0,0.0,0,0.991961414790997,0.9324758842443732,False,False,False,False,0.34282814345547236,0.3351329177780352,False,False,False,False,144756.0,139659.3847690944,False,False,False,False,412.95393346740167,False,False,False,False
2025-06-12 15:00:00+00:00,4.82,4.93,4.82,4.93,344.0,,,,,,,,,,,,,,,4.486287024272048,4.486287024272048,4.47092566906005,4.368121205474301,4.382728165816614,4.398120783682074,4.470022529708613,4.682836006014292,4.695295054861547,4.773692826677514,4.773692826677514,4.896303267029469,5.013854943143147,5.0256352692939394,,,,,,,,,,,,,4.494486888716089,4.4566587660896575,4.4566587660896575,4.456371245167925,4.472329575249082,4.472329575249082,4.2570978212757575,4.302301524963199,4.37731284433402,4.401876064288594,4.401876064288594,4.407329078503809,4.411147521034274,4.474557676122264,4.4745504510187635,4.5306922768414895,4.733399465369798,4.73390621156639,4.878273487677609,4.898519659563725,4.899582018373611,4.908359063162583,4.932243134109944,5.009223006472237,5.009223006472237,5.009223006472237,5.012664962087819,5.0311304882300085,5.0314705504693205,,,4.470022529708613,4.682836006014292,4.451527984095754,"rgba(0, 255, 0, 1.0)",0.17590776145621292,4.425020694074954,2.8707050885344,79.81539203256975,24.40032560034541,True,False,True,False,True,18.360299466520438,0.0,0.0,0.0,0.0,0,0.9880952380952382,0.915079365079365,False,False,False,False,0.3428281515462987,0.33898053466216693,False,False,False,False,145100.0,139743.73539282937,False,False,False,False,411.8848802353489,False,False,False,False
2025-06-12 16:00:00+00:00,4.93,4.93,4.89,4.9,303.0,,,,,,,,,,,,,,,4.494120185310457,4.494120185310457,4.47448720023738,4.369396501867858,4.383937484923508,4.399267239562022,4.470882322359273,4.683085458673859,4.695528390860705,4.773826011503365,4.773826011503365,4.896310329471618,5.013794738851902,5.025568935662015,,,,,,,,,,,,,4.502424001694737,4.463805867141908,4.463805867141908,4.463514301170968,4.475443950114774,4.475443950114774,4.259028028401066,4.30389548969259,4.378547586238754,4.403007580353225,4.403007580353225,4.408437806861984,4.412241358375465,4.475399365712023,4.475391613932524,4.531184677071943,4.733582166077957,4.734088225919544,4.878294146981436,4.898525030679123,4.899586630229833,4.908358008568983,4.93222794761252,5.009165228789771,5.009165228789771,5.009165228789771,5.012605380225884,5.031061333167077,5.031401222096744,,,4.470882322359273,4.683085458673859,4.454376159739096,"rgba(0, 255, 0, 1.0)",0.1833953294030201,4.429404727019415,2.566015582362129,79.22191086127117,24.40032560034541,True,False,True,False,True,16.868345431087224,0.0,0.0,0.0,0.0,0,0.9952418715305315,0.919904837430611,False,False,False,False,0.3428281563150638,0.34090434548861537,False,False,False,False,144797.0,139822.08058053744,False,False,False,False,410.1967425572814,False,False,False,False
2025-06-12 17:00:00+00:00,4.915,4.915,4.88,4.88,300.0,,,,,,,,,,,,,,,4.5013216794477,4.5013216794477,4.477836156377938,4.370618148361845,4.385095142187601,4.400363856822936,4.471701085758021,4.683315361025988,4.6957425327597715,4.773942754771805,4.773942754771805,4.8963071983565625,5.01372686025745,5.025495055423038,,,,,,,,,,,,,4.509706371479058,4.470429782915334,4.470429782915334,4.4701348727728805,4.478378057663839,4.478378057663839,4.260883854187037,4.3054263431291675,4.379729879186798,4.404089690026624,4.404089690026624,4.4094978137201855,4.413286905783088,4.476200624512102,4.476192373868532,4.531651507760756,4.733747034931885,4.734252429994725,4.878303773755444,4.898520556821547,4.899581528946414,4.908347716918442,4.932204116072599,5.009099724973525,5.009099724973525,5.009099724973525,5.012538110830119,5.030984691175207,5.031324410542443,,,4.471701085758021,4.683315361025988,4.457032849992028,"rgba(0, 255, 0, 1.0)",0.18990246429665253,4.433449871370798,2.3514709526445743,77.2589746115566,24.40032560034541,True,False,True,False,False,15.880370417650184,0.0,0.0,0.0,0.0,0,1.006394884092726,0.9168665067945647,False,False,False,False,0.33061443022373227,0.3357593878561738,False,False,False,False,144497.0,139894.55995138182,False,False,False,False,408.4882659284864,False,False,False,False
2025-06-12 18:00:00+00:00,4.88,4.88,4.775,4.775,0.0,,,,,,,,,,,,,,,4.5013216794477,4.5013216794477,4.477836156377938,4.370618148361845,4.385095142187601,4.400363856822936,4.471701085758021,4.683315361025988,4.6957425327597715,4.773942754771805,4.773942754771805,4.8963071983565625,5.01372686025745,5.025495055423038,,,,,,,,,,,,,4.509706371479058,4.470429782915334,4.470429782915334,4.4701348727728805,4.478378057663839,4.478378057663839,4.260883854187037,4.3054263431291675,4.379729879186798,4.404089690026624,4.404089690026624,4.4094978137201855,4.413286905783088,4.476200624512102,4.476192373868532,4.531651507760756,4.733747034931885,4.734252429994725,4.878303773755444,4.898520556821547,4.899581528946414,4.908347716918442,4.932204116072599,5.009099724973525,5.009099724973525,5.009099724973525,5.012538110830119,5.030984691175207,5.031324410542443,,,4.471701085758021,4.683315361025988,4.457032849992028,"rgba(0, 255, 255, 0.75)",0.1933196717757688,4.433449871370798,1.7667634415672175,69.53453393093429,25.20511200323459,True,False,True,False,False,10.929780030737476,0.0,0.0,0.0,0.0,0,0.9897637795275591,0.9118110236220475,False,False,False,False,0.2638368119267265,0.2997980998914501,False,False,False,False,144497.0,139965.91561105032,False,False,False,False,402.1551145187424,False,False,False,False
2025-06-12 19:00:00+00:00,4.775,4.835,4.775,4.82,375.0,,,,,,,,,,,,,,,4.508156491103764,4.508156491103764,4.481136146876489,4.371899105178459,4.386302715675131,4.401501061099597,4.472521918047532,4.68348966378404,4.6958982517605286,4.7739873513745215,4.7739873513745215,4.896234515917502,5.013585419679013,5.02534653428953,,,,,,,,,,,,,4.516568657322773,4.476876339458985,4.476876339458985,4.476579524002157,4.48127469020777,4.48127469020777,4.262890016854533,4.307063718703126,4.380965567945107,4.405210172078314,4.405210172078314,4.410592983658677,4.414365422862127,4.477001845569569,4.4769931021983425,4.532101362455753,4.733846312305424,4.734350967264479,4.8782423648138895,4.898448435812819,4.8995094621478374,4.908271975492464,4.932114431560583,5.008961077427327,5.008961077427327,5.008961077427327,5.012397387178242,5.030832918199004,5.031172438480881,,,4.472521918047532,4.68348966378404,4.459636257987665,"rgba(0, 255, 255, 0.75)",0.19755870378557602,4.437304024985473,1.9371253591028468,66.10410937943064,22.21027751778206,True,False,True,False,False,12.420567270251777,0.0,0.0,0.0,0.0,0,0.9890368050117467,0.9224745497259205,False,False,False,False,0.2428775263472579,0.271337813119354,False,False,False,False,144872.0,140041.97893491,False,False,False,False,401.73410499132,False,False,False,False
2025-06-13 14:00:00+00:00,4.9,4.925,4.9,4.91,91.0,,,,,,,,,,,,,,,4.51031303224291,4.51031303224291,4.482171595704379,4.372280699709965,4.386664785937703,4.401844515465597,4.4727803320314194,4.683565822097673,4.695969588195679,4.774028661615323,4.774028661615323,4.896237668963545,5.013568251793993,5.025327524732344,,,,,,,,,,,,,4.518747550653497,4.478870187462205,4.478870187462205,4.478572423281488,4.482185032811906,4.482185032811906,4.263464691987721,4.307539450588407,4.381335162410302,4.405549200627729,4.405549200627729,4.410925260636799,4.41469328686933,4.47725487938281,4.477245979333552,4.532250164783327,4.733902475001815,4.734406923959891,4.878249655436904,4.898451048667502,4.899511835028141,4.9082726097979,4.932110790648049,5.008944638776874,5.008944638776874,5.008944638776874,5.0123804063374955,5.030813060757607,5.031152528947329,,,4.4727803320314194,4.683565822097673,4.460445643814366,"rgba(0, 255, 0, 1.0)",0.20388187712451397,4.43852567079596,2.31248768087466,66.55808967958336,22.21027751778206,True,False,True,False,False,15.257485819774793,0.0,0.0,0.0,0.0,0,1.001555209953344,0.9167962674961124,False,False,False,False,0.34282815663882726,0.30708298487909064,False,False,False,False,144963.0,140118.27383514398,False,False,False,False,396.91652196819877,False,False,False,False
2025-06-13 15:00:00+00:00,4.925,4.975,4.91,4.975,88.0,,,,,,,,,,,,,,,4.512590904664525,4.512590904664525,4.483264864864863,4.372677667536178,4.387042196136606,4.402203316107125,4.473053634671562,4.683652865572545,4.6960518452873785,4.774080672701016,4.774080672701016,4.896248947752399,5.013558441510375,5.025315884625776,,,,,,,,,,,,,4.521052906544498,4.4809649474881255,4.4809649474881255,4.480666082017873,4.483146760687528,4.483146760687528,4.264055114664176,4.308030467978237,4.381720125425416,4.405903576224504,4.405903576224504,4.411272866963792,4.415036478998329,4.477522734199014,4.477513668010574,4.532409740853506,4.733969474698331,4.734473714012984,4.878265489687652,4.89846153762624,4.899521991835315,4.908280750448914,4.932114444309678,5.008935554053958,5.008935554053958,5.008935554053958,5.012370782104905,5.030800577457907,5.0311399937764305,,,4.473053634671562,4.683652865572545,4.46129755815844,"rgba(0, 255, 0, 1.0)",0.21187913008543674,4.439817749510242,2.5258846884728774,68.3880770131705,22.21027751778206,True,False,True,False,True,17.188882071100107,0.0,0.0,0.0,0.0,0,1.0031104199066874,0.9097978227060656,False,False,False,False,0.3428281603636483,0.3249555726213695,False,False,False,False,145051.0,140194.7502097929,False,False,False,False,392.1271185268313,False,False,False,False
2025-06-13 16:00:00+00:00,4.975,5.0,4.955,4.955,27.0,,,,,,,,,,,,,,,4.513311360012446,4.513311360012446,4.483611140387857,4.372802848604804,4.387161296750306,4.402316635374935,4.473140334326276,4.683681210641376,4.696078706948618,4.774098107784741,4.774098107784741,4.896253417493075,5.0135562649788605,5.025313140721801,,,,,,,,,,,,,4.521782418552401,4.481626500993704,4.481626500993704,4.481327277883428,4.483451481292596,4.483451481292596,4.264240439868155,4.308184858536472,4.3818415760578695,4.406015520684038,4.406015520684038,4.4113827060716595,4.415144946420253,4.477607733087867,4.477598614163303,4.532460615116102,4.733991584442371,4.7344957581682054,4.878271424919922,4.898465732273277,4.89952607231286,4.90828417133516,4.932116445381713,5.008933602618106,5.008933602618106,5.008933602618106,5.012368663287215,5.030797572013903,5.031136972235089,,,4.473140334326276,4.683681210641376,4.46156692339029,"rgba(0, 255, 0, 1.0)",0.2183953972718868,4.440226734674343,2.3570701203230997,68.49167841460016,22.21027751778206,True,False,True,False,True,16.262540812188437,0.0,0.0,0.0,0.0,0,1.0,0.9124797406807132,False,False,False,False,0.34282816436584945,0.33389186849360947,False,False,False,False,145024.0,140269.62229956355,False,False,False,False,386.4662329682758,False,False,False,False
2025-06-13 17:00:00+00:00,4.955,5.03,4.935,5.03,200.0,,,,,,,,,,,,,,,4.518904970591628,4.518904970591628,4.486309411476898,4.37377240025316,4.38808482426184,4.403196455722363,4.473818182013737,4.683911759641551,4.696298082564283,4.774245824838077,4.774245824838077,4.8962992238461265,5.013550632540619,5.025303230928964,,,,,,,,,,,,,4.527450245797655,4.4867528151197975,4.4867528151197975,4.486450715158722,4.485827603181196,4.485827603181196,4.265665185170808,4.309375118569235,4.382782914191774,4.406884946118185,4.406884946118185,4.412236185532281,4.415988051437367,4.47827261932123,4.478263087824963,4.532861472736816,4.734174877615825,4.734678549654277,4.878328938229023,4.898509089159364,4.899568429415736,4.908321127392541,4.932142342662977,5.00892966865896,5.00892966865896,5.00892966865896,5.012363466258374,5.030785689361306,5.03112496805645,,,4.473818182013737,4.683911759641551,4.463659095267852,"rgba(0, 255, 0, 1.0)",0.22666942234677975,4.443406818389044,2.5878796334228618,70.2714168059569,22.21027751778206,True,False,True,False,True,18.437380093557355,0.0,0.0,0.0,0.0,0,1.0000000000000002,0.9012048192771086,False,False,False,False,0.3428281649099554,0.3383600167017824,False,False,False,False,145224.0,140346.43435693462,False,False,False,False,383.5752836199304,False,False,False,False
2025-06-13 18:00:00+00:00,5.03,5.03,4.99,5.005,104.0,,,,,,,,,,,,,,,4.5218225763307744,4.5218225763307744,4.487728548027323,4.374283433612876,4.388571807841362,4.403660606731077,4.474176678726281,4.6840353202984835,4.696415804805135,4.7743259851939595,4.7743259851939595,4.8963253597603735,5.013549628933625,5.02529999032951,,,,,,,,,,,,,4.530406028368796,4.48942983105496,4.48942983105496,4.4891262447007785,4.487078480119086,4.487078480119086,4.266413951444293,4.310001392837655,4.383279208560285,4.4073436663513235,4.4073436663513235,4.412686570236425,4.4164330152814175,4.478624324784145,4.478614575363428,4.533074118510492,4.734273693999669,4.734777102523252,4.878361313717131,4.898533876903204,4.899592669421067,4.90834246617498,4.9321578345406065,5.008929553599317,5.008929553599317,5.008929553599317,5.012362690419385,5.0307814167755405,5.031120631883329,,,4.474176678726281,4.6840353202984835,4.464755229513702,"rgba(0, 255, 0, 1.0)",0.23349155510703629,4.445068970850546,2.3980782897812847,70.03242392823401,22.21027751778206,True,False,True,False,True,17.275262777371637,0.0,0.0,0.0,0.0,0,1.0066061106523536,0.928984310487201,False,False,False,False,0.3428281677887851,0.34059409224528375,False,False,False,False,145120.0,140420.44312659456,False,False,False,False,379.24078309869117,False,False,False,False
2025-06-13 19:00:00+00:00,5.005,5.1,5.005,5.1,420.0,,,,,,,,,,,,,,5.068333333333334,4.53467013694541,4.53467013694541,4.494033595339055,4.376533381187977,4.3907203617298824,4.405713121584197,4.475781650298318,4.684625503839963,4.696981596114204,4.77473201260446,4.77473201260446,4.8964872583250045,5.013592154297022,5.025333151692626,,,,,,,,,,,,,4.543435409457903,4.501185353510935,4.501185353510935,4.500874867188254,4.492644278266685,4.492644278266685,4.269665823461068,4.312735528085385,4.385467114301504,4.409373332163564,4.409373332163564,4.414681048573035,4.418404672576395,4.480200284211421,4.4801895586926115,4.534039120829434,4.734759245801026,4.73526152028584,4.878552179168838,4.898688507469271,4.899744405525539,4.908480204159026,4.932269561735093,5.008975804931708,5.008975804931708,5.008975804931708,5.012406170562886,5.030810253325487,5.031149201521101,,,4.475781650298318,4.684625503839963,4.484447223058517,"rgba(0, 255, 0, 1.0)",0.24283290514223096,4.485541709360427,2.5303749105981956,71.8872977115721,22.21027751778206,True,False,True,False,True,19.931052096958144,0.0,0.0,0.0,0.0,0,1.0092204526404025,0.9119865884325232,False,False,False,False,0.34282817189088016,0.34171113206808196,False,False,False,False,145540.0,140499.81610137605,False,False,False,False,379.8727089421223,False,True,False,False
2025-06-16 14:00:00+00:00,5.09,5.09,4.94,5.055,157.0,,,,,,,,,,,,,,5.0574494511842865,4.538970482161683,4.538970482161683,4.496193744152309,4.377322278413353,4.391472823349896,4.406431000168911,4.476339030240727,4.684822705013879,4.697169918669748,4.774862862958258,4.774862862958258,4.896533630686354,5.013596430449884,5.025334015665519,,,,,,,,,,,,,4.547786382427465,4.5051566698656424,4.5051566698656424,4.5048441419418745,4.494554889176643,4.494554889176643,4.270814100710176,4.313698680634734,4.386233692583846,4.41008298280462,4.41008298280462,4.415378057838484,4.419093465876394,4.480747312750689,4.480736250426151,4.534372016008991,4.734918666145532,4.735420535877819,4.878608410989235,4.898732625567712,4.89978761481799,4.908518762516771,4.932299015223422,5.0089814372093535,5.0089814372093535,5.0089814372093535,5.012410794302379,5.030809542523087,5.031148393632279,,,4.476339030240727,4.684822705013879,4.485650607269574,"rgba(0, 255, 0, 1.0)",0.25002607071269994,4.4874311093649535,2.270038836418897,70.71362774728782,22.21027751778206,True,False,True,False,True,17.865905965343018,0.0,0.0,0.0,0.0,0,0.9967213114754099,0.8877049180327873,False,False,False,False,0.3121847373335359,0.32694793470080896,False,False,False,False,145383.0,140575.5243788741,False,False,False,False,376.41731810581035,False,False,False,False
2025-06-16 15:00:00+00:00,5.06,5.06,5.01,5.01,1193.0,,,,,,,,,,,,,,5.036701506591337,4.569248456147656,4.569248456147656,4.512004821865786,4.383239884194364,4.397118254736895,4.411817875169871,4.480525272104724,4.686306587394276,4.698586799936073,4.775846255831076,4.775846255831076,4.896880496273258,5.013625177215404,5.0253369254477676,,,,,,,,,,,,,4.578353754235779,4.533394378129775,4.533394378129775,4.533069308427034,4.508595616208086,4.508595616208086,4.27940832801197,4.320916694953608,4.391984554705848,4.415408326033394,4.415408326033394,4.4206088927462215,4.424262844971245,4.484856086892521,4.484842517285586,4.536878535172476,4.7361175754652995,4.73661639419491,4.879029584660675,4.899062589854961,4.900110759336039,4.908806883957989,4.9325183615681665,5.009020451750701,5.009020451750701,5.009020451750701,5.0124421728293065,5.030800528189568,5.031138644192041,,,4.480525272104724,4.686306587394276,4.496647570899895,"rgba(0, 255, 255, 0.75)",0.25542991493056866,4.503700004182827,1.9821483946185248,67.71723305944421,22.21027751778206,True,False,True,False,False,15.849222973652495,0.0,0.0,0.0,0.0,0,1.0130932896890343,0.8903436988543376,False,False,False,False,0.3284538925159501,0.3277009136083795,False,False,False,False,144190.0,140631.56276059698,False,False,False,False,389.0775147243249,False,False,False,False
2025-06-16 16:00:00+00:00,5.01,5.035,4.96,5.025,338.0,,,,,,,,,,,,,,5.031885673624289,4.5768094337049545,4.5768094337049545,4.516147020447262,4.384845393291529,4.3986492826427295,4.413278019046513,4.481656751775668,4.686700094365556,4.6989616806650005,4.776101370227333,4.776101370227333,4.896963341921292,5.013620843827598,5.025325382889478,,,,,,,,,,,,,4.585962003363465,4.5405449763831145,4.5405449763831145,4.540217468964901,4.512291511159898,4.512291511159898,4.281743602410515,4.322878003238053,4.393544403902079,4.416851596409253,4.416851596409253,4.422026284092399,4.425663382068701,4.485966406040157,4.485952166746358,4.537555238298174,4.736432202068015,4.736930181604826,4.879132370156118,4.899141161992045,4.900187592265491,4.908874450252585,4.9325671592097295,5.009018981513142,5.009018981513142,5.009018981513142,5.012438573394481,5.030785659690455,5.031123570764294,,,4.481656751775668,4.686700094365556,4.499506649185312,"rgba(0, 255, 255, 0.75)",0.2607141439677968,4.507839831806758,1.9836291208547598,66.16811091049496,20.916803189108947,False,False,True,False,False,16.282931906507674,0.0,0.0,0.0,0.0,0,1.0057189542483664,0.8978758169934645,False,False,False,False,0.29807965091410527,0.3128902822612424,False,False,False,False,144528.0,140691.97264027764,False,False,False,False,388.2856152712346,False,False,False,False
2025-06-16 17:00:00+00:00,5.025,5.055,5.025,5.03,120.0,,,,,,,,,,,,,,5.032143177737882,4.579614296364069,4.579614296364069,4.517689910417283,4.38544081339555,4.399217722934981,4.413820811988759,4.482080178353074,4.686852645624683,4.699107509779006,4.77620357507471,4.77620357507471,4.897000759614969,5.013625937981045,5.025327871650456,,,,,,,,,,,,,4.588786557342805,4.543192017547759,4.543192017547759,4.542863551567913,4.513669330705787,4.513669330705787,4.282603252325687,4.323602061460604,4.394123297878194,4.417388283172304,4.417388283172304,4.422553589514447,4.4261845862211935,4.486382112542568,4.486367622651948,4.537810353395521,4.736556108879466,4.73705378088116,4.87917739689375,4.899176805058509,4.900222521519553,4.908905767844418,4.932591476174445,5.009025111333239,5.009025111333239,5.009025111333239,5.01244393298935,5.030786945751468,5.031124782659132,,,4.482080178353074,4.686852645624683,4.5006500040373165,"rgba(0, 255, 255, 0.75)",0.26604756399242335,4.5094811148442435,1.9564880705713974,65.29551795889489,19.895497590057317,False,False,True,False,False,16.429005992379956,0.0,0.0,0.0,0.0,0,1.0181069958847742,0.8938271604938277,False,False,False,False,0.3325472421805192,0.3227187622208808,False,False,False,False,144648.0,140753.3063977927,False,False,False,False,384.12614836780455,False,False,False,False
2025-06-16 18:00:00+00:00,5.03,5.07,5.015,5.02,110.0,,,,,,,,,,,,,,5.032277587681779,4.582146262973447,4.582146262973447,4.519091696638254,4.385984265942585,4.3997365440634635,4.414316213290026,4.482466587463443,4.68699170179725,4.699240416401372,4.776296593398089,4.776296593398089,4.8970346324693255,5.013630268005193,5.025329816863215,,,,,,,,,,,,,4.591335289230451,4.545585667300856,4.545585667300856,4.545256364922206,4.514921981942624,4.514921981942624,4.283387808754616,4.324262943945228,4.39465166186993,4.417878108394558,4.417878108394558,4.423034848971913,4.426660273940167,4.486761473407177,4.486746755204866,4.538043199364214,4.736668970037832,4.737166360948703,4.879218212240127,4.899209065776476,4.9002541333856495,4.908934087832529,4.932613399945122,5.009030389290049,5.009030389290049,5.009030389290049,5.012448505971267,5.030787790118602,5.031125559144039,,,4.482466587463443,4.68699170179725,4.501682770308421,"rgba(0, 255, 255, 0.75)",0.2696239122445382,4.510960812974156,1.887960095186828,64.1113270106321,18.550550457005315,False,True,True,False,False,15.967159796814947,0.0,0.0,0.0,0.0,0,1.0180032733224225,0.881342062193126,False,False,False,False,0.33459794784125657,0.32865835503106866,False,False,False,False,144538.0,140811.98381798196,False,False,False,False,379.8761305636525,False,False,False,False
2025-06-16 19:00:00+00:00,5.02,5.08,5.02,5.04,1496.0,,,,,,,,,,,,,,5.037892105720744,4.614802396616542,4.614802396616542,4.537843232755206,4.3934172100100515,4.406837424978357,4.421101245122792,4.487778477042781,4.688934928872461,4.7011000058438235,4.7776117879900255,4.7776117879900255,4.897532474127451,5.013721037510206,5.025388017538042,,,,,,,,,,,,,4.62415670874691,4.5766939868033365,4.5766939868033365,4.576355444997236,4.531748491130101,4.531748491130101,4.294060742582431,4.333276120896716,4.401881238264652,4.424587913329007,4.424587913329007,4.429629043240198,4.43317927200399,4.491977873130147,4.49196004539212,4.541262226283548,4.738255145806391,4.738748692817151,4.879812598470035,4.8996838601135755,4.900719683926985,4.909353507616672,4.932944502984241,5.009134108502861,5.009134108502861,5.009134108502861,5.012542594325091,5.030830953038544,5.031167794480528,,,4.487778477042781,4.688934928872461,4.5154883566319315,"rgba(0, 255, 255, 0.75)",0.2733823346540471,4.530484589336529,1.8637466510344909,64.08881865916837,18.249840044567932,False,True,True,False,False,16.569520652334738,0.0,0.0,0.0,0.0,0,1.0170870626525632,0.8828315703824249,False,False,False,False,0.34076645984786214,0.3347124074394654,False,False,False,False,146034.0,140892.94530917605,False,False,False,False,397.18037660142534,False,False,False,False
2025-06-17 14:00:00+00:00,5.04,5.06,5.035,5.035,200.0,,,,,,,,,,,,,,5.038161874070402,4.618792442582248,4.618792442582248,4.540233822022541,4.394393257892615,4.40777006071085,4.421992541874368,4.488476862123946,4.689190722622997,4.7013447230395675,4.777784480788367,4.777784480788367,4.897597297557651,5.013731910732179,5.025394559211833,,,,,,,,,,,,,4.628157631001242,4.58053511407444,4.58053511407444,4.58019572368421,4.533903621478922,4.533903621478922,4.295458808748573,4.334458524834032,4.402830693704363,4.425469361008028,4.425469361008028,4.430495361645762,4.4340357427773975,4.492663749528324,4.492645517610056,4.541686674331575,4.738463693515707,4.738956732487738,4.879890161145472,4.899745669424041,4.900780282653686,4.909408029804528,4.932987329273999,5.009146703765841,5.009146703765841,5.009146703765841,5.012553908896435,5.030835494800374,5.031172212890244,,,4.488476862123946,4.689190722622997,4.517209945898822,"rgba(0, 255, 255, 0.75)",0.27570180718755377,4.532886549143735,1.8212192947820913,63.71872033261906,17.572261376234437,False,True,True,False,False,16.331782474641322,0.0,0.0,0.0,0.0,0,1.0164880461665298,0.9010717230008249,False,False,False,False,0.338707533842406,0.33670997064093566,False,False,False,False,145834.0,140969.5508082586,False,False,False,False,394.12331649907765,False,False,False,False
2025-06-17 15:00:00+00:00,5.035,5.06,5.03,5.06,227.0,,,,,,,,,,,,,,5.038792536963155,4.62330177669262,4.62330177669262,4.542955484472876,4.395508870564717,4.408836365054869,4.42301189599407,4.4892769032495625,4.689486058425036,4.7016274595961685,4.777985129310805,4.777985129310805,4.897674164809536,5.013747019385469,5.025404735400239,,,,,,,,,,,,,4.63267857985931,4.584880593160442,4.584880593160442,4.584540269686724,4.536359523160668,4.536359523160668,4.297053394653706,4.335808367475269,4.403916106994123,4.426477528089888,4.426477528089888,4.43148633856677,4.435015532882994,4.493449554143557,4.493430860143637,4.542173944868379,4.738705218447562,4.7391976776855955,4.879981692839505,4.89981901276301,4.900852213484988,4.909472936529891,4.933038831130058,5.009163773723368,5.009163773723368,5.009163773723368,5.01256952020286,5.030843393327152,5.03117997090832,,,4.4892769032495625,4.689486058425036,4.51917839624824,"rgba(0, 255, 255, 0.75)",0.276749276714789,4.535625780823165,1.894762744826401,64.52782490385441,17.572261376234437,False,True,True,False,False,17.09875502190561,0.0,0.0,0.0,0.0,0,1.016835016835017,0.9065656565656568,False,False,False,False,0.336651370809953,0.33668067072544433,False,False,False,False,146061.0,141048.48800502977,False,False,False,False,391.5322573285493,False,False,False,False
2025-06-17 16:00:00+00:00,5.06,5.06,5.0,5.03,48.0,,,,,,,,,,,,,,5.038694592712926,4.624199111315408,4.624199111315408,4.5435047182740105,4.395737091101651,4.409054366608418,4.423220156446198,4.489439759388935,4.68954498531454,4.701683757661472,4.7780244025704395,4.7780244025704395,4.897688275959107,5.013748450950965,5.025405137229829,,,,,,,,,,,,,4.633576946629613,4.585750108524609,4.585750108524609,4.5854096361049,4.536855737750693,4.536855737750693,4.2973807795623875,4.336085169893973,4.40413806516735,4.426683467455285,4.426683467455285,4.431688715752297,4.4352155893038905,4.49360947082358,4.493590683156582,4.5422728072360545,4.738752963700284,4.739245303190037,4.879998759647296,4.899832448199994,4.900865376244545,4.909484701389344,4.933047854375977,5.0091656145013586,5.0091656145013586,5.0091656145013586,5.012571056655568,5.030843319832425,5.031179868106607,,,4.489439759388935,4.68954498531454,4.5195656153427715,"rgba(0, 255, 255, 0.75)",0.2787970943532529,4.536162476040428,1.771315174948881,62.78420964306058,16.22594080562999,False,True,True,False,False,15.64768354171941,0.0,0.0,0.0,0.0,0,1.0126689189189189,0.8927364864864867,False,False,False,False,0.3243711427694368,0.33052590674744053,False,False,False,False,146013.0,141125.45718324636,False,False,False,False,386.2061758195795,False,False,False,False
2025-06-17 17:00:00+00:00,5.03,5.03,5.03,5.03,0.0,,,,,,,,,,,,,,5.038694592712926,4.624199111315408,4.624199111315408,4.5435047182740105,4.395737091101651,4.409054366608418,4.423220156446198,4.489439759388935,4.68954498531454,4.701683757661472,4.7780244025704395,4.7780244025704395,4.897688275959107,5.013748450950965,5.025405137229829,,,,,,,,,,,,,4.633576946629613,4.585750108524609,4.585750108524609,4.5854096361049,4.536855737750693,4.536855737750693,4.2973807795623875,4.336085169893973,4.40413806516735,4.426683467455285,4.426683467455285,4.431688715752297,4.4352155893038905,4.49360947082358,4.493590683156582,4.5422728072360545,4.738752963700284,4.739245303190037,4.879998759647296,4.899832448199994,4.900865376244545,4.909484701389344,4.933047854375977,5.0091656145013586,5.0091656145013586,5.0091656145013586,5.012571056655568,5.030843319832425,5.031179868106607,,,4.489439759388935,4.68954498531454,4.5195656153427715,"rgba(0, 255, 255, 0.75)",0.2785327062814444,4.536162476040428,1.772996538010053,61.621799469198024,14.951355984933784,False,True,True,False,False,15.64768354171941,0.0,0.0,0.0,0.0,0,1.006785411365564,0.8990670059372351,False,False,False,False,0.3243711427694376,0.3274485247584391,False,False,False,False,146013.0,141201.23304087043,False,False,False,False,380.21848317121396,False,False,False,False
2025-06-17 18:00:00+00:00,5.03,5.03,5.01,5.01,9.0,,,,,,,,,,,,,,5.038648679944419,4.624361407216812,4.624361407216812,4.543604743113949,4.395778965009952,4.409094347531523,4.423258331665571,4.489469531081705,4.689555599217915,4.701693882799182,4.778031375362656,4.778031375362656,4.897690654871399,5.013748499144601,5.025404993957946,,,,,,,,,,,,,4.633739288068559,4.585907882782095,4.585907882782095,4.58556738741668,4.536946154383026,4.536946154383026,4.297441015095544,4.336136048997131,4.404178778568827,4.426721212422784,4.426721212422784,4.431725800960329,4.435252244364279,4.493638699516117,4.493619894761663,4.542290832840778,4.738761504437866,4.739253821816131,4.880001674835437,4.899834709026112,4.900867589167801,4.909486663019852,4.933049313400664,5.009165738751992,5.009165738751992,5.009165738751992,5.012571124345261,5.0308430882029045,5.03117963103123,,,4.489469531081705,4.689555599217915,4.519634940070575,"rgba(0, 255, 255, 0.75)",0.2773866459499238,4.5362583749568754,1.7078746650574095,59.25876487245,12.619650813257607,False,True,True,False,False,14.667010298513613,0.0,0.0,0.0,0.0,1,1.0008460236886638,0.8984771573604063,False,False,False,False,0.3162367384863236,0.32184263162238136,False,False,False,False,146004.0,141275.69454411275,False,False,False,False,374.46315785073006,False,False,False,False
2025-06-17 19:00:00+00:00,5.01,5.01,4.945,4.96,94.0,,,,,,,,,,,,,,5.037221592626171,4.625854988257543,4.625854988257543,4.544547787569137,4.396184304123517,4.409480707035284,4.423626543430332,4.489753754506976,4.689651169775047,4.701784492249092,4.778090449407199,4.778090449407199,4.897706100155924,5.013741241805967,5.025395793262229,,,,,,,,,,,,,4.635228373648355,4.587377440054036,4.587377440054036,4.58703687208141,4.5378000794082,4.5378000794082,4.298030214289034,4.336631889687532,4.404572466014259,4.427085100387627,4.427085100387627,4.432083078157666,4.435605200465725,4.493917533343263,4.493898566632765,4.542461166865017,4.7388362371082335,4.739328335470719,4.88002209184584,4.899849223870526,4.900881717120257,4.909498546634762,4.933056349749405,5.009159252300682,5.009159252300682,5.009159252300682,5.0125640646659795,5.030832991487125,5.03116947916081,,,4.489753754506976,4.689651169775047,4.520246657458652,"rgba(0, 255, 255, 0.75)",0.2753423421949529,4.537098443489305,1.535911814868141,54.33288878281886,8.071977727003251,False,True,True,False,False,12.258819557731211,0.0,0.0,0.0,0.0,0,0.9891213389121343,0.9029288702928875,False,False,False,False,0.28209909880186296,0.30197086521212213,False,False,False,False,145910.0,141347.54424110326,False,False,False,False,370.1148918375404,False,False,False,False
2025-06-18 14:00:00+00:00,4.96,4.96,4.76,4.76,269.0,,,,,,,,,,,,,,5.025121768852809,4.62829627453639,4.62829627453639,4.546315260342671,4.397049643800128,4.410299010993551,4.424399460092725,4.490321097088675,4.689783871718793,4.701904321119759,4.778132821636946,4.778132821636946,4.897663680268983,5.013648961790724,5.0252984715504025,,,,,,,,,,,,4.826666666666666,4.637612379056527,4.589957972525124,4.589957972525124,4.589618696679618,4.539414798190747,4.539414798190747,4.2993489375645275,4.3377235523239275,4.405408776310395,4.42784720646625,4.42784720646625,4.432828841361736,4.436340175693549,4.494472043084027,4.494452764655989,4.5427834428645895,4.738916812461128,4.7394083938467615,4.879988104681954,4.899806930175472,4.900839360616474,4.909453269147927,4.933000904747702,5.009068961944425,5.009068961944425,5.009068961944425,5.012472295322447,5.030733352806037,5.031069698530686,,,4.490321097088675,4.689783871718793,4.5264718008347655,"rgba(38, 166, 154, 0.5)",0.27154214246619685,4.558880407002547,0.7406570161480174,44.32658279900641,-0.8412112940341885,False,True,False,True,False,3.638429098342705,0.0,0.0,0.0,0.0,0,0.9696969696969698,0.9131859131859135,False,False,False,False,0.19071929580511424,0.2463450805086182,False,False,False,False,145641.0,141414.10944666754,False,False,False,False,368.5472190958731,False,False,False,False
2025-06-18 15:00:00+00:00,4.76,4.8,4.76,4.8,55.0,,,,,,,,,,,,,,5.02235254786036,4.628688952003127,4.628688952003127,4.54662274376628,4.397209710550886,4.410449891639212,4.4245414487217865,4.490423094011852,4.689803053046739,4.701920947174078,4.778134343359015,4.778134343359015,4.89765013028752,5.013626071490786,5.025274580047624,,,,,,,,,,,4.786666666666666,4.819876543209876,4.637990933998278,4.5903907489632925,4.5903907489632925,4.59005182106413,4.539697060899165,4.539697060899165,4.2995973639574006,4.33792794507999,4.405563163552298,4.427987077264727,4.427987077264727,4.432965522569407,4.43647474444126,4.494571566878877,4.4945522334175045,4.542839973926505,4.738925767309057,4.739417249258409,4.87997595201452,4.899793562855926,4.9008260392093685,4.909439547772355,4.932985313783572,5.009046466121447,5.009046466121447,5.009046466121447,5.012449506302198,5.030709001658042,5.031045319264318,,,4.490423094011852,4.689803053046739,4.5360546247858675,"rgba(38, 166, 154, 0.5)",0.2680822450109059,4.577710863032116,0.8291826150547237,39.991103291001565,-4.2368362313409165,False,True,False,True,False,5.048747011496616,0.0,0.0,0.0,0.0,0,0.9671322925225967,0.9408381265406741,False,False,False,False,0.13034314240905123,0.18834411145883473,False,False,False,False,145696.0,141480.4953467192,False,False,False,False,363.68602190058823,False,False,False,False
2025-06-18 16:00:00+00:00,4.8,4.925,4.8,4.925,5.0,,,,,,,,,,,,,,5.022205934050482,4.628746337945645,4.628746337945645,4.546661898892168,4.397227865750422,4.410467124875183,4.424557795497788,4.490435387516374,4.689806536262969,4.701924182013562,4.778136048665454,4.778136048665454,4.897649971405128,5.013624876999338,5.025273288152915,,,,,,,,,,,4.794722222222222,4.820840932117528,4.638047566286569,4.590449328107503,4.590449328107503,4.590110414086121,4.539732720392392,4.539732720392392,4.29962441532121,4.337950517750866,4.405580751004342,4.428003212851405,4.428003212851405,4.432981337378616,4.436490348353211,4.494583604263041,4.494564263950176,4.542847148763291,4.738928229240891,4.739419700805046,4.8799759917604835,4.899793386062675,4.900825853665094,4.909439282560171,4.932984832870362,5.009045310151372,5.009045310151372,5.009045310151372,5.012448321693639,5.030707664939109,5.031043979793806,,,4.490435387516374,4.689806536262969,4.536436623116408,"rgba(38, 166, 154, 1.0)",0.2649255887368469,4.578188893972821,1.3090887432986684,42.72182193673363,-4.2368362313409165,False,True,False,True,True,9.19571552184599,0.0,0.0,0.0,0.0,0,0.9708737864077673,0.9199029126213596,False,False,False,False,0.19262610879721828,0.1904851101280265,False,False,False,False,145701.0,141545.9295273902,False,False,False,False,358.12499830523024,False,False,False,False
2025-06-18 17:00:00+00:00,4.925,4.95,4.89,4.93,101.0,,,,,,,,,,,,,,5.020143535729038,4.630081284398183,4.630081284398183,4.54754462697418,4.3976244641653155,4.410844391681597,4.424916519501728,4.490708816693245,4.689891407735249,4.702003903673723,4.778183577650507,4.778183577650507,4.897655727604102,5.01360815913248,5.025254549668098,,,,,,,,,,,4.8754037267080745,4.844914728682171,4.639371611065162,4.591788554736773,4.591788554736773,4.5914497771410385,4.540535132411011,4.540535132411011,4.300207725666311,4.3384394986987775,4.405965462107392,4.428357518714456,4.428357518714456,4.4333289119394,4.436833508969051,4.494851602695021,4.494832108707215,4.543009034588121,4.73899171273856,4.739482963356507,4.879986357553605,4.899798492199345,4.9008306750938555,4.909442133189244,4.932982944916695,5.009029392530272,5.009029392530272,5.009029392530272,5.012431809078266,5.030687995743861,5.031024253391918,,,4.490708816693245,4.689891407735249,4.541156239905822,"rgba(38, 166, 154, 1.0)",0.2632754184232615,4.584115759948231,1.3137733941256104,44.73105565654575,-4.2368362313409165,False,True,False,True,True,9.354560582517319,0.0,0.0,0.0,0.0,0,0.9935064935064937,0.9155844155844158,False,False,False,False,0.236896903608804,0.21369100686841525,False,False,False,False,145802.0,141611.9151161128,False,False,False,False,354.1385642229786,False,False,False,False
2025-06-18 18:00:00+00:00,4.945,5.01,4.93,4.96,443.0,,,,,,,,,,,,,,5.015660990223905,4.636640930887337,4.636640930887337,4.551808908078973,4.399499766906701,4.412631964862609,4.426620124223603,4.49202376497784,4.690331904666094,4.702421225042823,4.778453806487797,4.778453806487797,4.897723500727496,5.013570068298859,5.025207350952394,,,,,,,,,,,4.9423399558498895,4.906697212676595,4.645901298506344,4.59828890715516,4.59828890715516,4.597950151864743,4.54440929395749,4.54440929395749,4.302930399552432,4.340732808701742,4.407786895063222,4.430041112460346,4.430041112460346,4.434981926137369,4.438466521025238,4.496141613948465,4.496121377537908,4.543798181030748,4.739334978303404,4.739825208712352,4.8800771579029485,4.899862051011378,4.900892474849895,4.909493583238624,4.933011820216607,5.008994913956769,5.008994913956769,5.008994913956769,5.012394644478586,5.030636597964615,5.030972597171846,,,4.49202376497784,4.690331904666094,4.54908224676233,"rgba(38, 166, 154, 1.0)",0.26113168470477566,4.594206412476941,1.4008012391778857,47.24414397303343,-9.736305473536717,False,True,False,True,True,10.310604431491026,0.0,0.0,0.0,0.0,0,1.003225806451613,0.8967741935483875,False,False,False,False,0.2761427996673309,0.24491690326787308,False,False,False,False,146245.0,141683.7458895064,False,False,False,False,355.516260901692,False,False,False,False
2025-06-18 19:00:00+00:00,4.96,4.985,4.945,4.955,1443.0,,,,,,,,,,,,,,5.004080459770115,4.656042442293375,4.656042442293375,4.564956354852093,4.405470361947099,4.418323957525074,4.432045103219551,4.496212469585247,4.69173129228602,4.703745952715671,4.779305443257207,4.779305443257207,4.8979273969838,5.013433240100825,5.025041048475838,,,,,,,,,,,4.955964012375834,4.940946315486471,4.665169288452867,4.617715905301768,4.617715905301768,4.617378704869081,4.556410537505813,4.556410537505813,4.311581180246509,4.348029406016384,4.413586367616257,4.435402435814108,4.435402435814108,4.440246037518036,4.443666988117786,4.500250997137055,4.5002284269131705,4.5463182806035025,4.740421532302849,4.740908486403068,4.880354607839901,4.900052815382525,4.901077733838081,4.90964593329192,4.933091611621738,5.008869773257136,5.008869773257136,5.008869773257136,5.01226081323288,5.030456707624942,5.030791870644486,,,4.496212469585247,4.69173129228602,4.55957116293915,"rgba(38, 166, 154, 1.0)",0.2599749987979569,4.607699984559732,1.3358977480376,48.69796159123481,-8.282049285945988,False,True,False,False,True,10.09982676031057,0.0,0.0,0.0,0.0,0,1.002415458937198,0.9025764895330117,False,False,False,False,0.2721825481658328,0.258549725716853,False,False,False,False,144802.0,141732.09091447527,False,False,False,False,372.3764739109681,False,False,False,False
2025-06-19 14:00:00+00:00,4.955,4.955,4.955,4.955,0.0,,,,,,,,,,,,,,5.004080459770115,4.656042442293375,4.656042442293375,4.564956354852093,4.405470361947099,4.418323957525074,4.432045103219551,4.496212469585247,4.69173129228602,4.703745952715671,4.779305443257207,4.779305443257207,4.8979273969838,5.013433240100825,5.025041048475838,,,,,,,,,,,4.955964012375834,4.940946315486471,4.665169288452867,4.617715905301768,4.617715905301768,4.617378704869081,4.556410537505813,4.556410537505813,4.311581180246509,4.348029406016384,4.413586367616257,4.435402435814108,4.435402435814108,4.440246037518036,4.443666988117786,4.500250997137055,4.5002284269131705,4.5463182806035025,4.740421532302849,4.740908486403068,4.880354607839901,4.900052815382525,4.901077733838081,4.90964593329192,4.933091611621738,5.008869773257136,5.008869773257136,5.008869773257136,5.01226081323288,5.030456707624942,5.030791870644486,,,4.496212469585247,4.69173129228602,4.55957116293915,"rgba(38, 166, 154, 1.0)",0.25881517980461477,4.607699984559732,1.3418842577257357,49.6671733367024,-7.130277595528732,False,True,False,False,True,10.09982676031057,0.0,0.0,0.0,0.0,0,1.0048582995951418,0.9068825910931178,False,False,False,False,0.2642868420873698,0.2614182839021114,False,False,False,False,144802.0,141779.68640417332,False,False,False,False,366.6031952456818,False,False,False,False
2025-06-19 15:00:00+00:00,4.955,4.955,4.955,4.955,0.0,,,,,,,,,,,,,,5.004080459770115,4.656042442293375,4.656042442293375,4.564956354852093,4.405470361947099,4.418323957525074,4.432045103219551,4.496212469585247,4.69173129228602,4.703745952715671,4.779305443257207,4.779305443257207,4.8979273969838,5.013433240100825,5.025041048475838,,,,,,,,,,,4.955964012375834,4.940946315486471,4.665169288452867,4.617715905301768,4.617715905301768,4.617378704869081,4.556410537505813,4.556410537505813,4.311581180246509,4.348029406016384,4.413586367616257,4.435402435814108,4.435402435814108,4.440246037518036,4.443666988117786,4.500250997137055,4.5002284269131705,4.5463182806035025,4.740421532302849,4.740908486403068,4.880354607839901,4.900052815382525,4.901077733838081,4.90964593329192,4.933091611621738,5.008869773257136,5.008869773257136,5.008869773257136,5.01226081323288,5.030456707624942,5.030791870644486,,,4.496212469585247,4.69173129228602,4.55957116293915,"rgba(38, 166, 154, 1.0)",0.25719586254780535,4.607699984559732,1.3503328241748649,50.31331450034745,-6.160014146191159,False,True,False,False,True,10.09982676031057,0.0,0.0,0.0,0.0,0,1.0040816326530613,0.9093877551020408,False,False,False,False,0.2642868420873698,0.2628525629947406,False,False,False,False,144802.0,141826.5439793024,False,False,False,False,360.91942477675644,False,False,False,False
2025-06-19 16:00:00+00:00,4.955,4.955,4.955,4.955,0.0,,,,,,,,,,,,,,5.004080459770115,4.656042442293375,4.656042442293375,4.564956354852093,4.405470361947099,4.418323957525074,4.432045103219551,4.496212469585247,4.69173129228602,4.703745952715671,4.779305443257207,4.779305443257207,4.8979273969838,5.013433240100825,5.025041048475838,,,,,,,,,,,4.955964012375834,4.940946315486471,4.665169288452867,4.617715905301768,4.617715905301768,4.617378704869081,4.556410537505813,4.556410537505813,4.311581180246509,4.348029406016384,4.413586367616257,4.435402435814108,4.435402435814108,4.440246037518036,4.443666988117786,4.500250997137055,4.5002284269131705,4.5463182806035025,4.740421532302849,4.740908486403068,4.880354607839901,4.900052815382525,4.901077733838081,4.90964593329192,4.933091611621738,5.008869773257136,5.008869773257136,5.008869773257136,5.01226081323288,5.030456707624942,5.030791870644486,,,4.496212469585247,4.69173129228602,4.55957116293915,"rgba(38, 166, 154, 1.0)",0.2542303878179949,4.607699984559732,1.3660838046193855,50.74407527611083,-5.305958039299362,False,True,False,False,True,10.09982676031057,0.0,0.0,0.0,0.0,0,1.0149377593361,0.9053941908713694,False,False,False,False,0.2642868420873698,0.26356970254105516,False,False,False,False,144802.0,141872.67508039848,False,False,False,False,355.32377478021755,False,False,False,False
2025-06-19 17:00:00+00:00,4.955,4.955,4.955,4.955,0.0,,,,,,,,,,,,,,5.004080459770115,4.656042442293375,4.656042442293375,4.564956354852093,4.405470361947099,4.418323957525074,4.432045103219551,4.496212469585247,4.69173129228602,4.703745952715671,4.779305443257207,4.779305443257207,4.8979273969838,5.013433240100825,5.025041048475838,,,,,,,,,,,4.955964012375834,4.940946315486471,4.665169288452867,4.617715905301768,4.617715905301768,4.617378704869081,4.556410537505813,4.556410537505813,4.311581180246509,4.348029406016384,4.413586367616257,4.435402435814108,4.435402435814108,4.440246037518036,4.443666988117786,4.500250997137055,4.5002284269131705,4.5463182806035025,4.740421532302849,4.740908486403068,4.880354607839901,4.900052815382525,4.901077733838081,4.90964593329192,4.933091611621738,5.008869773257136,5.008869773257136,5.008869773257136,5.01226081323288,5.030456707624942,5.030791870644486,,,4.496212469585247,4.69173129228602,4.55957116293915,"rgba(38, 166, 154, 1.0)",0.25220424655818163,4.607699984559732,1.3770585554361348,51.03124912661974,-4.534591229302741,False,True,False,False,True,10.09982676031057,0.0,0.0,0.0,0.0,0,1.0124792013311148,0.8935108153078204,False,False,False,False,0.2642868420873698,0.26392827231421245,False,False,False,False,144802.0,141918.09097062485,False,False,False,False,349.8148790471909,False,False,False,False
2025-06-19 18:00:00+00:00,4.955,4.955,4.955,4.955,0.0,,,,,,,,,,,,,,5.004080459770115,4.656042442293375,4.656042442293375,4.564956354852093,4.405470361947099,4.418323957525074,4.432045103219551,4.496212469585247,4.69173129228602,4.703745952715671,4.779305443257207,4.779305443257207,4.8979273969838,5.013433240100825,5.025041048475838,,,,,,,,,,,4.955964012375834,4.940946315486471,4.665169288452867,4.617715905301768,4.617715905301768,4.617378704869081,4.556410537505813,4.556410537505813,4.311581180246509,4.348029406016384,4.413586367616257,4.435402435814108,4.435402435814108,4.440246037518036,4.443666988117786,4.500250997137055,4.5002284269131705,4.5463182806035025,4.740421532302849,4.740908486403068,4.880354607839901,4.900052815382525,4.901077733838081,4.90964593329192,4.933091611621738,5.008869773257136,5.008869773257136,5.008869773257136,5.01226081323288,5.030456707624942,5.030791870644486,,,4.496212469585247,4.69173129228602,4.55957116293915,"rgba(38, 166, 154, 1.0)",0.2507605907511626,4.607699984559732,1.3849864302836357,51.22269836029235,-3.8297698106883615,False,True,False,False,True,10.09982676031057,0.0,0.0,0.0,0.0,0,1.0125313283208022,0.8947368421052633,False,False,False,False,0.2642868420873698,0.26410755720079115,False,False,False,False,144802.0,141962.80273852212,False,False,False,False,344.39139255033524,False,False,False,False
2025-06-19 19:00:00+00:00,4.955,4.955,4.955,4.955,0.0,,,,,,,,,,,,,,5.004080459770115,4.656042442293375,4.656042442293375,4.564956354852093,4.405470361947099,4.418323957525074,4.432045103219551,4.496212469585247,4.69173129228602,4.703745952715671,4.779305443257207,4.779305443257207,4.8979273969838,5.013433240100825,5.025041048475838,,,,,,,,,,,4.955964012375834,4.940946315486471,4.665169288452867,4.617715905301768,4.617715905301768,4.617378704869081,4.556410537505813,4.556410537505813,4.311581180246509,4.348029406016384,4.413586367616257,4.435402435814108,4.435402435814108,4.440246037518036,4.443666988117786,4.500250997137055,4.5002284269131705,4.5463182806035025,4.740421532302849,4.740908486403068,4.880354607839901,4.900052815382525,4.901077733838081,4.90964593329192,4.933091611621738,5.008869773257136,5.008869773257136,5.008869773257136,5.01226081323288,5.030456707624942,5.030791870644486,,,4.496212469585247,4.69173129228602,4.55957116293915,"rgba(38, 166, 154, 1.0)",0.2486895926923999,4.607699984559732,1.396520102350395,51.35033118274075,-3.1842433452828374,False,True,False,False,True,10.09982676031057,0.0,0.0,0.0,0.0,0,1.013445378151261,0.8949579831932776,False,False,False,False,0.2642868420873698,0.2641971996440805,False,False,False,False,144802.0,142006.8213007156,False,False,False,False,339.0519911154463,False,False,False,False
2025-06-20 14:00:00+00:00,4.955,4.955,4.955,4.955,0.0,,,,,,,,,,,,,,5.004080459770115,4.656042442293375,4.656042442293375,4.564956354852093,4.405470361947099,4.418323957525074,4.432045103219551,4.496212469585247,4.69173129228602,4.703745952715671,4.779305443257207,4.779305443257207,4.8979273969838,5.013433240100825,5.025041048475838,,,,,,,,,,,4.955964012375834,4.940946315486471,4.665169288452867,4.617715905301768,4.617715905301768,4.617378704869081,4.556410537505813,4.556410537505813,4.311581180246509,4.348029406016384,4.413586367616257,4.435402435814108,4.435402435814108,4.440246037518036,4.443666988117786,4.500250997137055,4.5002284269131705,4.5463182806035025,4.740421532302849,4.740908486403068,4.880354607839901,4.900052815382525,4.901077733838081,4.90964593329192,4.933091611621738,5.008869773257136,5.008869773257136,5.008869773257136,5.01226081323288,5.030456707624942,5.030791870644486,,,4.496212469585247,4.69173129228602,4.55957116293915,"rgba(38, 166, 154, 1.0)",0.2463467306698225,4.607699984559732,1.4098016015717014,51.435419731039694,-2.5948287392002882,False,True,False,False,True,10.09982676031057,0.0,0.0,0.0,0.0,0,1.0143218197135637,0.8904802021903961,False,False,False,False,0.2642868420873698,0.2642420208657251,False,False,False,False,144802.0,142050.15740458044,False,False,False,False,333.79537109815254,False,False,False,False
2025-06-20 15:00:00+00:00,4.955,4.955,4.88,4.915,325.0,,,,,,,,,,,,,,5.000052459946122,4.65949984353103,4.65949984353103,4.567479161608802,4.406690248570644,4.41948486282043,4.433149272426033,4.497055369817497,4.691992269869142,4.703990718600991,4.779449099728185,4.779449099728185,4.897940845458152,5.013375819941018,5.024977202348047,,,,,,,,,,,4.950579679595278,4.9379584753250025,4.668578817836735,4.6212727583345545,4.6212727583345545,4.620936574124877,4.5587292471201755,4.5587292471201755,4.313365591105143,4.349530401847474,4.4147699660004305,4.436493075893231,4.436493075893231,4.441316090762496,4.44472351660939,4.501077254013705,4.501054224402506,4.546820641777444,4.740615311142904,4.741101573072188,4.880382397659027,4.900064356873027,4.901088429199014,4.909650547637154,4.933081317087662,5.008814897289964,5.008814897289964,5.008814897289964,5.01220404566047,5.030389901807239,5.030724882937751,,,4.497055369817497,4.691992269869142,4.5607916726628215,"rgba(38, 166, 154, 1.0)",0.24340530837297403,4.609226509268707,1.2562318084811503,47.93136536647525,-2.5948287392002882,False,True,False,True,False,8.167604170747676,0.0,0.0,0.0,0.0,0,1.0025146689019284,0.8952221290863375,False,False,False,False,0.23495422129988675,0.24959812108280593,False,False,False,False,144477.0,142087.78287117608,False,False,False,False,333.6590087555455,False,False,False,False
2025-06-20 16:00:00+00:00,4.915,4.96,4.91,4.95,230.0,,,,,,,,,,,,,,4.998155979678704,4.662108725248361,4.662108725248361,4.569360621298958,4.40758937952334,4.420341567496523,4.433965211528187,4.49768290153951,4.692195739074802,4.704182564871028,4.779567839702276,4.779567839702276,4.89796219580112,5.0133450196983125,5.024941788444061,,,,,,,,,,,4.949644504227518,4.938122024846162,4.671158120894106,4.623934025508847,4.623934025508847,4.623598425768074,4.560458025299818,4.560458025299818,4.314670653893054,4.350631372294687,4.415643014933499,4.437299292685982,4.437299292685982,4.442107488672691,4.445505192250506,4.501692730084602,4.501669357737794,4.547197713610619,4.740770331132686,4.741256089638572,4.880414669123731,4.9000839806807095,4.901107313089885,4.909664657441212,4.933084384541843,5.008785925142205,5.008785925142205,5.008785925142205,5.012173714253713,5.030352361829133,5.030687212204806,,,4.49768290153951,4.692195739074802,4.561965547366158,"rgba(38, 166, 154, 1.0)",0.2403441226601887,4.610707917058927,1.4116928643218052,48.928700144982905,-2.5948287392002882,False,True,False,False,False,9.495552702360985,0.0,0.0,0.0,0.0,0,1.018502943650126,0.8873002523128682,False,False,False,False,0.24859049579957643,0.24909430844119118,False,False,False,False,144707.0,142128.3908886772,False,False,False,False,332.05189234073083,False,False,False,False
2025-06-20 17:00:00+00:00,4.95,4.965,4.885,4.885,20.0,,,,,,,,,,,,,,4.997919119996348,4.662310396379653,4.662310396379653,4.5695108906399735,4.4076632683973145,4.420411875818349,4.434032072949689,4.497733895437878,4.692211395104962,4.7041972298203,4.779576334585171,4.779576334585171,4.897962800709469,5.0133413084844465,5.0249376836409025,,,,,,,,,,,4.949354818204933,4.937939006110919,4.671356699555521,4.624142784589713,4.624142784589713,4.623807254098857,4.560596446283705,4.560596446283705,4.314778750513025,4.350722321739763,4.415714700349498,4.437365332052549,4.437365332052549,4.4421722777969395,4.445569159519722,4.50174271380065,4.501719313850321,4.547228105651567,4.740781884310252,4.741267600639003,4.8804161400932395,4.9000844755784625,4.901107758678293,4.90966473837331,4.9330835588589865,5.008782369730944,5.008782369730944,5.008782369730944,5.0121700430047875,5.030348075762149,5.030682914999835,,,4.497733895437878,4.692211395104962,4.562039122295637,"rgba(38, 166, 154, 1.0)",0.23828834074148894,4.610798935032902,1.1507112102667651,45.15880657870509,-0.949988375093433,False,True,False,True,False,6.429393847621547,0.0,0.0,0.0,0.0,1,1.0158069883527456,0.8768718801996674,False,False,False,False,0.24078755627206785,0.2449409323566295,False,False,False,False,144687.0,142168.05924699228,False,False,False,False,327.2138785059908,False,False,False,False
2025-06-20 18:00:00+00:00,4.885,4.91,4.885,4.895,10.0,,,,,,,,,,,,,,4.997780664569944,4.662405051361796,4.662405051361796,4.56958268413468,4.407699105424127,4.420445949265356,4.4340644469791854,4.497758463894499,4.692218687286588,4.704204031437287,4.7795800993297215,4.7795800993297215,4.897962772104753,5.013339179237494,5.024935359574825,,,,,,,,,,,4.949154635258359,4.9377967367574405,4.671449676061571,4.624241611062761,4.624241611062761,4.623906119786949,4.560662660493218,4.560662660493218,4.314831426260871,4.3507665696786955,4.415749451465208,4.437397300796257,4.437397300796257,4.442203630886679,4.445600107482616,4.501766786749811,4.501743373560032,4.547242674393557,4.740787153304731,4.741272848958484,4.880416522524259,4.9000844025630235,4.901107664976659,4.909664475652255,4.933082856911558,5.008780317562593,5.008780317562593,5.008780317562593,5.0121679335313125,5.030345662003997,5.030680495733103,,,4.497758463894499,4.692218687286588,4.562068523025763,"rgba(38, 166, 154, 1.0)",0.2358746804234476,4.610834684079028,1.2047300516139832,43.54512375370734,-2.4708150401717646,False,True,False,True,False,6.817805582687573,0.0,0.0,0.0,0.0,0,1.0158201498751043,0.8884263114071609,False,False,False,False,0.21947398835805199,0.23220746035734074,False,False,False,False,144697.0,142207.26763075986,False,False,False,False,322.29583387799096,False,False,False,False
2025-06-20 19:00:00+00:00,4.895,4.97,4.895,4.925,478.0,,,,,,,,,,,,,,4.993622128096521,4.667473418657792,4.667473418657792,4.57332406743834,4.40952237152803,4.422182598816883,4.435717784550719,4.49902715520241,4.692623379644457,4.7045848003556054,4.77981092320072,4.77981092320072,4.897996532898881,5.013266543894202,5.024853211031322,,,,,,,,,,,4.946210610932476,4.936693795008385,4.67645097325078,4.629451296309499,4.629451296309499,4.629117248993839,4.5641085498279095,4.5641085498279095,4.3174818677290645,4.353001926891165,4.417519447664721,4.439030766562608,4.439030766562608,4.44380683406904,4.447183438413177,4.503010901694311,4.502986800784785,4.548003943140004,4.7410923651817205,4.741577031020109,4.88047223626113,4.900114920083436,4.901136774169077,4.9096841038233086,4.933080019103526,5.008711450374239,5.008711450374239,5.008711450374239,5.012096264640483,5.030259130436878,5.030593694688141,,,4.49902715520241,4.692623379644457,4.564279520551211,"rgba(38, 166, 154, 1.0)",0.2302479470421308,4.61359597696469,1.3524725281408454,45.003984639211986,-2.4708150401717646,False,True,False,True,False,7.979934692698311,0.0,0.0,0.0,0.0,0,1.0172981878088967,0.8764415156507416,False,False,False,False,0.24663701328087165,0.23942223681910618,False,False,False,False,145175.0,142253.27898532173,False,False,False,False,324.70985195740195,False,False,False,False
2025-06-23 14:00:00+00:00,4.925,4.925,4.925,4.925,0.0,,,,,,,,,,,,,,4.993622128096521,4.667473418657792,4.667473418657792,4.57332406743834,4.40952237152803,4.422182598816883,4.435717784550719,4.49902715520241,4.692623379644457,4.7045848003556054,4.77981092320072,4.77981092320072,4.897996532898881,5.013266543894202,5.024853211031322,,,,,,,,,,,4.946210610932476,4.936693795008385,4.67645097325078,4.629451296309499,4.629451296309499,4.629117248993839,4.5641085498279095,4.5641085498279095,4.3174818677290645,4.353001926891165,4.417519447664721,4.439030766562608,4.439030766562608,4.44380683406904,4.447183438413177,4.503010901694311,4.502986800784785,4.548003943140004,4.7410923651817205,4.741577031020109,4.88047223626113,4.900114920083436,4.901136774169077,4.9096841038233086,4.933080019103526,5.008711450374239,5.008711450374239,5.008711450374239,5.012096264640483,5.030259130436878,5.030593694688141,,,4.49902715520241,4.692623379644457,4.564279520551211,"rgba(38, 166, 154, 1.0)",0.22514025658494305,4.61359597696469,1.3831556726409817,45.97655856288175,-2.4708150401717646,False,True,False,True,True,7.979934692698311,0.0,0.0,0.0,0.0,0,1.0223509933774837,0.8865894039735103,False,False,False,False,0.24078755627206785,0.24010489654558703,False,False,False,False,145175.0,142298.5769855493,False,False,False,False,319.67559068674456,False,False,False,False
2025-06-23 15:00:00+00:00,4.925,4.925,4.9,4.9,100.0,,,,,,,,,,,,,,4.992541291766992,4.668424043888386,4.668424043888386,4.5740500285320085,4.409886387409082,4.4225289809121415,4.436047176978136,4.499278334172016,4.692700157321119,4.704656655639952,4.779852169689805,4.779852169689805,4.897998811247743,5.013247414348397,5.024832121575211,,,,,,,,,,,4.945030633437176,4.935878604963111,4.677385568229147,4.630441855508987,4.630441855508987,4.63010818516284,4.56477912194235,4.56477912194235,4.318013955429079,4.353449915699292,4.41787260961646,4.4393561062969376,4.4393561062969376,4.444126012908425,4.447498564966034,4.5032571022468435,4.5032328665116665,4.548153810001122,4.741148783359358,4.741633240188619,4.880478784033088,4.900116673636721,4.901138290706003,4.90968383111998,4.933075254407859,5.008693096558951,5.008693096558951,5.008693096558951,5.012077334082561,5.030237138406247,5.030571647202811,,,4.499278334172016,4.692700157321119,4.564647538968551,"rgba(38, 166, 154, 1.0)",0.21901094217593728,4.614046127231716,1.3056602100664456,44.732718357877964,-2.4708150401717646,False,True,False,True,True,6.77059813308815,0.0,0.0,0.0,0.0,0,1.0284518828451885,0.8853556485355653,False,False,False,False,0.23107405960649227,0.23558947807603964,False,False,False,False,145075.0,142341.6223036028,False,False,False,False,316.26976757532213,False,False,False,False
2025-06-23 16:00:00+00:00,4.9,4.9,4.78,4.78,131.0,,,,,,,,,,,,,,4.989723676556137,4.669203706612221,4.669203706612221,4.574746243715515,4.410278079531839,4.422899624151137,4.436397411079854,4.499535957731653,4.6927594855648564,4.7047099188654,4.779869041394119,4.779869041394119,4.897976296452989,5.013201274838053,5.0247835668212035,,,,,,,,,,,4.940128205128206,4.931673591874423,4.67813460561837,4.631319780802546,4.631319780802546,4.630986941265131,4.565428778693196,4.565428778693196,4.318605456862303,4.353942437868677,4.418251298751091,4.4397014727237885,4.4397014727237885,4.444464036045188,4.447831725484571,4.503508940168244,4.5034845709340745,4.548301844831312,4.741183614218941,4.741667829057748,4.880460170192369,4.900094286228264,4.901115898062519,4.909660118503392,4.933046741109044,5.008647909861069,5.008647909861069,5.008647909861069,5.012031439141768,5.030187473701932,5.030521914507852,,,4.499535957731653,4.6927594855648564,4.564636011217196,"rgba(38, 166, 154, 0.5)",0.2136287088039064,4.613980240810762,0.7771416122803539,38.40993762103747,-7.214183897803522,False,True,False,True,False,1.3225360492611031,0.0,0.0,0.0,0.0,0,1.0082508250825086,0.8853135313531357,False,False,False,False,0.17551281045441292,0.20555114426522628,False,False,False,False,144944.0,142381.96924463223,False,False,False,False,313.3973680780303,False,False,False,False
2025-06-23 17:00:00+00:00,4.78,4.78,4.73,4.76,70.0,,,,,,,,,,,,,,4.987707612456747,4.669443443757016,4.669443443757016,4.575021000546588,4.410454768480395,4.423065852258714,4.436553442092028,4.499646277057604,4.6927753967265895,4.704722736163231,4.7798638323439,4.7798638323439,4.897954503728445,5.01316855006886,5.024749609797172,,,,,,,,,,,4.936363236587511,4.928344655797102,4.678354389892853,4.631629224710516,4.631629224710516,4.631296955387977,4.56568854219221,4.56568854219221,4.3188811032705585,4.354169485564558,4.418421505793541,4.439855071962119,4.439855071962119,4.4446139903068715,4.4479792523946955,4.503616449880283,4.503592025804575,4.548362457785127,4.741187267950404,4.741671365661512,4.880439814488557,4.9000728733224905,4.901094599149014,4.909638506075353,4.93302297830736,5.0086156699390365,5.0086156699390365,5.0086156699390365,5.011998838888134,5.030152951323156,5.03048735758164,,,4.499646277057604,4.6927753967265895,4.564452582752653,"rgba(38, 166, 154, 0.5)",0.20964293969070652,4.613709009219501,0.6978102434373757,33.60936878763878,-11.429451464874248,False,True,False,True,False,0.46741612009972755,0.0,0.0,0.0,0.0,0,1.009083402146986,0.9025598678777872,False,False,False,False,0.11168767444917277,0.15861940935719954,False,False,False,False,144874.0,142420.60538037436,False,False,False,False,309.62376547216934,False,False,False,False
2025-06-23 18:00:00+00:00,4.76,4.76,4.67,4.67,66.0,,,,,,,,,,,,,,4.985379995096837,4.669522210071344,4.669522210071344,4.575198718777379,4.410593955682448,4.423195833155547,4.436674400107596,4.4997272920355424,4.692777092274987,4.704721637933759,4.779846930650097,4.779846930650097,4.897925723919372,5.0131308881507275,5.024710835127333,,,,,,,,,,,4.931876617773944,4.924321498487275,4.67841135656751,4.631787997138267,4.631787997138267,4.631456370412038,4.565860335917312,4.565860335917312,4.319107081360632,4.35435321881272,4.41855497065104,4.439973878505643,4.439973878505643,4.444729593178102,4.448092709434646,4.503695051890665,4.503670589946545,4.548404036837002,4.741178105907907,4.741662103424501,4.880411844054248,4.900044714415598,4.901066646167072,4.909610587720169,4.932993381994953,5.0085784447210235,5.0085784447210235,5.0085784447210235,5.0119612891774965,5.030113666957532,5.030448042143796,,,4.4997272920355424,4.692777092274987,4.564133123865425,#000000,0.20445427251478177,4.613258189102261,0.2775281249925287,28.35593652315378,-15.981394882360327,False,True,False,True,False,0.0,0.0,0.0,0.0,0.0,0,1.0,0.9026186579378069,False,False,False,False,0.08199379388886088,0.12030660162303021,False,False,False,False,144808.0,142457.61925044606,False,False,False,False,305.84665282918996,False,False,False,False
2025-06-23 19:00:00+00:00,4.67,5.1,4.67,4.85,853.0,,,,,,,,,,,,,4.873333333333333,4.974773425073058,4.676093283441056,4.676093283441056,4.5805789804021115,4.413451115936782,4.42590993913947,4.439250247232039,4.501669622649942,4.69332309961215,4.705226867691924,4.7801019348759395,4.7801019348759395,4.897879601392796,5.0129139407391285,5.024477598775103,,,,,,,,,,,4.920343725943033,4.914864463289121,4.68482331315157,4.638826262212203,4.638826262212203,4.638498765516379,4.570860516398808,4.570860516398808,4.323321936331324,4.357892445695189,4.421323951738201,4.44251673889615,4.44251673889615,4.447222460872687,4.450552598027911,4.505597311630097,4.50557182852882,4.5495514648959015,4.741556959983322,4.742039265793787,4.880397691180777,4.899996214636838,4.901016911975462,4.909548255667958,4.93289560982858,5.008367936314463,5.008367936314463,5.008367936314463,5.011745993887361,5.029872934926294,5.030206850090829,,,4.501669622649942,4.69332309961215,4.581200049514347,"rgba(38, 166, 154, 1.0)",0.20010465730180554,4.638993331856392,1.0544815447516496,34.87535857689042,-21.661698341269013,False,True,False,True,True,3.876926938823047,0.0,0.0,0.0,0.0,0,1.0,0.8516819571865444,False,False,False,False,0.20985160064796773,0.16507910113549898,False,False,False,False,145661.0,142507.2840682686,False,False,False,False,314.32965045974515,False,False,False,False
2025-06-24 14:00:00+00:00,4.85,4.85,4.65,4.65,14.0,,,,,,,,,,,,,4.870803537101115,4.974373037857801,4.6761147419188305,4.6761147419188305,4.580619276242041,4.413481840421527,4.4259387096394205,4.439277103573857,4.501687966213251,4.6933242581511125,4.705227430262829,4.780099095066024,4.780099095066024,4.897874023538414,5.0129063954271125,5.02446981505933,,,,,,,,,,,4.919687308164518,4.914262952525472,4.684840495920859,4.638863470818539,4.638863470818539,4.638536101349892,4.570899422494139,4.570899422494139,4.323371026404463,4.357932597892268,4.421353462611787,4.442543138630569,4.442543138630569,4.447248179611649,4.450577861108095,4.505615137896018,4.505589646198214,4.549561150046708,4.7415557889312625,4.742038073011974,4.880392318408145,4.899990751501689,4.901011486182039,4.909542816473972,4.932889793984111,5.008360484636164,5.008360484636164,5.008360484636164,5.011738472630354,5.029865041949952,5.030198950448654,,,4.501687966213251,4.6933242581511125,4.581057925690327,#000000,0.19526484670917998,4.638804845755175,0.05733317816032335,34.208559836294945,-21.661698341269013,False,True,False,True,True,0.0,0.0,0.0,0.0,0.0,0,0.9970282317979198,0.8945022288261516,False,False,False,False,0.10796626150291103,0.136522681319205,False,False,False,False,145647.0,142555.96183465203,False,False,False,False,309.67337680920645,False,False,False,False
2025-06-24 15:00:00+00:00,4.65,4.68,4.605,4.635,1118.0,,,,,,,,,,,,,4.7408094038623005,4.937517171119655,4.674651249894283,4.674651249894283,4.581990950226243,4.415300074668656,4.427616938867579,4.4408169620699045,4.502623966441897,4.693113752298084,4.704972277232334,4.7796000293135465,4.7796000293135465,4.897241709050794,5.01214946840187,5.0236949914827305,,,,,,,,,,,4.862438972293421,4.860759902285815,4.682988089519518,4.638905259926769,4.638905259926769,4.638589886840404,4.572341140244471,4.572341140244471,4.326495507343595,4.360431162664173,4.423084316960399,4.444049990216288,4.444049990216288,4.448706306245347,4.452003084550326,4.506515422980971,4.506489562809787,4.549977783271867,4.741175655572399,4.741656441067871,4.879764021005693,4.899373518869292,4.900399455246993,4.908937185057757,4.932262046260304,5.007610560166661,5.007610560166661,5.007610560166661,5.0109833459307875,5.029082035565636,5.029415446564561,,,4.502623966441897,4.693113752298084,4.570743335980153,#000000,0.18951067858381104,4.624836700974713,0.05362916275344326,33.48130023165268,-21.661698341269013,False,True,False,True,True,0.0,0.0,0.0,0.0,0.0,0,0.988872403560831,0.9295252225519287,False,False,False,False,0.028503498492434266,0.08251308990581964,False,False,False,False,144529.0,142586.55157364966,False,False,False,False,322.20557251759084,False,False,False,False
2025-06-24 16:00:00+00:00,4.635,4.67,4.63,4.65,512.0,,,,,,,,,,,,,4.72218929381925,4.9237012357265755,4.674202104314201,4.674202104314201,4.582702868475392,4.416159670658254,4.428412523728005,4.441549306528999,4.503079297360577,4.693035948841213,4.704873974624943,4.77938894897569,4.77938894897569,4.8969643846900395,5.011813137579272,5.023350415205662,,,,,,,,,,,4.844231949559201,4.843475092103156,4.6823755817467525,4.639088988075986,4.639088988075986,4.638778697090161,4.573076141005971,4.573076141005971,4.327950890974272,4.361601091602552,4.423903986849255,4.444767244389424,4.444767244389424,4.449401255546115,4.452682984355227,4.506954289753777,4.5069282466143274,4.5501883589572785,4.7410196304528185,4.741499718915061,4.879489335752371,4.899102688381885,4.90013085328747,4.908671016616813,4.931985265765253,5.007277457383527,5.007277457383527,5.007277457383527,5.010647844934002,5.028733687741513,5.029066869311824,,,4.503079297360577,4.693035948841213,4.568456758857947,#000000,0.1831485883249027,4.621525470278637,0.1554722860918284,33.63555711297829,-21.661698341269013,False,True,False,True,True,0.0,0.0,0.0,0.0,0.0,0,0.9867256637168141,0.9277286135693217,False,False,False,False,0.034024224783259956,0.0582686573445398,False,False,False,False,145041.0,142624.60503762407,False,False,False,False,325.148121780884,False,False,False,False
2025-06-24 17:00:00+00:00,4.65,4.665,4.65,4.655,682.0,,,,,,,,,,,,,4.708132536437035,4.907637235012201,4.673786610151827,4.673786610151827,4.583720014249321,4.41732731332517,4.429495086823787,4.4425478298747,4.503708784054488,4.692948734177207,4.704759419279899,4.779123280917035,4.779123280917035,4.896605890643993,5.01137434041202,5.022900592800183,,,,,,,,,,,4.825013271233974,4.825077496991576,4.68175508133678,4.63946835443038,4.63946835443038,4.63916447944007,4.574116845263087,4.574116845263087,4.329909002241826,4.36318055522852,4.425018583140833,4.445745709655871,4.445745709655871,4.450350048774812,4.453611767612026,4.507561772282943,4.507535473538792,4.550486122216345,4.740827789393644,4.741306940293279,4.87913506437798,4.89875247642892,4.899783472982072,4.9083264363944545,4.931626123868805,5.006842978069798,5.006842978069798,5.006842978069798,5.010210157671138,5.02827882096005,5.028611695562672,,,4.503708784054488,4.692948734177207,4.566377835882495,#000000,0.18116335766970498,4.618355858938737,0.20227126242643506,33.96885853213839,-21.661698341269013,False,True,False,True,True,0.0,0.0,0.0,0.0,0.0,0,0.9896983075791023,0.9286239882266373,False,False,False,False,0.03954702508321047,0.04890784121387513,False,False,False,False,145723.0,142672.64216882372,False,False,False,False,330.6807090400951,False,False,False,False
2025-06-24 18:00:00+00:00,4.655,4.66,4.625,4.63,1288.0,,,,,,,,,,,,,4.688006865159316,4.880162904290429,4.67226807666301,4.67226807666301,4.5851024940547545,4.419335268474365,4.431349059746586,4.444249221288894,4.504742825962502,4.692702505297146,4.704462643837636,4.778550026870667,4.778550026870667,4.895880252426211,5.010505915694579,5.022011702381576,,,,,,,,,,,4.79474592984223,4.795791428223548,4.6798621312122775,4.63942390334874,4.63942390334874,4.6391319518296825,4.575592059500241,4.575592059500241,4.3333401423413775,4.365934327932968,4.426930401987323,4.447410672734433,4.447410672734433,4.451961276884582,4.455186654928332,4.508556273925153,4.508529588213889,4.550947632973986,4.740389448751785,4.740866901124172,4.878414179870565,4.898043951703194,4.899080850927695,4.907631017611223,4.930905357017934,5.005982561090572,5.005982561090572,5.005982561090572,5.0093437917150565,5.027380571696332,5.027712877235523,,,4.504742825962502,4.692702505297146,4.562951143303087,#000000,0.17947651606775503,4.61299797176081,0.09473121393091766,33.549127552704846,-21.661698341269013,False,True,False,True,True,0.0,0.0,0.0,0.0,0.0,0,0.9860907759882869,0.9297218155197656,False,False,False,False,0.028503498492434266,0.0387056698531547,False,False,False,False,144435.0,142699.96554605127,False,False,False,False,345.52286858986105,False,False,False,False
2025-06-24 19:00:00+00:00,4.63,4.66,4.55,4.56,1646.0,,,,,,,,,,,,,4.66161731828344,4.846695863405974,4.6679986547697885,4.6679986547697885,4.585255963599671,4.421294086883759,4.433128775332639,4.445850076626564,4.505571562710384,4.692114171428829,4.703812821768624,4.777573999295537,4.777573999295537,4.894785916270538,5.0092586138542545,5.020739358685096,,,,,,,,,,,4.759603927702468,4.761433715386956,4.675119959817471,4.637068203316539,4.637068203316539,4.636791725747799,4.576002980264412,4.576002980264412,4.336937891742744,4.368763921815341,4.428776976684991,4.448968808780899,4.448968808780899,4.4534568978001285,4.456639677924888,4.509340178896875,4.509313291761878,4.551208073858885,4.739571971735938,4.740047478257227,4.877314975823037,4.896976615191606,4.898022986545903,4.906588931897701,4.9298380744426495,5.004745032406392,5.004745032406392,5.004745032406392,5.0080990037943875,5.026096793981341,5.026428405881854,,,4.505571562710384,4.692114171428829,4.557854232585015,#000000,0.17885365702336073,4.605202398338257,-0.2527339898470915,31.64427125532056,-21.661698341269013,False,True,False,True,True,0.0,0.0,0.0,0.0,0.0,0,0.9755043227665706,0.9308357348703171,False,False,False,False,0.0009191834433644512,0.019812426648259576,False,False,False,False,142789.0,142701.34592518225,False,False,False,False,365.68530473575464,False,False,False,False
2025-06-25 14:00:00+00:00,4.56,4.56,4.56,4.56,0.0,,,,,,,,,,,,,4.66161731828344,4.846695863405974,4.6679986547697885,4.6679986547697885,4.585255963599671,4.421294086883759,4.433128775332639,4.445850076626564,4.505571562710384,4.692114171428829,4.703812821768624,4.777573999295537,4.777573999295537,4.894785916270538,5.0092586138542545,5.020739358685096,,,,,,,,,,,4.759603927702468,4.761433715386956,4.675119959817471,4.637068203316539,4.637068203316539,4.636791725747799,4.576002980264412,4.576002980264412,4.336937891742744,4.368763921815341,4.428776976684991,4.448968808780899,4.448968808780899,4.4534568978001285,4.456639677924888,4.509340178896875,4.509313291761878,4.551208073858885,4.739571971735938,4.740047478257227,4.877314975823037,4.896976615191606,4.898022986545903,4.906588931897701,4.9298380744426495,5.004745032406392,5.004745032406392,5.004745032406392,5.0080990037943875,5.026096793981341,5.026428405881854,,,4.505571562710384,4.692114171428829,4.557854232585015,#000000,0.17822771141749097,4.605202398338257,-0.25362160563444874,30.37436705706437,-21.661698341269013,False,True,False,True,False,0.0,0.0,0.0,0.0,0.0,0,0.9769452449567723,0.9452449567723343,False,False,False,False,-0.03218384253699651,-0.006185707944368466,False,False,False,False,142789.0,142702.7049030864,False,False,False,False,360.01576512744833,False,False,False,False
2025-06-25 15:00:00+00:00,4.56,4.56,4.56,4.56,0.0,,,,,,,,,,,,,4.66161731828344,4.846695863405974,4.6679986547697885,4.6679986547697885,4.585255963599671,4.421294086883759,4.433128775332639,4.445850076626564,4.505571562710384,4.692114171428829,4.703812821768624,4.777573999295537,4.777573999295537,4.894785916270538,5.0092586138542545,5.020739358685096,,,,,,,,,,,4.759603927702468,4.761433715386956,4.675119959817471,4.637068203316539,4.637068203316539,4.636791725747799,4.576002980264412,4.576002980264412,4.336937891742744,4.368763921815341,4.428776976684991,4.448968808780899,4.448968808780899,4.4534568978001285,4.456639677924888,4.509340178896875,4.509313291761878,4.551208073858885,4.739571971735938,4.740047478257227,4.877314975823037,4.896976615191606,4.898022986545903,4.906588931897701,4.9298380744426495,5.004745032406392,5.004745032406392,5.004745032406392,5.0080990037943875,5.026096793981341,5.026428405881854,,,4.505571562710384,4.692114171428829,4.557854232585015,#000000,0.17737302272101166,4.605202398338257,-0.2548437053438259,29.52776425822691,-21.661698341269013,False,True,False,True,False,0.0,0.0,0.0,0.0,0.0,0,0.9769452449567723,0.9452449567723343,False,False,False,False,-0.03218384253699651,-0.019184775240682485,False,False,False,False,142789.0,142704.04281156565,False,False,False,False,354.43412535803054,False,False,False,False
2025-06-25 16:00:00+00:00,4.56,4.59,4.49,4.54,444.0,,,,,,,,,,,,,4.653382136139495,4.837441839392909,4.666231564109742,4.666231564109742,4.5848766306092,4.421660468252533,4.433451186229546,4.446128194892608,4.505661599264923,4.691879481174138,4.703562345173065,4.777242729728025,4.777242729728025,4.894443858151963,5.0088834530146045,5.020357742429745,,,,,,,,,,,4.749886552388546,4.751891196738814,4.673223539328805,4.635836049326245,4.635836049326245,4.635563888650801,4.575728115274171,4.575728115274171,4.337702811619778,4.369345248563164,4.429115678218944,4.449236345543685,4.449236345543685,4.4537090941310815,4.456881330443146,4.509419575593208,4.509392711763963,4.551187947493228,4.739279775546424,4.739754817487376,4.876968554812034,4.896643284065486,4.897692753008995,4.906264794716058,4.929509134676301,5.004372383652688,5.004372383652688,5.004372383652688,5.007724489501724,5.025712235381744,5.026043669258014,,,4.505661599264923,4.691879481174138,4.556136204758607,#000000,0.17715463800241046,4.60265216921266,-0.3536580804156385,28.432971361359705,-21.661698341269013,False,True,False,True,False,0.0,0.0,0.0,0.0,0.0,0,0.9711815561959655,0.9510086455331415,False,False,False,False,-0.04691464356743563,-0.03304970940405906,False,False,False,False,142345.0,142698.47625634758,False,False,False,False,355.82274356953394,False,False,False,False
2025-06-25 17:00:00+00:00,4.54,4.54,4.49,4.49,2.0,,,,,,,,,,,,,4.65333739899375,4.837396887952707,4.666221641845187,4.666221641845187,4.584873677785538,4.421661650076001,4.433452181160553,4.4461290004235785,4.505661611104567,4.691878193990772,4.703560989048825,4.777241030247066,4.777241030247066,4.8944421740788915,5.008881644417079,5.0203559056178655,,,,,,,,,,,4.749838082901555,4.751843603428757,4.673213010083133,4.635828663998477,4.635828663998477,4.635556523726539,4.575725740355462,4.575725740355462,4.337705678572438,4.369347348487745,4.429116741996622,4.449237105827531,4.449237105827531,4.453709789276556,4.456881980535024,4.509419543481263,4.509392679983913,4.551187587374642,4.739278241447566,4.739753281471199,4.876966841763985,4.896641643778387,4.897691128353749,4.906263203173544,4.9295075275274565,5.004370586011529,5.004370586011529,5.004370586011529,5.007722683725265,5.025710385726719,5.026041818827442,,,4.505661611104567,4.691878193990772,4.556126840561586,"rgba(239, 83, 80, 0.5)",0.17776168376850943,4.60263854935426,-0.6336492036210866,26.491464987247113,-19.10077925754484,False,True,False,True,False,0.0,0.0,0.0,0.0,0.0,0,0.9626704953338119,0.9562096195262026,False,False,False,False,-0.06535755538268295,-0.049203632393371007,False,False,False,False,142343.0,142692.96499655923,False,False,False,False,350.3371196382233,False,False,False,False
2025-06-25 18:00:00+00:00,4.49,4.53,4.49,4.53,21.0,,,,,,,,,,,,,4.652901215805471,4.836939883294884,4.666124057502695,4.666124057502695,4.584846649306209,4.421675516818763,4.433464052953618,4.446138854150037,4.505662972145826,4.691865409316383,4.703547474010068,4.777223846444517,4.777223846444517,4.894424948177228,5.00886303304423,5.020336995321955,,,,,,,,,,,4.749351198170429,4.751365323778165,4.673109166719316,4.6357571688427965,4.6357571688427965,4.635485238693469,4.575704423054886,4.575704423054886,4.337737557008875,4.369370999225327,4.429129349992686,4.4492464774284075,4.4492464774284075,4.453718465290764,4.456890176366265,4.509420430997952,4.509393570271247,4.55118465572091,4.73926282706515,4.739737846409981,4.87694934143167,4.896624863219631,4.897674506529069,4.906246910925122,4.929491052272521,5.004352090793795,5.004352090793795,5.004352090793795,5.007704102256399,5.025691339305656,5.0260227641813024,,,4.505662972145826,4.691865409316383,4.556034852175025,#000000,0.17765000006338827,4.602503880985731,-0.4081276721635817,28.05650174542364,-19.10077925754484,False,True,False,True,False,0.0,0.0,0.0,0.0,0.0,0,0.9593147751605997,0.9578872234118488,False,False,False,False,-0.06905107068588201,-0.059127351539626505,False,False,False,False,142364.0,142687.86476405442,False,False,False,False,345.23111778336715,False,False,False,False
2025-06-25 19:00:00+00:00,4.53,4.53,4.455,4.455,164.0,,,,,,,,,,,,,4.648696619217082,4.833011676285062,4.665180433617743,4.665180433617743,4.584523182462344,4.421741923017288,4.433515843071258,4.446175754635906,4.505638209827514,4.691744749072507,4.703421299881258,4.777070853224604,4.777070853224604,4.894277423733327,5.008706911396678,5.02017861632298,,,,,,,,,,4.4799999999999995,4.745029351335487,4.747122815379727,4.672113946326444,4.635030759751649,4.635030759751649,4.634760571785837,4.57543540609717,4.57543540609717,4.337935185577343,4.369509526209164,4.429186497063687,4.449279820971698,4.449279820971698,4.453746719633253,4.4569148913045815,4.50939232044993,4.509365501740984,4.551137476223576,4.739122704393804,4.739597577948857,4.876798827480753,4.896481224540999,4.8975322604091005,4.906107752365447,4.929351009808379,5.004196844172207,5.004196844172207,5.004196844172207,5.007548205991941,5.025531933905695,5.025863296903951,,,4.505638209827514,4.691744749072507,4.553979022160339,"rgba(239, 83, 80, 0.5)",0.17940278805068688,4.606740185856177,-0.8458072893120565,27.12992104496483,-19.10077925754484,False,True,False,True,False,0.0,0.0,0.0,0.0,0.0,0,0.9567375886524823,0.9602836879432627,False,False,False,False,-0.08199386792195912,-0.07056060973079281,False,False,False,False,142200.0,142680.30096926287,False,False,False,False,342.421333011532,False,False,False,False
2025-06-26 14:00:00+00:00,4.455,4.545,4.455,4.545,4.0,,,,,,,,,,,,,4.64861736810907,4.832926338387226,4.665161865314872,4.665161865314872,4.584517951418932,4.421744512710148,4.433518054820425,4.446177583900348,4.505638430145106,4.691742294020067,4.703418706056041,4.777067563057557,4.777067563057557,4.894274130765714,5.008703356703362,5.0201750047957985,,,,,,,,,,4.480833333333332,4.744939364303179,4.747034337081507,4.672094199710931,4.635017107869621,4.635017107869621,4.634746959536259,4.575431262996731,4.575431262996731,4.337941184774843,4.369513969480414,4.429188848247394,4.449281558853668,4.449281558853668,4.453748325718493,4.4569164063739635,4.50939245113004,4.509365632969619,4.551136892060824,4.739119750026906,4.739594619661969,4.8767954815191565,4.89647801670707,4.897529082927361,4.906104638084492,4.929347861190641,5.0041933115612816,5.0041933115612816,5.0041933115612816,5.007544656983812,5.025528296498432,5.025859657933059,,,4.505638430145106,4.691742294020067,4.553995230324855,#000000,0.17950550193580292,4.6140068980054965,-0.38442775993671585,31.586147696618852,-22.703664657657658,False,True,False,True,True,0.0,0.0,0.0,0.0,0.0,0,0.9557584269662922,0.958567415730337,False,False,False,False,-0.076443849665652,-0.0735022296982224,False,False,False,False,142204.0,142672.9164581115,False,False,False,False,337.17449063926017,False,False,False,False
2025-06-26 15:00:00+00:00,4.545,4.565,4.545,4.55,166.0,,,,,,,,,,,,,4.64632966927008,4.82984695682944,4.664590995756199,4.664590995756199,4.584420879587958,4.421895983431685,4.433652868530218,4.446295648537788,4.5056849658604445,4.691662554011133,4.703333012307879,4.776951055649136,4.776951055649136,4.894151329997673,5.008567332648343,5.020036541453158,,,,,,,,,,4.51686626746507,4.741878388348892,4.744017979987492,4.671477973660084,4.634633366350645,4.634633366350645,4.634364735939062,4.575368572763212,4.575368572763212,4.338243617396207,4.3697466486709065,4.42932984623946,4.449395621328087,4.449395621328087,4.45385657100077,4.457020661937609,4.509434905594489,4.509408088634496,4.551138364551277,4.739018171218522,4.739492861656326,4.87667138525397,4.896358311635462,4.897410473580786,4.90598810232163,4.929229320535738,5.004058237545133,5.004058237545133,5.004058237545133,5.007408877403715,5.025388720715592,5.025720014788102,,,4.5056849658604445,4.691662554011133,4.554916271003578,#000000,0.17908282345791005,4.616867563203693,-0.3733890381698652,34.806311785928706,-19.747131358150817,False,True,False,True,True,0.0,0.0,0.0,0.0,0.0,0,0.9690794096978216,0.9557273366127899,False,False,False,False,-0.03586498471475017,-0.05468360720648628,False,False,False,False,142370.0,142668.22007891597,False,False,False,False,334.52062256733365,False,False,False,False
2025-06-26 16:00:00+00:00,4.55,4.57,4.55,4.55,31.0,,,,,,,,,,,,,4.645929445644349,4.829286234522942,4.664488207523019,4.664488207523019,4.584404755211553,4.4219249478885025,4.433678711239721,4.44631835365058,4.505694253454471,4.691648031574386,4.703317375484058,4.776929635810053,4.776929635810053,4.894128631320573,5.008542125504428,5.020010877559715,,,,,,,,,,4.520246575342465,4.741327480330072,4.7434747295232755,4.671366830090875,4.6345650247884045,4.6345650247884045,4.634296674107774,4.575358669968968,4.575358669968968,4.338300875501735,4.369790823314758,4.429356848554499,4.449417576685903,4.449417576685903,4.453877435897436,4.457040779333549,4.509443426073026,4.509416608992517,4.551139056579647,4.738999554301151,4.73947421101761,4.876648460001955,4.896336183467685,4.897388547195549,4.905966553773052,4.929207387938964,5.00403320832988,5.00403320832988,5.00403320832988,5.007383716044587,5.025362848492731,5.025694129947691,,,4.505694253454471,4.691648031574386,4.554958988461646,#000000,0.17865874158838485,4.616923648430692,-0.3745892747015925,36.95308784546861,-17.801618884275655,False,False,False,True,True,0.0,0.0,0.0,0.0,0.0,0,0.9698668535388928,0.9516468114926417,False,False,False,False,-0.032183842536995855,-0.04343372487174107,False,False,False,False,142370.0,142663.596511801,False,False,False,False,329.8148764810184,False,False,False,False
2025-06-26 17:00:00+00:00,4.55,4.56,4.53,4.53,417.0,,,,,,,,,,,,,4.639929367019832,4.821513530927834,4.662913506845438,4.662913506845438,4.584060423485073,4.4222653159038385,4.433978319142228,4.446576875565263,4.505778115834131,4.691428901448333,4.703083490451014,4.776620137311712,4.776620137311712,4.893808528748291,5.008190825690279,5.0196535251214645,,,,,,,,,,4.530780051150895,4.733581972506689,4.735836184131557,4.66967817509248,4.6334630038472655,4.6334630038472655,4.633198486287215,4.575108601019864,4.575108601019864,4.339009617464235,4.370330204929454,4.429671557325987,4.449666280394263,4.449666280394263,4.454111906176483,4.457265463811509,4.509517396184065,4.509490601067535,4.55112033147627,4.738726638382768,4.739200859897024,4.8763243515093855,4.896024212280336,4.8970794619302875,4.905663130896406,4.9288994222066265,5.0036842639929615,5.0036842639929615,5.0036842639929615,5.007033022463823,5.02500273706286,5.025333851571589,,,4.505778115834131,4.691428901448333,4.553994734038735,#000000,0.17908282345791005,4.614869478055278,-0.47391188287370495,37.56158830350165,-17.19258889768158,False,False,False,True,True,0.0,0.0,0.0,0.0,0.0,0,0.9672016748080949,0.9532449406838801,False,False,False,False,-0.04323028487148382,-0.04333200487161244,False,False,False,False,141953.0,142652.57951161804,False,False,False,False,331.16658382239797,False,False,False,False
2025-06-26 18:00:00+00:00,4.53,4.53,4.485,4.495,51.0,,,,,,,,,,,,,4.6389896128423045,4.8204713891208,4.662667009924182,4.662667009924182,4.583983936190634,4.422293886623823,4.434002213500327,4.44659602454778,4.505777385124498,4.691395666022244,4.70304851081947,4.776576483460489,4.776576483460489,4.893765366139478,5.008144535135983,5.0196065184651015,,,,,,,,,,4.529099639855942,4.732503673094582,4.734773575887923,4.669417069342282,4.633277799482801,4.633277799482801,4.63301377694732,4.57504657165935,4.57504657165935,4.339080205630986,4.370381732641555,4.429697173222784,4.449684295399199,4.449684295399199,4.4541282899746335,4.457280718271024,4.509515565847027,4.509488779718233,4.55111050878699,4.738687162472466,4.7391613356508255,4.87628043830388,4.895982169348163,4.897037818916307,4.905622338500937,4.928858242767379,5.003638251476483,5.003638251476483,5.003638251476483,5.00698680350148,5.0249554044525615,5.025286499280228,,,4.505777385124498,4.691395666022244,4.553713666230011,"rgba(239, 83, 80, 0.5)",0.18234026700916142,4.61431051821098,-0.6543289651154504,36.604990307913305,-17.19258889768158,False,False,False,True,True,0.0,0.0,0.0,0.0,0.0,0,0.9610027855153206,0.961699164345404,False,False,False,False,-0.07089852768278078,-0.05711526627719661,False,False,False,False,141902.0,142640.94261996503,False,False,False,False,326.8229158561592,False,False,False,False
2025-06-26 19:00:00+00:00,4.495,4.57,4.495,4.56,118.0,,,,,,,,,,,,,4.637464701456203,4.818374444940191,4.662236104823703,4.662236104823703,4.58389137084067,4.422391146739582,4.434087967744187,4.446670181144333,4.5058021867972275,4.6913344784913384,4.702983149821056,4.776489696112005,4.776489696112005,4.893675337760974,5.008045594584592,5.019505863812491,,,,,,,,,,4.530658955485454,4.7304580002422485,4.732752948479205,4.668954787533097,4.632977117638333,4.632977117638333,4.632714153347233,4.574979959750383,4.574979959750383,4.339281356759394,4.3705351310599925,4.429787191279171,4.449755680223791,4.449755680223791,4.454195655292952,4.457345320582688,4.5095375681198275,4.509510787558422,4.551106019527509,4.73861074497609,4.739084794620573,4.87618931402121,4.8958944214746,4.8969508801246215,4.905536978292963,4.928771575735278,5.003539978078405,5.003539978078405,5.003539978078405,5.006888034652349,5.0248539683782,5.025185015915925,,,4.5058021867972275,4.6913344784913384,4.55341052898385,#000000,0.18320040225770984,4.613822753496159,-0.29379167749012935,39.895600559032516,-14.84571668038722,False,False,False,True,True,0.0,0.0,0.0,0.0,0.0,0,0.960635359116022,0.9564917127071826,False,False,False,False,-0.05244360036222683,-0.05477943331971172,False,False,False,False,142020.0,142631.31560260121,False,False,False,False,323.585351269242,False,False,False,False
2025-06-27 14:00:00+00:00,4.56,4.56,4.56,4.56,0.0,,,,,,,,,,,,,4.637464701456203,4.818374444940191,4.662236104823703,4.662236104823703,4.58389137084067,4.422391146739582,4.434087967744187,4.446670181144333,4.5058021867972275,4.6913344784913384,4.702983149821056,4.776489696112005,4.776489696112005,4.893675337760974,5.008045594584592,5.019505863812491,,,,,,,,,,4.530658955485454,4.7304580002422485,4.732752948479205,4.668954787533097,4.632977117638333,4.632977117638333,4.632714153347233,4.574979959750383,4.574979959750383,4.339281356759394,4.3705351310599925,4.429787191279171,4.449755680223791,4.449755680223791,4.454195655292952,4.457345320582688,4.5095375681198275,4.509510787558422,4.551106019527509,4.73861074497609,4.739084794620573,4.87618931402121,4.8958944214746,4.8969508801246215,4.905536978292963,4.928771575735278,5.003539978078405,5.003539978078405,5.003539978078405,5.006888034652349,5.0248539683782,5.025185015915925,,,4.5058021867972275,4.6913344784913384,4.55341052898385,#000000,0.18373543945497017,4.613822753496159,-0.29293615676876494,42.08934072644532,-12.7341690241415,True,False,False,True,True,0.0,0.0,0.0,0.0,0.0,0,0.9695079695079696,0.9591129591129594,False,False,False,False,-0.03218384253699651,-0.04348163792835411,False,False,False,False,142020.0,142621.83784132058,False,False,False,False,318.56852411778084,False,False,False,False
2025-06-27 15:00:00+00:00,4.56,4.62,4.48,4.5,235.0,,,,,,,,,,,,4.533333333333334,4.634313674993562,4.814167922632503,4.661328338827292,4.661328338827292,4.583672080718591,4.422570871506403,4.434245145478401,4.446804596714937,4.505840024875187,4.691205994271937,4.702846423194441,4.776310920890567,4.776310920890567,4.893491939733901,5.007845158376954,5.0193020400711745,,,,,,,,,,4.53118887015177,4.726337721248777,4.72868209983785,4.66798441115577,4.632330026436751,4.632330026436751,4.632069179784591,4.574815101797885,4.574815101797885,4.339664320845614,4.370824974367523,4.429952712967374,4.449884655542642,4.449884655542642,4.4543167546824165,4.457460997639884,4.509569954748338,4.509543191868678,4.551089210059591,4.738452301968917,4.738926110804796,4.876003468361865,4.895715690696209,4.896773807846296,4.905363209955523,4.928595378539242,5.003340859686086,5.003340859686086,5.003340859686086,5.006687937638718,5.02464860080388,5.024979554955135,,,4.505840024875187,4.691205994271937,4.553772236530738,"rgba(239, 83, 80, 0.5)",0.18517887626890794,4.6207100986944045,-0.6518567405016276,40.85445259234149,-12.7341690241415,True,False,False,True,True,0.0,0.0,0.0,0.0,0.0,0,0.9604904632152589,0.9489100817438694,False,False,False,False,-0.03954709873587662,-0.041514368332115366,False,False,False,False,141785.0,142608.8636112226,False,False,False,False,317.27288808494706,False,False,False,False
2025-06-27 16:00:00+00:00,4.5,4.525,4.5,4.51,211.0,,,,,,,,,,,,4.523082959641256,4.631069533241403,4.810212064869331,4.660387967402204,4.660387967402204,4.583392748800352,4.422700276718477,4.434355081485472,4.446894798703797,4.505847206158952,4.6910750016712806,4.70270818054498,4.7761363337918885,4.7761363337918885,4.893317534057381,5.007657125563958,5.019111025114718,,,,,,,,,,4.528240276783584,4.722383155811653,4.7247760812078825,4.666986588009885,4.631630538307967,4.631630538307967,4.631371644564035,4.574591453077528,4.574591453077528,4.339968563476627,4.371049758582002,4.430069826994793,4.44997014090172,4.44997014090172,4.45439544289969,4.457534986824683,4.509572513858764,4.509545782145784,4.551055760417461,4.73829524356554,4.73876884814893,4.875826234373641,4.895545777453478,4.896605497017644,4.905198247843733,4.928428644984401,5.003153985409355,5.003153985409355,5.003153985409355,5.006500203102988,5.024456227906014,5.024787100018484,,,4.505847206158952,4.6910750016712806,4.552465759519751,"rgba(239, 83, 80, 0.5)",0.18680270943498528,4.6186236910497165,-0.5814888412393292,40.68049257288236,-12.7341690241415,True,False,False,True,True,0.0,0.0,0.0,0.0,0.0,0,0.9624829467939972,0.9631650750341064,False,False,False,False,-0.06720408417799834,-0.05435922625505685,False,False,False,False,141996.0,142599.3618498083,False,False,False,False,315.62524640921146,False,False,False,False
2025-06-27 17:00:00+00:00,4.53,4.58,4.5,4.5,551.0,,,,,,,,,,,,4.525063523905048,4.624323991557224,4.8008489152583,4.658229276534241,4.658229276534241,4.582823856673096,4.423093113892223,4.434696114321986,4.447183447599536,4.505913998528863,4.69076235523389,4.702376389178679,4.775707302431501,4.775707302431501,4.892880716495277,5.00718160232775,5.018627615514996,,,,,,,,,,4.527795174537988,4.713400249895877,4.715882624517952,4.664685919181101,4.630065270147141,4.630065270147141,4.629811208482096,4.574152280690082,4.574152280690082,4.340826970630038,4.371695642130426,4.430430009293599,4.4502462674376835,4.4502462674376835,4.454653465774225,4.457780528105991,4.5096268245053635,4.509600146375761,4.551001840349666,4.737913207481225,4.738386257935955,4.875383252743877,4.895120088578553,4.89618376733274,4.904784516018975,4.928009517750886,5.00268152897572,5.00268152897572,5.00268152897572,5.006025469293266,5.023969224887138,5.024299879702793,,,4.505913998528863,4.69076235523389,4.550815237815,"rgba(239, 83, 80, 0.5)",0.18937695380016523,4.615895124406178,-0.6119811417416345,40.10279073649729,-12.7341690241415,True,False,False,True,False,0.0,0.0,0.0,0.0,0.0,0,0.9747267759562841,0.9556010928961749,False,False,False,False,-0.04691464356743563,-0.05063693491124624,False,False,False,False,141445.0,142581.46476686554,False,False,False,False,319.27446739511515,False,False,False,False
2025-06-27 18:00:00+00:00,4.5,4.51,4.46,4.46,524.0,,,,,,,,,,,,4.508390313390312,4.615776439829136,4.790978404028665,4.655484043167131,4.655484043167131,4.581820965396218,4.423284933048171,4.434843054720387,4.447284554973824,4.505825037392203,4.6903758703013985,4.701972555794939,4.775219019574232,4.775219019574232,4.892409682746746,5.006683286756456,5.01812213951513,,,,,,,,,,4.516957254584682,4.703499348178892,4.706088190863156,4.661799247973438,4.627920235903185,4.627920235903185,4.62767104046654,4.573310058475673,4.573310058475673,4.341418348385023,4.372108343337336,4.430593385301472,4.4503364177231965,4.4503364177231965,4.454727953316071,4.457844105950905,4.509527536648465,4.509500995882411,4.550845879112079,4.737465478331963,4.737938069871557,4.874902765256746,4.894661356943268,4.895729446104717,4.904339978268555,4.927562182985155,5.002185988883402,5.002185988883402,5.002185988883402,5.0055278686191595,5.023460492767202,5.023790951273774,,,4.505825037392203,4.6903758703013985,4.547567495771303,"rgba(239, 83, 80, 0.5)",0.1934040255969776,4.610677133793872,-0.7790796149603342,37.97981755512985,-12.7341690241415,False,False,False,True,False,0.0,0.0,0.0,0.0,0.0,0,0.9694293478260869,0.9544836956521743,False,False,False,False,-0.08754893078706913,-0.06909293284915768,False,False,False,False,140921.0,142555.72112706918,False,False,False,False,322.4485066603072,False,False,False,False
2025-06-27 19:00:00+00:00,4.46,4.53,4.46,4.53,252.0,,,,,,,,,,,,4.508145328069185,4.61282118801949,4.786875405642728,4.654409734158361,4.654409734158361,4.581481059382365,4.423428262199213,4.434963781166209,4.447382327574944,4.505826266724631,4.69021652181395,4.701804651030553,4.77500830305313,4.77500830305313,4.892199853360619,5.006457517710043,5.017892833802434,,,,,,,,,,4.5160052618697994,4.699618444044546,4.702237292464879,4.660662216663761,4.627110271703116,4.627110271703116,4.626863233372188,4.573034310827968,4.573034310827968,4.34176360043665,4.3723622802025,4.430722437640811,4.450428701759407,4.450428701759407,4.454812336271053,4.4579230191970955,4.50952339812402,4.509496898104059,4.550801347178444,4.737275409964633,4.737747761574172,4.874689479539206,4.894456911374907,4.895526922255967,4.904141494865954,4.927361660683087,5.001961593501026,5.001961593501026,5.001961593501026,5.005302453252531,5.0232295766989425,5.023559937930962,,,4.505826266724631,4.69021652181395,4.546721340444605,#000000,0.1959694773071441,4.609315931977884,-0.40473615109750605,41.17157458723722,-12.7341690241415,True,False,False,True,True,0.0,0.0,0.0,0.0,0.0,0,0.9755600814663952,0.953156822810591,False,False,False,False,-0.08014331856354653,-0.07461812570635211,False,False,False,False,141173.0,142534.28359021537,False,False,False,False,321.3562817508451,False,False,False,False
2025-06-30 14:00:00+00:00,4.52,4.52,4.44,4.48,8328.0,,,,,,,,,,,,4.48494026994027,4.550086679522082,4.687780470466588,4.620815408455918,4.620815408455918,4.56828532096722,4.4264691998700485,4.437333838862561,4.4490655595488935,4.504637007219493,4.684358514052051,4.695677032019356,4.767551955770693,4.767551955770693,4.884920740775298,4.998717340555064,5.010039475083659,,,,,,,,,,4.4888742610688865,4.612973771061317,4.6156626750241685,4.6254349879029135,4.600507567368034,4.600507567368034,4.6003184593570055,4.561843102418918,4.561843102418918,4.350691830240235,4.378681235020444,4.433338411654218,4.451947488626718,4.451947488626718,4.456095784104375,4.459042481292279,4.508176381964612,4.508151827921665,4.548518882678104,4.7304590398625574,4.730924086848707,4.867276434132302,4.8873631939977304,4.888499624995099,4.897259035186001,4.920427357188286,4.994265315757953,4.994265315757953,4.994265315757953,4.997573582110038,5.015324714431162,5.015651967951891,,,4.504637007219493,4.684358514052051,4.523812094785707,#000000,0.19955418781341844,4.572737022748112,-0.46472100517790105,41.02400032289741,-12.7341690241415,True,False,False,True,True,0.0,0.0,0.0,0.0,0.0,1,0.9830393487109905,0.944369063772049,False,False,False,False,-0.09125528145488283,-0.08293670358061747,False,False,False,False,132845.0,142384.06213920427,False,False,False,False,445.4902928864909,False,False,False,False
2025-06-30 15:00:00+00:00,4.48,4.48,4.46,4.46,2838.0,,,,,,,,,,,,4.4809321946569804,4.538521169190687,4.665860637604209,4.611320375917004,4.611320375917004,4.563973471482965,4.4271922941215,4.4378506158124775,4.449369740223364,4.504050370822016,4.682310692065715,4.693541144277454,4.764982507505016,4.764982507505016,4.882418801491182,4.996064923871279,5.007349341753313,,,,,,,,,,4.484336813054956,4.5956346654417395,4.598201051646295,4.615542468019088,4.592738438567427,4.592738438567427,4.592563955786347,4.558095208362239,4.558095208362239,4.353189432973393,4.380406916474314,4.433930630168096,4.452200678437293,4.452200678437293,4.4562762090913655,4.459171988627862,4.507540864658412,4.507517028993324,4.547629436765324,4.7280986417292965,4.728561315404771,4.864728644995314,4.884923646002974,4.886082463784509,4.8948910662716285,4.918043091599974,4.99162752234533,4.99162752234533,4.99162752234533,4.994924931866783,5.012617416563219,5.012943634485205,,,4.504050370822016,4.682310692065715,4.518466546277742,"rgba(239, 83, 80, 0.5)",0.20343518347098435,4.564149163724787,-0.5119525637001809,40.1018711650232,-12.7341690241415,True,False,False,True,True,0.0,0.0,0.0,0.0,0.0,1,0.9834938101788169,0.955983493810179,False,False,False,False,-0.09867559321642976,-0.0908061483985236,False,False,False,False,130007.0,142192.1697029375,False,False,False,False,482.5834666401887,False,False,False,False
2025-06-30 16:00:00+00:00,4.46,4.57,4.435,4.57,2071.0,,,,,,,,,,,,4.487012436153676,4.537278884403236,4.656357970400772,4.60760722816492,4.60760722816492,4.562802939114881,4.428459575737102,4.438956815131254,4.450311656212981,4.504283931410445,4.681238173306725,4.692401810059115,4.7634962699808145,4.7634962699808145,4.880865377418217,4.994357426063747,5.005612984397429,,,,,,,,,,4.489613015057536,4.590012235119276,4.592433966092239,4.611604681604684,4.5899856756014294,4.5899856756014294,4.589819522081658,4.557170751226266,4.557170751226266,4.355847739792208,4.3824472129673175,4.435096403663302,4.453103163771467,4.453103163771467,4.45712165223211,4.4599779776051465,4.50773376938631,4.507710094078212,4.547451403846663,4.726781079379391,4.727241743588773,4.86315925480635,4.8834069985893,4.884578882215709,4.893412598542723,4.916541770567439,4.9899312579060195,4.9899312579060195,4.9899312579060195,4.99322032512921,5.010867891393825,5.011193311855525,,,4.504283931410445,4.681238173306725,4.517635532835902,#000000,0.2051007882318654,4.562295907084038,0.03756247346671811,45.104730891199935,-9.204874434070149,True,False,False,True,True,0.0,0.0,0.0,0.0,0.0,1,0.9931459904043864,0.9431117203564086,False,False,False,False,-0.07687379095079007,-0.08383996967465684,False,False,False,False,132078.0,142035.36087033383,False,False,False,False,507.21007956049584,False,False,False,False
2025-06-30 17:00:00+00:00,4.57,4.57,4.475,4.475,1445.0,,,,,,,,,,,,4.48873837739289,4.535434698018289,4.6496287539406,4.604665927270284,4.604665927270284,4.561650710227273,4.429160264876026,4.439551215847328,4.450797145082892,4.504302323096894,4.680411665962218,4.691529876405228,4.762391253212002,4.762391253212002,4.879734051679047,4.993127115729423,5.00436292817067,,,,,,,,,,4.49102876402773,4.585626904077,4.587964986297418,4.60851411761509,4.587688349520739,4.587688349520739,4.587527783075847,4.556205249649405,4.556205249649405,4.357458517188111,4.383658280144477,4.435729982233662,4.453562498392712,4.453562498392712,4.45754330323751,4.460373456591106,4.507725605839213,4.507702115875773,4.54722874777409,4.725789245279873,4.726248577025498,4.862013901550017,4.8823025916721665,4.8834840708485086,4.8923370202927146,4.915452296817627,4.988708625794224,4.988708625794224,4.988708625794224,4.9919919912924575,5.009608830370756,5.009933705952991,,,4.504302323096894,4.680411665962218,4.516585252381581,#000000,0.20836476159339665,4.560340417265995,-0.4095722165945168,44.58938603788811,-9.204874434070149,True,False,False,True,True,0.0,0.0,0.0,0.0,0.0,1,0.997293640054127,0.9438430311231395,False,False,False,False,-0.06647169625684433,-0.0751558329657506,False,False,False,False,130633.0,141858.58008164648,False,False,False,False,521.749458171961,False,False,False,False
2025-06-30 18:00:00+00:00,4.475,4.475,4.46,4.46,1243.0,,,,,,,,,,,,4.487071137981693,4.531964472102211,4.642755014426772,4.601250729512982,4.601250729512982,4.559973828566643,4.42943436742429,4.4397419509146,4.450901621719724,4.50404308835235,4.6795379289715475,4.690618772582638,4.7612946465653225,4.7612946465653225,4.878658254607227,4.991983525423498,5.003203015922177,,,,,,,,,,4.489293885284287,4.580403632225551,4.582689905090596,4.604968129021145,4.5848458216837535,4.5848458216837535,4.584690191840715,4.554729659373413,4.554729659373413,4.358437527464479,4.38433478079537,4.435951189556952,4.453646251850807,4.453646251850807,4.457597495234866,4.460406923736475,4.507446277137565,4.50742308750423,4.546844395809908,4.724782305719405,4.72524061537442,4.860919694930461,4.881252934224804,4.88244379226788,4.89131713266081,4.914424693628357,4.987571365928147,4.987571365928147,4.987571365928147,4.990850031379665,5.008441486105487,5.0087659130248925,,,4.50404308835235,4.6795379289715475,4.514782439129132,#000000,0.21114445761606224,4.557412010775915,-0.46135244029490596,43.72461462371383,-9.204874434070149,True,False,False,True,True,0.0,0.0,0.0,0.0,0.0,1,0.9952606635071087,0.9593771157752201,False,False,False,False,-0.12488046992887669,-0.10001815144731364,False,False,False,False,129390.0,141665.2687625512,False,False,False,False,532.9316371150314,False,False,False,False
2025-06-30 19:00:00+00:00,4.46,4.46,4.45,4.45,4483.0,,,,,,,,,,,,4.4802523931893665,4.520100464458805,4.620331528914707,4.589262992021598,4.589262992021598,4.553693854048989,4.43007588413399,4.440099669269459,4.450964468273187,4.502864794168616,4.676276534387357,4.687225985781392,4.75725280929029,4.75725280929029,4.874716087491077,4.987809472693787,4.998971012552038,,,,,,,,,,4.482324701711914,4.563239627587453,4.565357562715445,4.592561142544262,4.574704069404068,4.574704069404068,4.574564447348511,4.549139343926275,4.549139343926275,4.361454183596528,4.386344138408905,4.436412399283446,4.453638200299608,4.453638200299608,4.457488581352994,4.460227072072839,4.506199741363071,4.5061777258487,4.545294131424146,4.721054154795086,4.72150891372008,4.856908116787123,4.877405827589509,4.878630841714275,4.887579339621747,4.910661967216105,4.983419777483098,4.983419777483098,4.983419777483098,4.986681764898879,5.004183099812686,5.004505934590343,,,4.502864794168616,4.676276534387357,4.508359253208556,#000000,0.21416609703012332,4.54714019952077,-0.4535741224583599,42.781107010600856,-9.204874434070149,True,False,False,True,False,0.0,0.0,0.0,0.0,0.0,1,0.9911624745071378,0.9660095173351462,False,False,False,False,-0.14324729709636483,-0.12163272427183924,False,False,False,False,124907.0,141405.45064220155,False,False,False,False,594.1730070822402,False,False,False,False
2025-07-01 14:00:00+00:00,4.515,4.55,4.45,4.45,712.0,,,,,,,,,,,,4.480348214155709,4.519240018844772,4.617803336616383,4.587916845148855,4.587916845148855,4.553041875981503,4.430301969739429,4.4402796389190975,4.451096789380615,4.5027929802817885,4.6758357265478265,4.686764016399086,4.756683022336999,4.756683022336999,4.87414079553306,4.987189362562898,4.998341489567227,,,,,,,,,,4.482354820220321,4.5615614092013015,4.563648424543947,4.591159928170758,4.573598521539639,4.573598521539639,4.573461020135444,4.548568122338177,4.548568122338177,4.362066438541409,4.386790665494143,4.436609299730457,4.4537590578156845,4.4537590578156845,4.457592999260433,4.46032000406713,4.506116387298924,4.506094494649188,4.545131415883505,4.720536741643782,4.720990890818108,4.856325066418819,4.876843952528861,4.8780737650838955,4.887032164993404,4.910108838256679,4.982803324232415,4.982803324232415,4.982803324232415,4.986062596281489,5.003549285022507,5.0038718602424535,,,4.5027929802817885,4.6758357265478265,4.507814477867503,#000000,0.2171247824896325,4.546185760189117,-0.44299761218510353,42.1521019351922,-9.204874434070149,True,False,False,True,False,0.0,0.0,0.0,0.0,0.0,1,0.986559139784946,0.9563172043010754,False,False,False,False,-0.10711440101615788,-0.11437356264399856,False,False,False,False,124907.0,141149.6607097643,False,False,False,False,595.9997821662365,False,False,False,False
2025-07-01 15:00:00+00:00,4.45,4.455,4.41,4.415,516.0,,,,,,,,,,,,4.4791649223233225,4.517696132299074,4.6152807901512425,4.586445334606679,4.586445334606679,4.552198873576889,4.43029081989495,4.440238694785439,4.451024626763146,4.502590667882155,4.6754238517944176,4.686337628655807,4.756186269276126,4.756186269276126,4.873664625712858,4.986690473028183,4.997836128671206,,,,,,,,,,4.48117521893815,4.559538987515859,4.561610640219878,4.589644727290039,4.572321305234076,4.572321305234076,4.572185493286631,4.547806053630563,4.547806053630563,4.362300768828807,4.386923270261911,4.436579153543619,4.453679382032827,4.453679382032827,4.457502711062077,4.460222197189445,4.505907050725602,4.505885322568026,4.54490638344868,4.720073923049211,4.720527696277266,4.855839631978139,4.876379257113561,4.877613205706692,4.8865810088509845,4.90965576186213,4.982306939416119,4.982306939416119,4.982306939416119,4.985564352100389,5.0030409802100175,5.003363378000559,,,4.502590667882155,4.6754238517944176,4.50696328715755,"rgba(239, 83, 80, 0.5)",0.22100075414652404,4.544872170631794,-0.5876548753570688,40.31443384341187,-5.794796683579513,True,False,False,True,False,0.0,0.0,0.0,0.0,0.0,0,0.9838926174496643,0.9691275167785236,False,False,False,False,-0.1868619565112421,-0.15061775957762033,False,False,False,False,124391.0,140889.8365127137,False,False,False,False,594.7594754659848,False,False,False,False
2025-07-01 16:00:00+00:00,4.415,4.48,4.35,4.35,477.0,,,,,,,,,,,,4.477450877780568,4.515807948987279,4.612605643293324,4.584829887234529,4.584829887234529,4.551225240157093,4.430186331108662,4.440108640683584,4.4508675249050915,4.502322910565598,4.6749934588885464,4.6858942714182,4.755682071972338,4.755682071972338,4.873192588227944,4.986202676322714,4.997342540430838,,,,,,,,,,4.47948819637369,4.557266960891079,4.559327892007698,4.587987226008202,4.570894498479227,4.570894498479227,4.5707603169565045,4.546918482559796,4.546918482559796,4.362404480316873,4.3869429149667525,4.436458280841359,4.453515769171017,4.453515769171017,4.457329996652034,4.460042972216917,4.50563352265492,4.505611986525132,4.544640687645386,4.719598921109969,4.720052382330092,4.855357084269306,4.875918759176805,4.877156882111908,4.886134567339018,4.9092088308593205,4.98182137898455,4.98182137898455,4.98182137898455,4.9850771318551494,5.002544761098784,5.002867000673249,,,4.502322910565598,4.6749934588885464,4.505943148761434,"rgba(239, 83, 80, 0.5)",0.22608652573100438,4.543342833840827,-0.8551718560656925,36.90844759875551,-9.073590722256995,False,False,False,True,False,0.0,0.0,0.0,0.0,0.0,0,0.9759839893262172,0.9766511007338227,False,False,False,False,-0.2162104748749923,-0.1834141172263063,False,False,False,False,123914.0,140626.6452489507,False,False,False,False,592.9337471641866,False,False,False,False
2025-07-01 17:00:00+00:00,4.35,4.35,4.34,4.34,100.0,,,,,,,,,,,,4.4768917285082965,4.515260705862445,4.611926948120142,4.58440710655159,4.58440710655159,4.550958476087821,4.430134882178019,4.440052420096632,4.450806169704926,4.502241267754626,4.674887408416408,4.685785638478914,4.755561986720244,4.755561986720244,4.873083447137995,4.986091898663512,4.997230607561016,,,,,,,,,4.343333333333333,4.478942201013219,4.5566556171534165,4.558715367382242,4.5875549371263675,4.570514837554361,4.570514837554361,4.570381025444316,4.546673544521577,4.546673544521577,4.362391127790069,4.3869149143364705,4.436403745585939,4.4534531776058435,4.4534531776058435,4.4572657087107075,4.459977449912607,4.505550891394924,4.5055294082724835,4.544566736586373,4.7194842811368485,4.719937688064821,4.855245114869007,4.875812339146705,4.87705145068794,4.886031590496612,4.909106160945407,4.981711045637567,4.981711045637567,4.981711045637567,4.984966468819199,5.002432304718758,5.002754512924776,,,4.502241267754626,4.674887408416408,4.500987465636045,"rgba(239, 83, 80, 0.5)",0.23054209519663998,4.541966030313217,-0.8760483856145717,34.337029136408425,-11.467182793702392,False,False,False,True,False,0.0,0.0,0.0,0.0,0.0,0,0.9711796246648794,0.9959785522788207,False,False,False,False,-0.2969040292803967,-0.2401590732533515,False,False,False,False,123814.0,140365.98408230027,False,False,False,False,585.2913634872224,False,False,False,False
2025-07-01 18:00:00+00:00,4.34,4.375,4.34,4.365,12.0,,,,,,,,,,,,4.476833277773148,4.515201613329528,4.611850773973004,4.584359972928665,4.584359972928665,4.550929076376327,4.430129897053772,4.440046839813262,4.45079995283656,4.502232503209244,4.674875326405534,4.685773241372012,4.755548163614754,4.755548163614754,4.873070765180962,4.986078952537846,4.997217520481813,,,,,,,,4.36,4.345119047619048,4.47888499205045,4.556588203926946,4.5586477675407515,4.587506698229314,4.5704726994717815,4.5704726994717815,4.570338930296411,4.546646597456964,4.546646597456964,4.362390926911229,4.386912840728401,4.436398376792587,4.453446807463203,4.453446807463203,4.457259126845388,4.459970714929959,4.505541999487514,4.505520522201362,4.544558600785856,4.719471138368662,4.719924538335147,4.855232119180437,4.875799971226938,4.877039196711011,4.886019615319924,4.9090942059224165,4.981698153799371,4.981698153799371,4.981698153799371,4.984953536694722,5.002419153709032,5.002741358079441,,,4.502232503209244,4.674875326405534,4.497137254795679,"rgba(239, 83, 80, 0.5)",0.23335678131862014,4.536106064165648,-0.7332380194772377,34.45806524926466,-11.467182793702392,False,False,False,True,False,0.0,0.0,0.0,0.0,0.0,0,0.9709851551956813,0.9979757085020244,False,False,False,False,-0.29841873234557115,-0.2692889027994613,False,False,False,False,123826.0,140109.55022055918,False,False,False,False,576.403125293622,False,False,False,False
2025-07-01 19:00:00+00:00,4.365,4.445,4.35,4.445,400.0,,,,,,,,,,,,4.475792209743968,4.513925428294028,4.609869907950208,4.583170904814049,4.583170904814049,4.550226546511281,4.430090194966102,4.439984912323408,4.45071464486909,4.502050286104708,4.6745412475384445,4.685428107680118,4.755149998642582,4.755149998642582,4.872692297138124,4.985684456161383,4.996818077905617,,,,,,,,4.411779935275081,4.398411458333333,4.477850605546569,4.55496977913348,4.557018453632329,4.58628457908678,4.5694311792322555,4.5694311792322555,4.569298693124409,4.546008192763391,4.546008192763391,4.362533184399143,4.386980517470667,4.436344478003738,4.453355870918017,4.453355870918017,4.457160269466357,4.459866225294156,4.505354609208428,4.505333270704375,4.544366067684164,4.719098511889357,4.719551632321467,4.854845929256581,4.875430639077235,4.876673162501117,4.885661195172907,4.908734680150558,4.98130557023346,4.98130557023346,4.98130557023346,4.984559533246031,5.002017462062779,5.002339530980857,,,4.502050286104708,4.6745412475384445,4.500640312964761,#000000,0.23458608362524302,4.540287801268228,-0.4061954562507307,39.29941185831558,-15.145608915550547,True,False,False,True,True,0.0,0.0,0.0,0.0,0.0,0,0.9664654594232058,0.9899396378269618,False,False,False,False,-0.25988631853030403,-0.2645876106648827,False,False,False,False,124226.0,139863.29362799236,False,False,False,False,573.668193118527,False,False,False,False
2025-07-02 14:00:00+00:00,4.57,4.57,4.57,4.57,0.0,,,,,,,,,,,,4.475792209743968,4.513925428294028,4.609869907950208,4.583170904814049,4.583170904814049,4.550226546511281,4.430090194966102,4.439984912323408,4.45071464486909,4.502050286104708,4.6745412475384445,4.685428107680118,4.755149998642582,4.755149998642582,4.872692297138124,4.985684456161383,4.996818077905617,,,,,,,,4.411779935275081,4.398411458333333,4.477850605546569,4.55496977913348,4.557018453632329,4.58628457908678,4.5694311792322555,4.5694311792322555,4.569298693124409,4.546008192763391,4.546008192763391,4.362533184399143,4.386980517470667,4.436344478003738,4.453355870918017,4.453355870918017,4.457160269466357,4.459866225294156,4.505354609208428,4.505333270704375,4.544366067684164,4.719098511889357,4.719551632321467,4.854845929256581,4.875430639077235,4.876673162501117,4.885661195172907,4.908734680150558,4.98130557023346,4.98130557023346,4.98130557023346,4.984559533246031,5.002017462062779,5.002339530980857,,,4.502050286104708,4.6745412475384445,4.500640312964761,#000000,0.23286441943293243,4.540287801268228,0.12759441225124468,47.249454667133264,-7.99910666085826,True,False,False,False,True,0.0,0.0,0.0,0.0,0.0,0,0.9768518518518517,0.9887566137566138,False,False,False,False,-0.1006766410822061,-0.18263212587354438,False,False,False,False,124226.0,139620.85496709324,False,False,False,False,564.7741126050615,False,False,False,False
2025-07-02 15:00:00+00:00,4.57,4.62,4.57,4.62,13.0,,,,,,,,,,,,4.475860131361545,4.513961816208545,4.609867788861179,4.583175459632295,4.583175459632295,4.550235357428488,4.430103502541772,4.439997218358834,4.450725937731234,4.502057032668421,4.674538291560617,4.685424727828563,4.755144258130812,4.755144258130812,4.872685090669116,4.985675897275192,4.996809329493272,,,,,,,,4.417639215686274,4.403485714285714,4.4779149252162025,4.554987530233302,4.5570353246656214,4.5862884660353105,4.569438480526149,4.569438480526149,4.569306020159197,4.546017113148674,4.546017113148674,4.362555036660082,4.386998527245952,4.436357159269258,4.453366919983304,4.453366919983304,4.45717096022249,4.459876671128611,4.505361080065031,4.505339739683832,4.54436887933627,4.719093932570585,4.719547038433463,4.854838785792,4.875423576990682,4.876666150302195,4.885654237791494,4.90872748231612,4.981297085495403,4.981297085495403,4.981297085495403,4.9845509934238965,5.002008626852005,5.002330690486381,,,4.502057032668421,4.674538291560617,4.501092624741175,#000000,0.23100557693825358,4.5408506111138545,0.34262977515604226,53.913955294260106,-2.305379597964702,True,False,True,False,True,0.03268359945903043,0.0,0.0,0.0,0.0,0,0.9821073558648111,0.982770046388337,False,False,False,False,-0.08240448111937332,-0.13251830349645885,False,False,False,False,124239.0,139382.3765955104,False,False,False,False,556.2194752003319,False,False,False,False
2025-07-02 16:00:00+00:00,4.62,4.62,4.57,4.595,1303.0,,,,,,,,,,,,4.481897280340152,4.5171380157417165,4.609399882456182,4.583437271661371,4.583437271661371,4.550967582654397,4.431363368945285,4.441158872215483,4.451788065064723,4.502673448162364,4.674208722087593,4.685053122483428,4.7545396127202615,4.7545396127202615,4.87194244496031,4.984801317866222,4.995915909433496,,,,,,,,4.551378279320987,4.539997264770241,4.483636352272017,4.556407285369351,4.558372622169357,4.586483091290459,4.569978594363181,4.569978594363181,4.569848730459778,4.546769363741724,4.546769363741724,4.364650250883164,4.388719621776434,4.437555563929684,4.454405094077102,4.454405094077102,4.458173983058737,4.460855629691411,4.505950550864783,4.505929053400796,4.544609702677542,4.718603864909991,4.719055538898118,4.85410118797343,4.874695971330568,4.8759437602393,4.884938096984967,4.9079881157365275,4.980429874102234,4.980429874102234,4.980429874102234,4.983678308541202,5.001106580079075,5.001428118757558,,,4.502673448162364,4.674208722087593,4.513197711093847,#000000,0.22731888147242113,4.555697196983546,0.17289722156767612,57.03879346797301,0.13445307295660314,True,False,True,False,True,0.0,0.0,0.0,0.0,0.0,0,0.9820836098208359,0.9900464499004643,False,False,False,False,-0.08240448111937332,-0.10746139230791608,False,False,False,False,122936.0,139127.39401263426,False,False,False,False,567.7974678328848,False,False,False,False
2025-07-02 17:00:00+00:00,4.595,4.62,4.585,4.62,127.0,,,,,,,,,,,,4.482518671878023,4.517485067321907,4.6093966209166055,4.583490883297161,4.583490883297161,4.551058895044243,4.431495057684759,4.441280897369583,4.451900312405905,4.502741704943718,4.674182128443197,4.685022404866008,4.754485828493626,4.754485828493626,4.871873748296865,4.984719192894288,4.995831931511482,,,,,,,,4.555277628032345,4.544436487638533,4.484227443515477,4.556586248383041,4.5585435637696,4.586530567436557,4.570057422901191,4.570057422901191,4.569927796471247,4.546861377865649,4.546861377865649,4.364864151282459,4.388896594754655,4.437681211475185,4.454514987810754,4.454514987810754,4.45828041545511,4.460959696701987,4.506016131201563,4.505994614441031,4.544639231053638,4.718561436462964,4.719012967616271,4.85403320817289,4.874628626488377,4.875876881066614,4.88487168653251,4.907919299958718,4.980348474278487,4.980348474278487,4.980348474278487,4.983596369999474,5.001021753326264,5.001343240316172,,,4.502741704943718,4.674182128443197,4.513678262365185,#000000,0.2241925049578554,4.556271528723052,0.28425781356485713,59.88139107666138,2.530561014790173,True,False,True,False,True,0.050243996959892456,0.0,0.0,0.0,0.0,0,0.9853626081170987,0.996007984031936,False,False,False,False,-0.07560450984698061,-0.09153295107744835,False,False,False,False,123063.0,138878.33364034534,False,False,False,False,560.9633985641578,False,False,False,False
2025-07-02 18:00:00+00:00,4.62,4.62,4.56,4.57,630.0,,,,,,,,,,,,4.484918023497412,4.518705125188715,4.609007155281467,4.583489218087665,4.583489218087665,4.551311741444488,4.432053485426069,4.441793398999735,4.45236615096109,4.502999143101973,4.674000559392336,4.6848208331891135,4.7541740708079665,4.7541740708079665,4.871501221396575,4.984285306163775,4.995389043785326,,,,,,,,4.562390342052313,4.553916183107672,4.486504327425668,4.557035851187776,4.558957295750769,4.586496473707968,4.5701914091494045,4.5701914091494045,4.570063041134206,4.547129798369196,4.547129798369196,4.365811317638477,4.38967075354442,4.438210867783386,4.454969592405666,4.454969592405666,4.458718570467224,4.461386564935653,4.506261027316913,4.506239455611393,4.5447279718871085,4.7183038201794085,4.718754678592284,4.853662284803693,4.874263740677343,4.87551465713328,4.884512980044504,4.907549949275565,4.979918105562015,4.979918105562015,4.979918105562015,4.983163387952815,5.000574745446582,5.000895981834275,,,4.502999143101973,4.674000559392336,4.51483086280622,#000000,0.222103478034347,4.557557860194407,0.05601956311404021,59.09879145196175,2.530561014790173,True,False,True,False,True,0.0,0.0,0.0,0.0,0.0,0,0.9787939032471831,0.9960238568588468,False,False,False,False,-0.0869419845455554,-0.08923746781150188,False,False,False,False,122433.0,138623.36722731675,False,False,False,False,562.03373347014,False,False,False,False
2025-07-02 19:00:00+00:00,4.57,4.64,4.565,4.64,943.0,,,,,,,,,,,,4.489392646093236,4.521303667668241,4.60913826570463,4.583979972143774,4.583979972143774,4.5520499268673404,4.433055091092766,4.442723742094483,4.453224403492771,4.5035321144898735,4.673824583710236,4.6846142834137385,4.753795644852476,4.753795644852476,4.871006485869561,4.983688758239807,4.994778702262156,,,,,,,,4.576862602100349,4.570243291761149,4.490776191315589,4.558458478649385,4.560323201778192,4.5869442824695,4.570858241538574,4.570858241538574,4.5707315412242915,4.5478693165405275,4.5478693165405275,4.367417986270649,4.3910056877317984,4.439167944014837,4.455810487271217,4.455810487271217,4.459533914246197,4.462184457908749,4.506774134362144,4.50675240776955,4.54496837720014,4.718010084136648,4.71845987391138,4.853173788536853,4.87377853831438,4.8750327251278955,4.884033936620316,4.90705250864907,4.979326957764584,4.979326957764584,4.979326957764584,4.9825682282595345,4.999958083243309,5.000278934588572,,,4.5035321144898735,4.673824583710236,4.517194199412696,#000000,0.219122595164694,4.560313351622526,0.36366239783524407,60.86672631821487,3.521167737341699,True,False,True,False,True,0.8040590910170415,0.0,0.0,0.0,0.0,0,0.9802631578947368,0.9914473684210527,False,False,False,False,-0.07560450984698061,-0.08242098882924125,False,False,False,False,123376.0,138386.97393697075,False,False,False,False,567.9401872147889,False,False,False,True
2025-07-03 14:00:00+00:00,4.63,4.65,4.56,4.56,400.0,,,,,,,,,,,4.59,4.490839505285108,4.522081105295422,4.608962293788167,4.584019480768075,4.584019480768075,4.552235594858058,4.433418721979589,4.44305853124426,4.45352988856814,4.503706299165015,4.67371866635498,4.6844957065184385,4.753606944540441,4.753606944540441,4.870776768872024,4.983419178569967,4.994503396444578,,,,,,,,4.578235370950888,4.572255176510523,4.492155976591923,4.558783464702145,4.560626870635185,4.5869645113064035,4.570978316553231,4.570978316553231,4.570852367440572,4.5480631433664955,4.5480631433664955,4.368025072277984,4.391504504730334,4.4395135145971425,4.456108914982971,4.456108914982971,4.459821998343915,4.462465448383256,4.5069403840999875,4.506918617903631,4.545033629782581,4.717855875092474,4.718305234794831,4.852945496117759,4.873553444091034,4.874809236219609,4.883812416264552,4.906823997395746,4.979059617041884,4.979059617041884,4.979059617041884,4.982299224306884,4.999680155452099,5.0000008472508455,,,4.503706299165015,4.67371866635498,4.5230109306848165,#000000,0.21636320397894526,4.562887239037087,-0.013344408771873623,58.34945094823617,3.521167737341699,True,False,True,False,True,0.0,0.0,0.0,0.0,0.0,0,0.9784735812133071,0.9921722113502934,False,False,False,True,-0.07333943350012413,-0.07788021116468269,False,False,False,False,122976.0,138148.04410849058,False,False,False,False,565.3364633820014,False,False,False,False
2025-07-03 15:00:00+00:00,4.56,4.56,4.53,4.56,201.0,,,,,,,,,,,4.576622296173045,4.491263965732643,4.522238976724995,4.60869111904326,4.583907658762606,4.583907658762606,4.552230112249878,4.433554294938182,4.4431805495636665,4.453638037710876,4.503753112941284,4.673640162432736,4.684411058959329,4.753489143919695,4.753489143919695,4.870645053216483,4.9832700953019895,4.994351530470024,,,,,,,,4.576826756018863,4.5711717930088,4.49255736610739,4.558738222757519,4.560572508398656,4.586841954781387,4.570912397538313,4.570912397538313,4.57078686773975,4.548067610676335,4.548067610676335,4.368274137426204,4.391703896336911,4.439640568682423,4.45621372334498,4.45621372334498,4.4599219469426705,4.462562041017252,4.506983563156463,4.50696179724483,4.545037243374864,4.71775432613781,4.7182034874861065,4.8528135003042,4.873424531948428,4.874681311460854,4.8836860909604995,4.90669481323778,4.978911619494136,4.978911619494136,4.978911619494136,4.982150420336446,4.999527016952948,4.999847631469739,,,4.503753112941284,4.673640162432736,4.5224208992277575,#000000,0.21359309213784894,4.562094817603471,-0.009807515694934914,56.67126736825037,3.521167737341699,True,False,True,False,False,0.0,0.0,0.0,0.0,0.0,0,0.9745430809399477,1.0052219321148828,False,False,False,False,-0.127963561416577,-0.10292188629062984,False,False,False,False,122976.0,137912.81861843643,False,False,False,False,559.6878360427455,False,False,False,False
2025-07-03 16:00:00+00:00,4.555,4.57,4.515,4.56,1166.0,,,,,,,,,,,4.55795510281079,4.49354431536502,4.5230677525967895,4.60712265062031,4.583242024520188,4.583242024520188,4.552175452525884,4.434323406643719,4.443871961878985,4.454249889172119,4.504013102722747,4.673180607234849,4.683916050245468,4.752802887948545,4.752802887948545,4.869879139527239,4.982403964118449,4.993469302992575,,,,,,,,4.570431504651909,4.566142587346553,4.494715695384752,4.558436346595668,4.560219775240167,4.58611528294762,4.5705081909324,4.5705081909324,4.570385050238402,4.548071119062716,4.548071119062716,4.36969249148218,4.392838666583822,4.440360838315643,4.456806406995204,4.456806406995204,4.460486758311099,4.463107595040286,4.507222707206987,4.507200948556512,4.545051097284903,4.717161827779602,4.717609845646628,4.852045854559291,4.8726748917072635,4.873937404613985,4.882951509629508,4.905943764922283,4.978051768184951,4.978051768184951,4.978051768184951,4.9812859046469935,4.9986374286706345,4.998957596167559,,,4.504013102722747,4.673180607234849,4.521443913857045,#000000,0.21016224963387162,4.560553978547432,-0.0026359564974087484,55.5524783149265,3.521167737341699,True,False,True,False,False,0.0,0.0,0.0,0.0,0.0,0,0.9723137771918257,1.015820698747528,False,False,False,False,-0.1302538789339553,-0.11658788261229257,False,False,False,False,122976.0,137681.24003520486,False,False,False,False,569.08802463123,False,False,False,False
2025-07-03 17:00:00+00:00,4.56,4.56,4.56,4.56,0.0,,,,,,,,,,,4.55795510281079,4.49354431536502,4.5230677525967895,4.60712265062031,4.583242024520188,4.583242024520188,4.552175452525884,4.434323406643719,4.443871961878985,4.454249889172119,4.504013102722747,4.673180607234849,4.683916050245468,4.752802887948545,4.752802887948545,4.869879139527239,4.982403964118449,4.993469302992575,,,,,,,,4.570431504651909,4.566142587346553,4.494715695384752,4.558436346595668,4.560219775240167,4.58611528294762,4.5705081909324,4.5705081909324,4.570385050238402,4.548071119062716,4.548071119062716,4.36969249148218,4.392838666583822,4.440360838315643,4.456806406995204,4.456806406995204,4.460486758311099,4.463107595040286,4.507222707206987,4.507200948556512,4.545051097284903,4.717161827779602,4.717609845646628,4.852045854559291,4.8726748917072635,4.873937404613985,4.882951509629508,4.905943764922283,4.978051768184951,4.978051768184951,4.978051768184951,4.9812859046469935,4.9986374286706345,4.998957596167559,,,4.504013102722747,4.673180607234849,4.521443913857045,#000000,0.20659099166671427,4.560553978547432,-0.0026815232501819666,54.806618946043926,3.521167737341699,True,False,True,False,False,0.0,0.0,0.0,0.0,0.0,0,0.9775429326287974,1.012549537648613,False,False,False,False,-0.11424880251607472,-0.11541834256418365,False,False,False,False,122976.0,137453.25181760476,False,False,False,False,560.2649544819086,False,False,False,False
2025-07-03 18:00:00+00:00,4.56,4.56,4.56,4.56,0.0,,,,,,,,,,,4.55795510281079,4.49354431536502,4.5230677525967895,4.60712265062031,4.583242024520188,4.583242024520188,4.552175452525884,4.434323406643719,4.443871961878985,4.454249889172119,4.504013102722747,4.673180607234849,4.683916050245468,4.752802887948545,4.752802887948545,4.869879139527239,4.982403964118449,4.993469302992575,,,,,,,,4.570431504651909,4.566142587346553,4.494715695384752,4.558436346595668,4.560219775240167,4.58611528294762,4.5705081909324,4.5705081909324,4.570385050238402,4.548071119062716,4.548071119062716,4.36969249148218,4.392838666583822,4.440360838315643,4.456806406995204,4.456806406995204,4.460486758311099,4.463107595040286,4.507222707206987,4.507200948556512,4.545051097284903,4.717161827779602,4.717609845646628,4.852045854559291,4.8726748917072635,4.873937404613985,4.882951509629508,4.905943764922283,4.978051768184951,4.978051768184951,4.978051768184951,4.9812859046469935,4.9986374286706345,4.998957596167559,,,4.504013102722747,4.673180607234849,4.521443913857045,#000000,0.2021296970126185,4.560553978547432,-0.0027407083452851543,54.309379366788875,3.521167737341699,True,False,True,False,False,0.0,0.0,0.0,0.0,0.0,0,0.9959623149394343,1.0107671601615074,False,False,False,False,-0.11424880251607472,-0.11483357254012919,False,False,False,False,122976.0,137228.79830105274,False,False,False,False,551.578676117848,False,False,False,False
2025-07-03 19:00:00+00:00,4.56,4.56,4.56,4.56,0.0,,,,,,,,,,,4.55795510281079,4.49354431536502,4.5230677525967895,4.60712265062031,4.583242024520188,4.583242024520188,4.552175452525884,4.434323406643719,4.443871961878985,4.454249889172119,4.504013102722747,4.673180607234849,4.683916050245468,4.752802887948545,4.752802887948545,4.869879139527239,4.982403964118449,4.993469302992575,,,,,,,,4.570431504651909,4.566142587346553,4.494715695384752,4.558436346595668,4.560219775240167,4.58611528294762,4.5705081909324,4.5705081909324,4.570385050238402,4.548071119062716,4.548071119062716,4.36969249148218,4.392838666583822,4.440360838315643,4.456806406995204,4.456806406995204,4.460486758311099,4.463107595040286,4.507222707206987,4.507200948556512,4.545051097284903,4.717161827779602,4.717609845646628,4.852045854559291,4.8726748917072635,4.873937404613985,4.882951509629508,4.905943764922283,4.978051768184951,4.978051768184951,4.978051768184951,4.9812859046469935,4.9986374286706345,4.998957596167559,,,4.504013102722747,4.673180607234849,4.521443913857045,#000000,0.19811812837999282,4.560553978547432,-0.0027962032145281836,53.97788631395217,3.521167737341699,True,False,True,False,False,0.0,0.0,0.0,0.0,0.0,0,0.9959404600811904,0.997293640054127,False,False,False,False,-0.11890203967138548,-0.11686780610575734,False,False,False,False,122976.0,137007.82468398215,False,False,False,False,543.0270687361759,False,False,False,False
2025-07-04 14:00:00+00:00,4.56,4.56,4.56,4.56,0.0,,,,,,,,,,,4.55795510281079,4.49354431536502,4.5230677525967895,4.60712265062031,4.583242024520188,4.583242024520188,4.552175452525884,4.434323406643719,4.443871961878985,4.454249889172119,4.504013102722747,4.673180607234849,4.683916050245468,4.752802887948545,4.752802887948545,4.869879139527239,4.982403964118449,4.993469302992575,,,,,,,,4.570431504651909,4.566142587346553,4.494715695384752,4.558436346595668,4.560219775240167,4.58611528294762,4.5705081909324,4.5705081909324,4.570385050238402,4.548071119062716,4.548071119062716,4.36969249148218,4.392838666583822,4.440360838315643,4.456806406995204,4.456806406995204,4.460486758311099,4.463107595040286,4.507222707206987,4.507200948556512,4.545051097284903,4.717161827779602,4.717609845646628,4.852045854559291,4.8726748917072635,4.873937404613985,4.882951509629508,4.905943764922283,4.978051768184951,4.978051768184951,4.978051768184951,4.9812859046469935,4.9986374286706345,4.998957596167559,,,4.504013102722747,4.673180607234849,4.521443913857045,#000000,0.1938183881048598,4.560553978547432,-0.002858235242018055,53.75689094539437,3.521167737341699,True,False,True,False,False,0.0,0.0,0.0,0.0,0.0,0,0.9932203389830505,0.9966101694915254,False,False,False,False,-0.13016483174195256,-0.12351631892385495,False,False,False,False,122976.0,136790.27701446303,False,False,False,False,534.6080444146849,False,False,False,False
2025-07-04 15:00:00+00:00,4.56,4.56,4.56,4.56,0.0,,,,,,,,,,,4.55795510281079,4.49354431536502,4.5230677525967895,4.60712265062031,4.583242024520188,4.583242024520188,4.552175452525884,4.434323406643719,4.443871961878985,4.454249889172119,4.504013102722747,4.673180607234849,4.683916050245468,4.752802887948545,4.752802887948545,4.869879139527239,4.982403964118449,4.993469302992575,,,,,,,,4.570431504651909,4.566142587346553,4.494715695384752,4.558436346595668,4.560219775240167,4.58611528294762,4.5705081909324,4.5705081909324,4.570385050238402,4.548071119062716,4.548071119062716,4.36969249148218,4.392838666583822,4.440360838315643,4.456806406995204,4.456806406995204,4.460486758311099,4.463107595040286,4.507222707206987,4.507200948556512,4.545051097284903,4.717161827779602,4.717609845646628,4.852045854559291,4.8726748917072635,4.873937404613985,4.882951509629508,4.905943764922283,4.978051768184951,4.978051768184951,4.978051768184951,4.9812859046469935,4.9986374286706345,4.998957596167559,,,4.504013102722747,4.673180607234849,4.521443913857045,#000000,0.1897342380306716,4.560553978547432,-0.002919760572379612,53.60956069968917,3.521167737341699,True,False,True,False,False,0.0,0.0,0.0,0.0,0.0,0,0.9931459904043862,1.0054832076764908,False,False,False,False,-0.13016483174195256,-0.12684057533290377,False,False,False,False,122976.0,136576.10217702948,False,False,False,False,526.3195476020541,False,False,False,False
2025-07-04 16:00:00+00:00,4.56,4.56,4.56,4.56,0.0,,,,,,,,,,,4.55795510281079,4.49354431536502,4.5230677525967895,4.60712265062031,4.583242024520188,4.583242024520188,4.552175452525884,4.434323406643719,4.443871961878985,4.454249889172119,4.504013102722747,4.673180607234849,4.683916050245468,4.752802887948545,4.752802887948545,4.869879139527239,4.982403964118449,4.993469302992575,,,,,,,,4.570431504651909,4.566142587346553,4.494715695384752,4.558436346595668,4.560219775240167,4.58611528294762,4.5705081909324,4.5705081909324,4.570385050238402,4.548071119062716,4.548071119062716,4.36969249148218,4.392838666583822,4.440360838315643,4.456806406995204,4.456806406995204,4.460486758311099,4.463107595040286,4.507222707206987,4.507200948556512,4.545051097284903,4.717161827779602,4.717609845646628,4.852045854559291,4.8726748917072635,4.873937404613985,4.882951509629508,4.905943764922283,4.978051768184951,4.978051768184951,4.978051768184951,4.9812859046469935,4.9986374286706345,4.998957596167559,,,4.504013102722747,4.673180607234849,4.521443913857045,#000000,0.18658954326986313,4.560553978547432,-0.002968968880701037,53.5113405358857,7.458290864180498,True,False,True,False,False,0.0,0.0,0.0,0.0,0.0,0,0.988896599583622,1.0111034004163775,False,False,False,False,-0.13016483174195256,-0.12850270353742815,False,False,False,False,122976.0,136365.24787971118,False,False,False,False,518.1595546159757,False,False,False,False
2025-07-04 17:00:00+00:00,4.56,4.56,4.56,4.56,0.0,,,,,,,,,,,4.55795510281079,4.49354431536502,4.5230677525967895,4.60712265062031,4.583242024520188,4.583242024520188,4.552175452525884,4.434323406643719,4.443871961878985,4.454249889172119,4.504013102722747,4.673180607234849,4.683916050245468,4.752802887948545,4.752802887948545,4.869879139527239,4.982403964118449,4.993469302992575,,,,,,,,4.570431504651909,4.566142587346553,4.494715695384752,4.558436346595668,4.560219775240167,4.58611528294762,4.5705081909324,4.5705081909324,4.570385050238402,4.548071119062716,4.548071119062716,4.36969249148218,4.392838666583822,4.440360838315643,4.456806406995204,4.456806406995204,4.460486758311099,4.463107595040286,4.507222707206987,4.507200948556512,4.545051097284903,4.717161827779602,4.717609845646628,4.852045854559291,4.8726748917072635,4.873937404613985,4.882951509629508,4.905943764922283,4.978051768184951,4.978051768184951,4.978051768184951,4.9812859046469935,4.9986374286706345,4.998957596167559,,,4.504013102722747,4.673180607234849,4.521443913857045,#000000,0.18639437991759117,4.560553978547432,-0.0029720775254992596,53.44586042668339,6.924679027036191,True,False,True,False,False,0.0,0.0,0.0,0.0,0.0,0,0.9859845830413451,1.0112123335669236,False,False,False,False,-0.13016483174195256,-0.12933376763969034,False,False,False,False,122976.0,136157.66264126604,False,False,False,False,510.12607314906137,False,False,False,False
2025-07-04 18:00:00+00:00,4.56,4.56,4.56,4.56,0.0,,,,,,,,,,,4.55795510281079,4.49354431536502,4.5230677525967895,4.60712265062031,4.583242024520188,4.583242024520188,4.552175452525884,4.434323406643719,4.443871961878985,4.454249889172119,4.504013102722747,4.673180607234849,4.683916050245468,4.752802887948545,4.752802887948545,4.869879139527239,4.982403964118449,4.993469302992575,,,,,,,,4.570431504651909,4.566142587346553,4.494715695384752,4.558436346595668,4.560219775240167,4.58611528294762,4.5705081909324,4.5705081909324,4.570385050238402,4.548071119062716,4.548071119062716,4.36969249148218,4.392838666583822,4.440360838315643,4.456806406995204,4.456806406995204,4.460486758311099,4.463107595040286,4.507222707206987,4.507200948556512,4.545051097284903,4.717161827779602,4.717609845646628,4.852045854559291,4.8726748917072635,4.873937404613985,4.882951509629508,4.905943764922283,4.978051768184951,4.978051768184951,4.978051768184951,4.9812859046469935,4.9986374286706345,4.998957596167559,,,4.504013102722747,4.673180607234849,4.521443913857045,#000000,0.1857599438973731,4.560553978547432,-0.0029822282232088745,53.402207020548516,6.446633911617816,True,False,True,False,False,0.0,0.0,0.0,0.0,0.0,0,0.9844522968197875,1.0113074204946997,False,False,False,False,-0.13016483174195256,-0.12974929969082144,False,False,False,False,122976.0,135953.29577861074,False,False,False,False,502.2171417824092,False,False,False,False
2025-07-04 19:00:00+00:00,4.56,4.56,4.56,4.56,0.0,,,,,,,,,,,4.55795510281079,4.49354431536502,4.5230677525967895,4.60712265062031,4.583242024520188,4.583242024520188,4.552175452525884,4.434323406643719,4.443871961878985,4.454249889172119,4.504013102722747,4.673180607234849,4.683916050245468,4.752802887948545,4.752802887948545,4.869879139527239,4.982403964118449,4.993469302992575,,,,,,,,4.570431504651909,4.566142587346553,4.494715695384752,4.558436346595668,4.560219775240167,4.58611528294762,4.5705081909324,4.5705081909324,4.570385050238402,4.548071119062716,4.548071119062716,4.36969249148218,4.392838666583822,4.440360838315643,4.456806406995204,4.456806406995204,4.460486758311099,4.463107595040286,4.507222707206987,4.507200948556512,4.545051097284903,4.717161827779602,4.717609845646628,4.852045854559291,4.8726748917072635,4.873937404613985,4.882951509629508,4.905943764922283,4.978051768184951,4.978051768184951,4.978051768184951,4.9812859046469935,4.9986374286706345,4.998957596167559,,,4.504013102722747,4.673180607234849,4.521443913857045,#000000,0.1830063751166384,4.560553978547432,-0.003027099723052638,53.373104749791935,6.020654098352679,True,False,True,False,False,0.0,0.0,0.0,0.0,0.0,0,0.9871336669049317,1.0114367405289493,False,False,False,False,-0.13016483174195256,-0.129957065716387,False,False,False,False,122976.0,135752.09739444623,False,False,False,False,494.43082950671294,False,False,False,False
2025-07-07 14:00:00+00:00,4.57,4.57,4.57,4.57,0.0,,,,,,,,,,,4.55795510281079,4.49354431536502,4.5230677525967895,4.60712265062031,4.583242024520188,4.583242024520188,4.552175452525884,4.434323406643719,4.443871961878985,4.454249889172119,4.504013102722747,4.673180607234849,4.683916050245468,4.752802887948545,4.752802887948545,4.869879139527239,4.982403964118449,4.993469302992575,,,,,,,,4.570431504651909,4.566142587346553,4.494715695384752,4.558436346595668,4.560219775240167,4.58611528294762,4.5705081909324,4.5705081909324,4.570385050238402,4.548071119062716,4.548071119062716,4.36969249148218,4.392838666583822,4.440360838315643,4.456806406995204,4.456806406995204,4.460486758311099,4.463107595040286,4.507222707206987,4.507200948556512,4.545051097284903,4.717161827779602,4.717609845646628,4.852045854559291,4.8726748917072635,4.873937404613985,4.882951509629508,4.905943764922283,4.978051768184951,4.978051768184951,4.978051768184951,4.9812859046469935,4.9986374286706345,4.998957596167559,,,4.504013102722747,4.673180607234849,4.521443913857045,#000000,0.17991614663453148,4.560553978547432,0.05250235528752286,54.618230973368824,6.020654098352679,True,False,True,False,False,0.0,0.0,0.0,0.0,0.0,0,0.9856527977044475,1.006456241032999,False,False,False,False,-0.12068861576997335,-0.12532284074318017,False,False,False,False,122976.0,135554.01836507497,False,False,False,False,486.7652352507949,False,False,False,False
2025-07-07 15:00:00+00:00,4.57,4.57,4.415,4.415,925.0,,,,,,,,,,4.466666666666666,4.526587419514611,4.492718505724219,4.521681589924808,4.604285620700948,4.581536924885229,4.581536924885229,4.55123440926739,4.434494428374893,4.443990248052885,4.454313210390424,4.503841113290651,4.672581514864498,4.683290912032046,4.752045588936569,4.752045588936569,4.869120452019694,4.9815904900269015,4.99264395295675,,,,,,,,4.554748093681917,4.551349142550911,4.493880284637924,4.556371673882375,4.558128659916713,4.584353503946427,4.56905411406138,4.56905411406138,4.568933203190024,4.54722730855288,4.54722730855288,4.37029472254299,4.3932605669333515,4.440498404765543,4.456856478584058,4.456856478584058,4.4605179202872485,4.463125463611266,4.507037483233353,4.507015915315718,4.544790601560935,4.716468786297169,4.716916062666559,4.851276608064724,4.871933526920612,4.873202248835486,4.882229375691543,4.905214631782951,4.977242905103087,4.977242905103087,4.977242905103087,4.980473617870369,4.997806663593971,4.998126503678601,,,4.503841113290651,4.672581514864498,4.51853708198656,"rgba(239, 83, 80, 0.5)",0.17749284974812396,4.547863696649034,-0.748558022689803,44.288251945148815,-2.513728343475222,False,False,False,True,False,0.0,0.0,0.0,0.0,0.0,0,0.9674681753889671,1.0056577086280059,False,False,False,False,-0.19483119340182467,-0.16007701707250244,False,False,False,False,122051.0,135344.66924313584,False,False,False,False,493.55957268876705,False,False,False,False
2025-07-07 16:00:00+00:00,4.415,4.415,4.305,4.34,1000.0,,,,,,,,,,4.407792207792208,4.4796605272661605,4.488237531880237,4.517324412695948,4.598922819389535,4.577984620413756,4.577984620413756,4.548907557426328,4.4340331127960875,4.443484505313662,4.453759547111882,4.5030955011278575,4.671583421393235,4.682267654495564,4.750908036138842,4.750908036138842,4.868073383258799,4.980521014201643,4.991562953544123,,,,,,,4.353333333333333,4.526459503745318,4.523923130193905,4.489496001913259,4.5515505136850765,4.553296644094724,4.580727667477571,4.5658371857198246,4.5658371857198246,4.56571918029447,4.545078589344356,4.545078589344356,4.370181607401677,4.3930154115371645,4.440008385756024,4.45629125399027,4.45629125399027,4.45993679133097,4.4625327679467945,4.506282310167787,4.506261219011142,4.544105202676335,4.715385882773934,4.715832600759882,4.850204399570205,4.870911807624217,4.872189733492006,4.881239360075876,4.904226093238763,4.976177867681791,4.976177867681791,4.976177867681791,4.979405286743852,4.996720435363239,4.997039961624622,,,4.5030955011278575,4.671583421393235,4.505754993797943,"rgba(239, 83, 80, 1.0)",0.17624609126072288,4.5231372949472135,-1.039099895136378,35.49617162157629,-10.051570164518054,False,True,False,True,False,0.0,0.0,0.0,0.0,0.0,0,0.9486447931526388,1.047075606276748,False,False,False,False,-0.3272049504672136,-0.24364098376985802,False,False,False,False,121051.0,135123.06196804845,False,False,False,False,501.41136225948384,False,False,False,False
2025-07-07 17:00:00+00:00,4.34,4.345,4.34,4.345,300.0,,,,,,,,,,4.399101123595505,4.46941549766199,4.486853361353457,4.515983854260301,4.597294688041901,4.576893912396772,4.576893912396772,4.5481849851397955,4.4338787161766,4.443317173011057,4.453578208391496,4.502858416024432,4.671275838804582,4.681952618783518,4.750559483086271,4.750559483086271,4.867754004691951,4.980195776846161,4.991234296140943,,,,,,,4.3510256410256405,4.519055480682838,4.516718749999999,4.488140845360613,4.550077765203313,4.5518209044974975,4.5796151422843625,4.564846194958283,4.564846194958283,4.564729053195015,4.54441009384745,4.54441009384745,4.3701279994852955,4.392924064597189,4.439845615787695,4.456106535334928,4.456106535334928,4.459747440574785,4.462340036218215,4.50604248534354,4.506021542811847,4.543889810718894,4.715053331744297,4.715499888351313,4.84987718120372,4.870600169463943,4.871880908028598,4.8809374653122095,4.90392485111056,4.975853946642559,4.975853946642559,4.975853946642559,4.979080388925217,4.996390226741445,4.996709659961109,,,4.502858416024432,4.671275838804582,4.503616442550603,"rgba(239, 83, 80, 1.0)",0.17449752831311321,4.520012286548993,-1.0029499457147397,30.122416067355783,-14.263327850253724,False,True,False,True,False,0.0,0.0,0.0,0.0,0.0,0,0.9320457796852641,1.0579399141630903,False,False,False,False,-0.34282825441539394,-0.293234619092626,False,False,False,False,121351.0,134909.54162745856,False,False,False,False,498.288705480267,False,False,False,False
2025-07-07 18:00:00+00:00,4.345,4.345,4.325,4.325,100.0,,,,,,,,,,4.396200716845878,4.466049201694363,4.486360799001249,4.515511694033865,4.59673185718826,4.576514544432586,4.576514544432586,4.547931602126755,4.4338207511502805,4.443255025836559,4.453511511703188,4.5027737757385795,4.671169796434949,4.681844123422673,4.750440106393077,4.750440106393077,4.8676452650873605,4.9800854535103465,4.991122846355883,,,,,,,4.349642857142857,4.516563608156027,4.514290244969377,4.487658748498013,4.549564025967916,4.551306321046521,4.579228417686971,4.564500528724046,4.564500528724046,4.564383678368726,4.544175373559731,4.544175373559731,4.370102417945921,4.392886544370605,4.4397849368880244,4.456038740643083,4.456038740643083,4.459678148544884,4.462269646236664,4.505956979756625,4.50593608939643,4.54381394547974,4.714939138507049,4.71538564377309,4.849765692287941,4.87049407517941,4.871775775869288,4.880834726820421,4.903822420705955,4.97574405645304,4.97574405645304,4.97574405645304,4.97897017733805,4.996278266322846,4.996597668941148,,,4.5027737757385795,4.671169796434949,4.502866173694036,"rgba(239, 83, 80, 1.0)",0.17275848892454992,4.5189247532001975,-1.1225193876573643,26.06044171304302,-17.39999637660054,False,True,False,True,False,0.0,0.0,0.0,0.0,0.0,0,0.929032258064516,1.0602150537634412,False,False,False,False,-0.34282825441539394,-0.31803143675400997,False,False,False,False,121251.0,134697.78129214913,False,False,False,False,492.11368679065043,False,False,False,False
2025-07-07 19:00:00+00:00,4.325,4.4,4.325,4.4,244.0,,,,,,,,,,4.3941871026339685,4.460925584255842,4.485504986876641,4.5146388839388,4.595591391049557,4.57575674912024,4.57575674912024,4.547439212711749,4.433739471130795,4.443162450411992,4.453406846273908,4.502619817746657,4.670944320680258,4.681612401037435,4.750179223718277,4.750179223718277,4.867401561766128,4.9798344012007325,4.990868925706292,,,,,,,4.353406326034063,4.512114674566374,4.509968421498812,4.486818140118039,4.548567870340053,4.5503065129647275,4.578454140058114,4.563817563242838,4.563817563242838,4.563701365817645,4.543721166507117,4.543721166507117,4.370110353360958,4.392859852770593,4.4396963917285195,4.455931158119242,4.455931158119242,4.459566516826413,4.462155093265048,4.505800482256585,4.505779693458459,4.5436668262013,4.714692262512431,4.715138619966939,4.84951659631626,4.87025618498551,4.871539992258125,4.880603974020053,4.903591561643449,4.9754941109334005,4.9754941109334005,4.9754941109334005,4.978719410374046,4.996023042633281,4.996342366909062,,,4.502619817746657,4.670944320680258,4.501911363600305,"rgba(239, 83, 80, 0.5)",0.1692113929246309,4.517612727776202,-0.6950638827764257,29.876610770927492,-17.39999637660054,False,True,False,True,True,0.0,0.0,0.0,0.0,0.0,0,0.9283687943262408,1.0482269503546102,False,False,False,False,-0.314696729486747,-0.31636408312037845,False,False,False,False,121495.0,134493.0870085499,False,False,False,False,488.2669629644388,False,False,False,False
2025-07-08 14:00:00+00:00,4.4,4.4,4.39,4.39,39.0,,,,,,,,,,4.394174335378323,4.460323047619048,4.485391907053803,4.514518565615463,4.595425249589282,4.575647166943916,4.575647166943916,4.547369110660104,4.433730548776921,4.443151650383282,4.453394048477436,4.502598774239949,4.670910543944968,4.6815776085362035,4.750139594836114,4.750139594836114,4.8673640810026955,4.979795509019882,4.9908295670140275,,,,,,,4.354331550802139,4.511520996198042,4.509392846598336,4.486706780696395,4.548426408393111,4.550164360129414,4.57834202925557,4.563719411680765,4.563719411680765,4.563603314444248,4.543656657867722,4.543656657867722,4.370116366042404,4.392859965677764,4.439686265615319,4.4559178783378774,4.4559178783378774,4.459552563583165,4.462140657074985,4.505779004136105,4.505758229818227,4.543645888388923,4.714654963920576,4.715101296226898,4.849478343352854,4.870219589487517,4.87150371698767,4.880568447579329,4.903555959875703,4.975455399013009,4.975455399013009,4.975455399013009,4.978680564653947,4.995983471830342,4.996302783336899,,,4.502598774239949,4.670910543944968,4.501811270876551,"rgba(239, 83, 80, 0.5)",0.1654085033272815,4.517483711685719,-0.7707204232026482,31.98887192197448,-17.39999637660054,False,True,False,True,True,0.0,0.0,0.0,0.0,0.0,0,0.9410092395167018,1.0483297796730633,False,False,False,False,-0.28205760561009086,-0.29921084436523465,False,False,False,False,121456.0,134290.96162857238,False,False,False,False,481.3015836936723,False,False,False,False
2025-07-08 15:00:00+00:00,4.39,4.42,4.39,4.42,26.0,,,,,,,,,,4.394330549228044,4.4600257517230935,4.485330294934255,4.5144494993137805,4.595323762209497,4.575580857069542,4.575580857069542,4.5473274642412935,4.43372705588862,4.443146860853655,4.4533878863680245,4.502586888947033,4.670889382458781,4.681555759096682,4.750114414304106,4.750114414304106,4.867339975539385,4.979770320534515,4.990804062604854,,,,,,,4.355178466939731,4.511183846383105,4.509066927313237,4.486645913446866,4.54834236274899,4.550079790525697,4.578274090401095,4.5636604345281135,4.5636604345281135,4.563544401829178,4.54361844757695,4.54361844757695,4.370123249058015,4.392862690077072,4.439681943744521,4.455911385107393,4.455911385107393,4.459545605118706,4.462133366675451,4.505766811591368,4.505746045883415,4.543633480452019,4.7146313925160515,4.7150777071364205,4.849453776604358,4.870196048148846,4.871480379343079,4.880545576224582,4.903533003332808,4.975430332748533,4.975430332748533,4.975430332748533,4.978655407662503,4.995957823672079,4.996277126515136,,,4.502586888947033,4.670889382458781,4.5017745759683585,"rgba(239, 83, 80, 0.5)",0.1607236450871134,4.517443196948552,-0.6062779181976424,35.616857490589865,-22.310832227921562,False,True,False,True,True,0.0,0.0,0.0,0.0,0.0,0,0.9389204545454543,1.048295454545455,False,False,False,False,-0.27213438509842847,-0.2856726147318316,False,False,False,False,121482.0,134092.3730761914,False,False,False,False,474.2426444115999,False,False,False,False
2025-07-08 16:00:00+00:00,4.42,4.55,4.42,4.55,313.0,,,,,,,,,,4.406261735097839,4.463122613491727,4.485538159860558,4.514388075006094,4.594743431555025,4.5752503460357845,4.5752503460357845,4.547179603359939,4.433856071565814,4.443257145023124,4.453478811241304,4.502593183162462,4.670729192636907,4.681386536004278,4.7498976450975965,4.7498976450975965,4.86711127722979,4.979518680773405,4.990548276671133,,,,,,,4.378628420705572,4.5110101940555145,4.508975774488392,4.486835353749106,4.548039958889713,4.549766731943325,4.577927872262644,4.5633984038386215,4.5633984038386215,4.56328299291759,4.543491710406644,4.543491710406644,4.37040633900775,4.393080038888585,4.439799136962491,4.455997641748475,4.455997641748475,4.459625129405168,4.46220820090481,4.505768188491882,4.505747453869974,4.543592209750116,4.7144378690894815,4.7148839066697885,4.849223254001844,4.869972325884102,4.8712584270390975,4.880326942574093,4.903310906570456,4.97518030714072,4.97518030714072,4.97518030714072,4.97840418331775,4.995700143858265,4.996019331895613,,,4.502593183162462,4.670729192636907,4.503215222775716,#000000,0.1545813293622023,4.519790797076619,0.19542594858009496,44.45834721984254,-14.227690068216077,False,False,False,True,True,0.0,0.0,0.0,0.0,0.0,0,0.9486638537271443,1.0302390998593534,False,False,False,False,-0.1944346207062147,-0.24005361771902314,False,False,False,False,121795.0,133901.7161292737,False,False,False,False,471.7427584517301,False,False,False,False
2025-07-08 17:00:00+00:00,4.55,4.55,4.435,4.45,211.0,,,,,,,,,,4.411077158539159,4.463774280879864,4.485491151035386,4.5141972661148735,4.594232010493878,4.5749380161081765,4.5749380161081765,4.547011245808416,4.433909042504155,4.443298150938938,4.4535073721893665,4.502567978558053,4.670602762664366,4.681254174505924,4.749734737239129,4.749734737239129,4.866945164434473,4.9793390404811735,4.990365910727146,,,,,,,4.388049708911778,4.510184763957062,4.508210891596671,4.486781465905678,4.547700648257088,4.549421160430423,4.5776043142206095,4.5631355766743305,4.5631355766743305,4.563020610709372,4.543341405196603,4.543341405196603,4.370556970342393,4.393189659024894,4.439844531043548,4.456023201201822,4.456023201201822,4.4596463893003015,4.462226446798052,4.505739918672191,4.505719219204564,4.5435431324327835,4.71428985128314,4.7147357149077935,4.849055189752353,4.869809915574087,4.871097340851336,4.880168536388138,4.903150641718785,4.975001726165436,4.975001726165436,4.975001726165436,4.978224815742223,4.995516534184631,4.995835646945335,,,4.502567978558053,4.670602762664366,4.503615401066896,#000000,0.148593799053377,4.520502515159697,-0.4744647193142361,45.67263817301587,-13.272729163347933,False,False,False,True,True,0.0,0.0,0.0,0.0,0.0,0,0.9478442280945756,1.0305980528511822,False,False,False,False,-0.1872812669331739,-0.21366744232609852,False,False,False,False,121584.0,133710.74378618418,False,False,False,False,467.70023506488155,False,False,False,False
2025-07-08 18:00:00+00:00,4.45,4.45,4.45,4.45,0.0,,,,,,,,,,4.411077158539159,4.463774280879864,4.485491151035386,4.5141972661148735,4.594232010493878,4.5749380161081765,4.5749380161081765,4.547011245808416,4.433909042504155,4.443298150938938,4.4535073721893665,4.502567978558053,4.670602762664366,4.681254174505924,4.749734737239129,4.749734737239129,4.866945164434473,4.9793390404811735,4.990365910727146,,,,,,,4.388049708911778,4.510184763957062,4.508210891596671,4.486781465905678,4.547700648257088,4.549421160430423,4.5776043142206095,4.5631355766743305,4.5631355766743305,4.563020610709372,4.543341405196603,4.543341405196603,4.370556970342393,4.393189659024894,4.439844531043548,4.456023201201822,4.456023201201822,4.4596463893003015,4.462226446798052,4.505739918672191,4.505719219204564,4.5435431324327835,4.71428985128314,4.7147357149077935,4.849055189752353,4.869809915574087,4.871097340851336,4.880168536388138,4.903150641718785,4.975001726165436,4.975001726165436,4.975001726165436,4.978224815742223,4.995516534184631,4.995835646945335,,,4.502567978558053,4.670602762664366,4.503615401066896,#000000,0.14345282050803304,4.520502515159697,-0.49146830930207147,46.482165475131424,-12.352311128904702,False,False,False,True,True,0.0,0.0,0.0,0.0,0.0,0,0.9504189944134077,1.0439944134078214,False,False,False,False,-0.22809093845908332,-0.2208791903925909,False,False,False,False,121584.0,133522.73225461543,False,False,False,False,460.4490686297671,False,False,False,False
2025-07-08 19:00:00+00:00,4.45,4.45,4.4,4.425,899.0,,,,,,,,,,4.4141623531345004,4.457789033882784,4.483855025372566,4.512230371115309,4.591122488605473,4.572907156022279,4.572907156022279,4.545753109360006,4.433864063512032,4.443207460659623,4.453368479146459,4.5022261303658695,4.6699170367609675,4.680544440679002,4.748906858519166,4.748906858519166,4.866142087415502,4.978493770664572,4.989509582914241,,,,,,,4.3986558109833975,4.501907515492146,4.500211897633304,4.48515692181696,4.545207589386611,4.546908420382643,4.575520828587486,4.561340752517223,4.561340752517223,4.561227876266019,4.542189623502835,4.542189623502835,4.370878802823075,4.3933629803370176,4.439770396212128,4.4558726779141455,4.4558726779141455,4.459479446939731,4.462047838369607,4.505386992889804,4.505366555375743,4.543164510715802,4.713519193481626,4.713964417873079,4.848238057676958,4.869025379890713,4.8703194879503515,4.8794056253053,4.902383603491722,4.974160739211243,4.974160739211243,4.974160739211243,4.977380649285994,4.994655171062543,4.994973980021316,,,4.5022261303658695,4.6699170367609675,4.502146720385911,"rgba(239, 83, 80, 0.5)",0.1368173307077001,4.518733046187847,-0.6850962937444028,45.95210022202067,-12.352311128904702,False,False,False,True,True,0.0,0.0,0.0,0.0,0.0,0,0.9422407794015308,1.0445372303409883,False,False,False,False,-0.25244173702149836,-0.23666046370704463,False,False,False,False,120685.0,133323.69764601675,False,False,False,False,467.24830787581726,False,False,False,False
2025-07-09 14:00:00+00:00,4.445,4.445,4.445,4.445,0.0,,,,,,,,,,4.4141623531345004,4.457789033882784,4.483855025372566,4.512230371115309,4.591122488605473,4.572907156022279,4.572907156022279,4.545753109360006,4.433864063512032,4.443207460659623,4.453368479146459,4.5022261303658695,4.6699170367609675,4.680544440679002,4.748906858519166,4.748906858519166,4.866142087415502,4.978493770664572,4.989509582914241,,,,,,,4.3986558109833975,4.501907515492146,4.500211897633304,4.48515692181696,4.545207589386611,4.546908420382643,4.575520828587486,4.561340752517223,4.561340752517223,4.561227876266019,4.542189623502835,4.542189623502835,4.370878802823075,4.3933629803370176,4.439770396212128,4.4558726779141455,4.4558726779141455,4.459479446939731,4.462047838369607,4.505386992889804,4.505366555375743,4.543164510715802,4.713519193481626,4.713964417873079,4.848238057676958,4.869025379890713,4.8703194879503515,4.8794056253053,4.902383603491722,4.974160739211243,4.974160739211243,4.974160739211243,4.977380649285994,4.994655171062543,4.994973980021316,,,4.5022261303658695,4.6699170367609675,4.502146720385911,"rgba(239, 83, 80, 0.5)",0.1317247676574629,4.518733046187847,-0.5597508160316712,46.639262960841876,-11.3164026808508,False,False,False,True,True,0.0,0.0,0.0,0.0,0.0,0,0.9450243562978423,1.0424495476687543,False,False,False,False,-0.23293900240521243,-0.23479973305612853,False,False,False,False,120685.0,133127.74884530331,False,False,False,False,460.00414806378905,False,False,False,False
2025-07-09 15:00:00+00:00,4.445,4.445,4.4,4.43,19.0,,,,,,,,,,4.414212872096828,4.457682412002967,4.48382140100831,4.512189737177602,4.591058002696849,4.572864828091739,4.572864828091739,4.5457267990795325,4.433863117799553,4.443205553656808,4.453365558301183,4.502218938053388,4.669902585538491,4.680529483162812,4.748889407185378,4.748889407185378,4.866125146201195,4.978475934045126,4.989491512764272,,,,,,,4.39881466201206,4.501749901125373,4.500059403123109,4.485123509120674,4.545155992318988,4.546856409335191,4.575477408678228,4.561303322785573,4.561303322785573,4.561190489946846,4.542165522939487,4.542165522939487,4.370885563569342,4.393366623034535,4.439768837391874,4.455869512425463,4.455869512425463,4.459475936039045,4.462044082045042,4.505379567236794,4.505359135218141,4.543156534796034,4.713502950245829,4.713948161132587,4.848220821902148,4.869008828909075,4.870303077615338,4.87938952908474,4.902367419004308,4.974142993044329,4.974142993044329,4.974142993044329,4.977362835968927,4.994636994567825,4.99495579710997,,,4.502218938053388,4.669902585538491,4.50211504171233,"rgba(239, 83, 80, 0.5)",0.12594339497860496,4.518694185073183,-0.704238480217648,46.367333376047775,-10.97251885138244,False,False,False,True,True,0.0,0.0,0.0,0.0,0.0,0,0.9402777777777775,1.0423611111111113,False,False,False,False,-0.2548925662711359,-0.24484614966363222,False,False,False,False,120666.0,132934.543436849,False,False,False,False,453.16687445039696,False,False,False,False
2025-07-09 16:00:00+00:00,4.43,4.43,4.4,4.4,28.0,,,,,,,,,,4.4141841293047435,4.457455004825981,4.483759300986431,4.512119634457076,4.590954486053825,4.57279617083208,4.57279617083208,4.545683232068479,4.433859366432172,4.443200429173512,4.4533589793603685,4.502206282847393,4.669879987910283,4.680506149945931,4.748862501972986,4.748862501972986,4.866099333710607,4.978448938276384,4.9894641776142565,,,,,,,4.39891318024536,4.501473635157902,4.499791112529701,4.48506206916696,4.5450705529090385,4.5467704172463845,4.57540709321031,4.561242134504191,4.561242134504191,4.561129367600347,4.542125479714912,4.542125479714912,4.370892762845078,4.393369444915701,4.43976420822689,4.455862582486661,4.455862582486661,4.459468512832604,4.462036306852843,4.505366584999889,4.505346162068666,4.543143290849067,4.713477771786248,4.713922963655986,4.848194524219795,4.868983616312416,4.8702780816179345,4.879365027432429,4.902342820795104,4.974116128589713,4.974116128589713,4.974116128589713,4.977335874036351,4.9946095049695645,4.994928298201582,,,4.502206282847393,4.669879987910283,4.502047479898331,"rgba(239, 83, 80, 0.5)",0.11868529057215275,4.518605968850832,-0.9993316634189605,44.764304081645776,-10.97251885138244,False,False,False,True,True,0.0,0.0,0.0,0.0,0.0,0,0.9389736477115116,1.0443828016643553,False,False,False,False,-0.26226320132820347,-0.2535546754959178,False,False,False,False,120638.0,132743.89935255676,False,False,False,False,446.5751399627939,False,False,False,False
2025-07-09 17:00:00+00:00,4.4,4.44,4.4,4.44,71.0,,,,,,,,,,4.414396407185629,4.457087119937171,4.483637776312109,4.511971245954298,4.5907166547728275,4.572640131747155,4.572640131747155,4.545586438490586,4.433856500396594,4.443193961598856,4.453348715032363,4.502180006009891,4.669826378109196,4.680450645913653,4.748797651783597,4.748797651783597,4.866036284996226,4.97838250290264,4.989396868337558,,,,,,,4.399519487179488,4.50090679473497,4.499242872228088,4.484941217049972,4.54488105971809,4.546579362056477,4.5752469996715455,4.5611042736769205,4.5611042736769205,4.5609916679888265,4.54203684481783,4.54203684481783,4.370918781236722,4.3933837628319665,4.4397590457315355,4.455851401983418,4.455851401983418,4.459456038109114,4.46202291297762,4.505339431931387,4.505319029231531,4.543113922162597,4.713417450419885,4.713862591578471,4.8481303907135604,4.868922017838771,4.870217005724988,4.879305115443885,4.902282568878269,4.974050031742799,4.974050031742799,4.974050031742799,4.977269525871779,4.9945417977051445,4.994860566920607,,,4.502180006009891,4.669826378109196,4.501935186222382,"rgba(239, 83, 80, 0.5)",0.109979604988887,4.518469486024931,-0.7134912516994372,46.08226248184094,-10.251932704855612,False,False,False,True,True,0.0,0.0,0.0,0.0,0.0,0,0.9353478566408994,1.0625439212930432,False,False,False,False,-0.25734639661928155,-0.2554505360575997,False,False,False,False,120709.0,132557.31176569543,False,False,False,False,440.7522695757738,False,False,False,False
2025-07-09 18:00:00+00:00,4.44,4.44,4.41,4.41,28.0,,,,,,,,,,4.414433737806329,4.456913176996092,4.483584401709403,4.511908305837307,4.5906192475156065,4.572575880575476,4.572575880575476,4.545546172138312,4.433854323315303,4.44319038411749,4.453343658448094,4.502168733915953,4.669804663247811,4.680428188846726,4.748771555104524,4.748771555104524,4.866011048491989,4.978355990901933,4.989370013840116,,,,,,,4.399694427496441,4.5006657444846425,4.499009265108444,4.484888257851562,4.544802291704212,4.546500003731818,4.575181130321906,4.561047291450329,4.561047291450329,4.560934750116544,4.541999909924517,4.541999909924517,4.370927809090869,4.3933882756156795,4.439755974814842,4.4558459884665735,4.4558459884665735,4.459450121393888,4.462016638225256,4.505327821857708,4.505307427570545,4.5431016813735035,4.71339311578641,4.7138382373399,4.848104704009323,4.86889736408201,4.870192562128236,4.879281144611702,4.902258478753914,4.974023652355888,4.974023652355888,4.974023652355888,4.977243048037301,4.994514787272926,4.9948335470824405,,,4.502168733915953,4.669804663247811,4.501881753746938,"rgba(239, 83, 80, 1.0)",0.10179594498020281,4.518402054185361,-1.064895602731945,45.43948639972651,-10.251932704855612,False,False,False,True,True,0.0,0.0,0.0,0.0,0.0,0,0.9278642149929276,1.062942008486563,False,False,False,False,-0.25244173702149836,-0.253946136539549,False,False,False,False,120681.0,132373.182901111,False,False,False,False,434.353009582351,False,False,False,False
2025-07-09 19:00:00+00:00,4.41,4.46,4.41,4.44,518.0,,,,,,,,,,4.416873190708183,4.455296701602959,4.482867529939238,4.510967626449128,4.589011144495305,4.571525699737958,4.571525699737958,4.544904151536194,4.4338624741229795,4.4431718218155005,4.453297008512394,4.5020029415501295,4.669430375365966,4.680039973887066,4.74831394920972,4.74831394920972,4.8655621148291175,4.977880599417191,4.9888881914093375,,,,,,,4.404739638215665,4.497322509076241,4.495785077209797,4.484171568205513,4.543555035997922,4.545240709179044,4.574102353996585,4.560124951088461,4.560124951088461,4.560013547614619,4.54141342319392,4.54141342319392,4.371150748965589,4.393523601410915,4.439747117784779,4.455792560724211,4.455792560724211,4.459387090227412,4.461946805078406,4.505155446022817,4.505135186414187,4.54290626524842,4.7129691845270925,4.7134139253462335,4.8476485340125475,4.868458673281455,4.8697575573846015,4.878854211279656,4.901828632247092,4.973550753814951,4.973550753814951,4.973550753814951,4.976768298678933,4.994030034775523,4.994348617652193,,,4.5020029415501295,4.669430375365966,4.501297387854674,"rgba(239, 83, 80, 0.5)",0.09758341315264883,4.517741851702293,-0.7966707577719325,46.785907331437635,-8.637294639100453,False,False,False,True,True,0.0,0.0,0.0,0.0,0.0,0,0.9309859154929574,1.0492957746478875,False,False,False,False,-0.2426677365702832,-0.2483069365549161,False,False,False,False,121199.0,132199.93975535734,False,False,False,False,435.6498621469657,False,False,False,False
2025-07-10 14:00:00+00:00,4.42,4.42,4.4,4.41,300.0,,,,,,,,,,4.416462524065591,4.453294784914555,4.4822283784574015,4.510241815030473,4.5879347310470155,4.570806069966489,4.570806069966489,4.544445017981327,4.433822487851199,4.4431172482373755,4.453226979223391,4.5018682728807455,4.669189384040236,4.679791130401297,4.74802691489722,4.74802691489722,4.865286404799707,4.977592110610632,4.988596071003851,,,,,,,4.405124918619792,4.494758222396242,4.493290358019904,4.483538578973821,4.542668804836689,4.544348600452958,4.573365488716931,4.559482970797579,4.559482970797579,4.55937225396735,4.540991021396505,4.540991021396505,4.371226902067379,4.393553385032227,4.439697806903642,4.455718800894856,4.455718800894856,4.4593080868943895,4.461864060005593,4.505017293307073,4.504997129925687,4.5427650923699865,4.712700619427093,4.71314515660724,4.847367693037149,4.868189346586464,4.869490535403269,4.878592440467553,4.901565798442879,4.973263670263171,4.973263670263171,4.973263670263171,4.976480171963863,4.993736261525233,4.994054744758039,,,4.5018682728807455,4.669189384040236,4.500602097275721,"rgba(239, 83, 80, 1.0)",0.0940792267235382,4.516829084201616,-1.1355225581896453,46.08576798863449,-8.637294639100453,False,False,False,True,True,0.0,0.0,0.0,0.0,0.0,0,0.9310829817158928,1.049226441631505,False,False,False,False,-0.2671924349398157,-0.2577496857473659,False,False,False,False,120899.0,132024.73138705723,False,False,False,False,433.54676350902827,False,False,False,False
2025-07-10 15:00:00+00:00,4.41,4.41,4.325,4.365,117.0,,,,,,,,,,4.415328597379006,4.451826937002172,4.48183440659693,4.509840422142574,4.587417046605877,4.570451987033141,4.570451987033141,4.5442093605547,4.433778628723898,4.443068227488292,4.453172412059041,4.501791135752985,4.669079825590444,4.679678637848207,4.747900769833161,4.747900769833161,4.865168742714002,4.977471095745928,4.988473697487475,,,,,,,4.404056887411979,4.4933078486402795,4.491870347295441,4.483150883659391,4.542214500555225,4.5438926660233365,4.573004148736954,4.559161934985035,4.559161934985035,4.559051507478117,4.540772766185126,4.540772766185126,4.371223418494264,4.393534443654991,4.439650623433137,4.455662894539629,4.455662894539629,4.4592503263968455,4.461804957859083,4.504938999812979,4.504918885687399,4.542692172476844,4.712581032330217,4.713025500706431,4.847247420637464,4.868074469105643,4.869376667776372,4.878480995504022,4.901454339887888,4.973143179468379,4.973143179468379,4.973143179468379,4.976359292221318,4.993613270838157,4.993931716972629,,,4.501791135752985,4.669079825590444,4.5001213711313275,"rgba(255, 0, 0, 1.0)",0.09373395358167727,4.516166496530974,-1.6127186654860464,43.526131966983336,-8.637294639100453,False,False,False,True,False,0.0,0.0,0.0,0.0,0.0,0,0.9198047419804738,1.0509065550906556,False,False,False,False,-0.3096344804518314,-0.28369208309959865,False,False,False,False,120782.0,131850.4254740796,False,False,False,False,428.63906174919833,False,False,False,False
2025-07-10 16:00:00+00:00,4.365,4.365,4.365,4.365,0.0,,,,,,,,,,4.415328597379006,4.451826937002172,4.48183440659693,4.509840422142574,4.587417046605877,4.570451987033141,4.570451987033141,4.5442093605547,4.433778628723898,4.443068227488292,4.453172412059041,4.501791135752985,4.669079825590444,4.679678637848207,4.747900769833161,4.747900769833161,4.865168742714002,4.977471095745928,4.988473697487475,,,,,,,4.404056887411979,4.4933078486402795,4.491870347295441,4.483150883659391,4.542214500555225,4.5438926660233365,4.573004148736954,4.559161934985035,4.559161934985035,4.559051507478117,4.540772766185126,4.540772766185126,4.371223418494264,4.393534443654991,4.439650623433137,4.455662894539629,4.455662894539629,4.4592503263968455,4.461804957859083,4.504938999812979,4.504918885687399,4.542692172476844,4.712581032330217,4.713025500706431,4.847247420637464,4.868074469105643,4.869376667776372,4.878480995504022,4.901454339887888,4.973143179468379,4.973143179468379,4.973143179468379,4.976359292221318,4.993613270838157,4.993931716972629,,,4.501791135752985,4.669079825590444,4.5001213711313275,"rgba(255, 0, 0, 1.0)",0.08622163980793396,4.516166496530974,-1.7532315189981287,41.81970795254924,-8.637294639100453,False,True,False,True,False,0.0,0.0,0.0,0.0,0.0,0,0.9210711768851303,1.0606060606060608,False,False,False,False,-0.3121636675862591,-0.29792787534292886,False,False,False,False,120782.0,131678.82197835742,False,False,False,False,421.99349490037355,False,False,False,False
2025-07-10 17:00:00+00:00,4.365,4.365,4.32,4.32,12.0,,,,,,,,,,4.415141423948221,4.451624259071853,4.481783082345403,4.509790303059259,4.587356490737038,4.570410107807392,4.570410107807392,4.544180921201687,4.433772012569841,4.443061120853429,4.453164772013005,4.5017813763208085,4.669067417144604,4.6796659379416905,4.74788676231535,4.74788676231535,4.865155911549617,4.977458043337306,4.988460510029737,,,,,,,4.4038607495069035,4.493124214596424,4.491690122865805,4.48310049505886,4.542159656513524,4.543837703911596,4.572961482920031,4.559123661957137,4.559123661957137,4.559013265818945,4.5407463461085795,4.5407463461085795,4.371220580650637,4.393530214542318,4.439643689331113,4.455655125666878,4.455655125666878,4.4592423814522535,4.4617968839814575,4.5049291368414295,4.504909028650619,4.542683352090275,4.712567649259601,4.713012111373466,4.847234275808287,4.868061945845843,4.869364256479343,4.878468860958905,4.901442234114869,4.973130179021625,4.973130179021625,4.973130179021625,4.976346253216846,4.993600022127681,4.9939184645887735,,,4.5017813763208085,4.669067417144604,4.500056480849964,"rgba(255, 26, 202, 1.0)",0.08693929745195406,4.5048696267251875,-2.1264219075079738,38.749195621524066,-6.582499791420645,False,True,False,True,False,0.0,0.0,0.0,0.0,0.0,0,0.9144876325088338,1.0671378091872794,False,False,False,False,-0.33510576597885305,-0.31651682066089093,False,False,False,False,120770.0,131509.69295543715,False,False,False,False,415.6370066073445,False,False,False,False
2025-07-10 18:00:00+00:00,4.32,4.345,4.32,4.345,0.0,,,,,,,,,,4.415141423948221,4.451624259071853,4.481783082345403,4.509790303059259,4.587356490737038,4.570410107807392,4.570410107807392,4.544180921201687,4.433772012569841,4.443061120853429,4.453164772013005,4.5017813763208085,4.669067417144604,4.6796659379416905,4.74788676231535,4.74788676231535,4.865155911549617,4.977458043337306,4.988460510029737,,,,,,,4.4038607495069035,4.493124214596424,4.491690122865805,4.48310049505886,4.542159656513524,4.543837703911596,4.572961482920031,4.559123661957137,4.559123661957137,4.559013265818945,4.5407463461085795,4.5407463461085795,4.371220580650637,4.393530214542318,4.439643689331113,4.455655125666878,4.455655125666878,4.4592423814522535,4.4617968839814575,4.5049291368414295,4.504909028650619,4.542683352090275,4.712567649259601,4.713012111373466,4.847234275808287,4.868061945845843,4.869364256479343,4.878468860958905,4.901442234114869,4.973130179021625,4.973130179021625,4.973130179021625,4.976346253216846,4.993600022127681,4.9939184645887735,,,4.5017813763208085,4.669067417144604,4.500056480849964,"rgba(255, 0, 0, 1.0)",0.08715539606393254,4.5048696267251875,-1.8343055501453516,38.63916981927896,-6.854192069467182,False,True,False,True,False,0.0,0.0,0.0,0.0,0.0,0,0.9051663128096247,1.075017692852088,False,False,False,False,-0.34282825441539394,-0.3296725375381424,False,False,False,False,120770.0,131343.186087911,False,False,False,False,409.19302200878104,False,False,False,False
2025-07-10 19:00:00+00:00,4.345,4.36,4.34,4.34,916.0,,,,,,,,,,4.404801351796901,4.439350397889273,4.47827167323933,4.506297356896848,4.583028080990524,4.567412988798225,4.567412988798225,4.542152453882263,4.433328927761582,4.442579663678599,4.452641776481565,4.5010916396034295,4.668155935666459,4.6787319873402256,4.746850453463259,4.746850453463259,4.864199809290673,4.976481336860586,4.987473380259306,,,,,,,4.393670167931012,4.481210964094368,4.479997359387378,4.479648000810359,4.538288257125356,4.539955650130399,4.5699066896565315,4.556390328515851,4.556390328515851,4.55628223488997,4.538862676329936,4.538862676329936,4.371074617050319,4.393273175814044,4.439175795599803,4.455122097938192,4.455122097938192,4.458695569943562,4.461240026823949,4.504231085922305,4.504211402343552,4.542049965076652,4.711580347358861,4.712024308540066,4.846255682424499,4.867128621223586,4.8684392066473,4.8775640373150395,4.900538686025835,4.972157487090741,4.972157487090741,4.972157487090741,4.975370582129086,4.9926081617441165,4.992926320234328,,,4.5010916396034295,4.668155935666459,4.4959049922365155,"rgba(255, 0, 0, 1.0)",0.08695328558410968,4.499856041972273,-1.8384129006562366,38.32209246156575,-7.42329376037214,False,True,False,True,False,0.0,0.0,0.0,0.0,0.0,0,0.9044222539229669,1.0820256776034236,False,False,False,False,-0.3249305646152813,-0.3273015510767119,False,False,False,False,119854.0,131165.05917181933,False,False,False,False,417.0504945357767,False,False,False,False
2025-07-11 14:00:00+00:00,4.34,4.43,4.34,4.43,4.0,,,,,,,,,,4.404798187808896,4.439330313470291,4.478262791599294,4.50628741838468,4.58301370893862,4.5674031965607025,4.5674031965607025,4.542146079046894,4.433328187443659,4.442578735005454,4.452640647617008,4.501089676687558,4.668152625130005,4.678728573630157,4.7468465413770495,4.7468465413770495,4.864196071365783,4.976477439010309,4.987469434519016,,,,,,,4.393675089083252,4.481182127533659,4.479969203695556,4.479639200412501,4.538276299386786,4.539943618179735,4.569896674525989,4.556381542912519,4.556381542912519,4.556273458194107,4.538856791196062,4.538856791196062,4.3710753679055285,4.393273336925934,4.439174934716289,4.455120920738144,4.455120920738144,4.458694324988821,4.461238733387192,4.504229078389833,4.504209396156193,4.542047960717079,4.7115766760928395,4.712020634640283,4.846251872783071,4.867124969791487,4.868435586476766,4.877560489126232,4.900535126164976,4.97215360776105,4.97215360776105,4.97215360776105,4.975366689051547,4.992604194213935,4.99292235139114,,,4.501089676687558,4.668152625130005,4.495896311743827,"rgba(239, 83, 80, 0.5)",0.08499878112532343,4.499856716801271,-0.8218555122369768,43.88874756090749,-10.591051602723589,False,False,False,True,True,0.0,0.0,0.0,0.0,0.0,0,0.898509581263307,1.0752306600425836,False,False,False,False,-0.28971774737274586,-0.3085096492247289,False,False,False,False,119858.0,130989.75592884538,False,False,False,False,410.6466108995631,False,False,False,False
2025-07-11 15:00:00+00:00,4.43,4.43,4.36,4.36,38.0,,,,,,,,,,4.404664647456887,4.439060105820106,4.478160569393674,4.506178304530595,4.582864863274354,4.567300971394055,4.567300971394055,4.542078449171094,4.433317639830407,4.4425664620562095,4.452626531166476,4.501067958966097,4.668119224624858,4.678694208626587,4.746807595326898,4.746807595326898,4.864159289214899,4.97643934156713,4.987430889258276,,,,,,,4.3935992668338795,4.480853165826182,4.479647168873688,4.479538217439295,4.538149124133314,4.539815816976622,4.569792261922299,4.556289238874619,4.556289238874619,4.556181241580603,4.538794199675211,4.538794199675211,4.37107839002753,4.393271075778619,4.439163279579345,4.455106359128204,4.455106359128204,4.458679142920256,4.461223105010778,4.504206961682026,4.5041872936896725,4.542026688299471,4.711539937990515,4.71198387283497,4.846214332866686,4.86708904647175,4.868399974112589,4.877525607665495,4.90050018401211,4.972115683293424,4.972115683293424,4.972115683293424,4.975328636194754,4.992565445347477,4.992883590269614,,,4.501067958966097,4.668119224624858,4.495789954815699,"rgba(255, 0, 0, 1.0)",0.084522399611191,4.499791666720564,-1.6539008282255994,44.00948200412722,-10.447317284044729,False,False,False,True,True,0.0,0.0,0.0,0.0,0.0,0,0.9068278805120906,1.0739687055476528,False,False,False,False,-0.2797874413688603,-0.2941485452967946,False,False,False,False,119820.0,130816.58141832064,False,False,False,False,404.86914406391094,False,False,False,False
2025-07-11 16:00:00+00:00,4.36,4.4,4.36,4.38,34.0,,,,,,,,,,4.404528112449799,4.438806212331943,4.478066085364589,4.506078195734355,4.582729651846624,4.567207947451967,4.567207947451967,4.5420167174500765,4.433307577162122,4.44255486759106,4.4526132981783,4.501047984148167,4.668088996888571,4.678663120838745,4.746772436430536,4.746772436430536,4.8641261555204,4.976405066978112,4.9873962152857105,,,,,,,4.3935106382978715,4.4805507041839405,4.479350937017283,4.479444919225894,4.538033066413417,4.5396992131616605,4.569697270800215,4.556205144393781,4.556205144393781,4.5560972257286325,4.538737039546588,4.538737039546588,4.3710803576254875,4.39326837520898,4.439152233046677,4.455092730465229,4.455092730465229,4.458664963417242,4.4612085288461705,4.504186634384589,4.504166979389183,4.542007260227913,4.7115067402538156,4.711950654125652,4.846180507839228,4.8670566876321795,4.868367895916244,4.877494191628892,4.900468722499859,4.9720815629341315,4.9720815629341315,4.9720815629341315,4.975294401362103,4.992530589816973,4.992848723813544,,,4.501047984148167,4.668088996888571,4.495690904937011,"rgba(239, 83, 80, 1.0)",0.08483646164959403,4.499717683341341,-1.411158374754238,45.19004708702845,-9.191816817612903,False,False,False,True,True,0.0,0.0,0.0,0.0,0.0,0,0.8959660297239913,1.077848549186129,False,False,False,False,-0.29470371198798323,-0.29442612864238893,False,False,False,False,119854.0,130646.61891571102,False,False,False,False,399.11923485361774,False,False,False,False
2025-07-11 17:00:00+00:00,4.38,4.4,4.38,4.385,119.0,,,,,,,,,,4.4042203055954845,4.438058046836074,4.477764798826253,4.505752138939956,4.582277222559048,4.56689755068512,4.56689755068512,4.541812120330698,4.433277888722473,4.442519722281232,4.452572331624904,4.500982933548019,4.667986308609445,4.678557399054645,4.746652228071552,4.746652228071552,4.864012218852693,4.976286812666874,4.987276552137419,,,,,,,4.393395177411294,4.479592789804469,4.478413666782047,4.47914699713315,4.537649551489057,4.539313662535586,4.569380121771419,4.555925334528579,4.555925334528579,4.555817685798433,4.538547788480856,4.538547788480856,4.37109366492961,4.393264862849705,4.43911904487507,4.455050358241331,4.455050358241331,4.458620628463063,4.461162784359648,4.5041203117959405,4.504100699937333,4.541942794461695,4.711393520004152,4.711837358406554,4.84606427446337,4.866945402725474,4.868257570636641,4.877386108047423,4.900360399751642,4.9719638530126495,4.9719638530126495,4.9719638530126495,4.97517628736278,4.992410285970532,4.992728381389564,,,4.500982933548019,4.667986308609445,4.495384432674407,"rgba(239, 83, 80, 1.0)",0.08500540523353041,4.499534527850725,-1.3473793523608384,46.26340413902403,-8.002562269171634,False,False,False,True,True,0.0,0.0,0.0,0.0,0.0,0,0.8974910394265231,1.0939068100358422,False,False,False,False,-0.2847457583268406,-0.28958594348461475,False,False,False,False,119973.0,130481.13645190155,False,False,False,False,394.77630097991823,False,False,False,False
2025-07-11 18:00:00+00:00,4.385,4.385,4.36,4.37,11.0,,,,,,,,,,4.4041632121598635,4.437967201559067,4.4777318797657015,4.5057178252373,4.58223192288139,4.566866239964233,4.566866239964233,4.541791184739406,4.4332741294608615,4.442515477318695,4.452567565637744,4.500976035175353,4.667976254735935,4.678547069353274,4.746640603790733,4.746640603790733,4.864001320728394,4.976275574203285,4.987265185518412,,,,,,,4.393350476902936,4.479489259033168,4.478312152387539,4.479114520382378,4.537610253761221,4.539274199300951,4.569348167846966,4.555896949326612,4.555896949326612,4.555789326314611,4.538528380416702,4.538528380416702,4.371093705780053,4.3932634420177195,4.439114973183781,4.455045466424181,4.455045466424181,4.458615561994256,4.461157591773081,4.504113303059752,4.504093695608276,4.541936191913065,4.711382518551656,4.711826350358799,4.846053142075335,4.866934760370868,4.868247020993072,4.877375779136506,4.90035006318574,4.971952664008622,4.971952664008622,4.971952664008622,4.975165061650115,4.992398861113904,4.99271695303034,,,4.500976035175353,4.667976254735935,4.495349457977948,"rgba(255, 0, 0, 1.0)",0.08534102231686633,4.499497858091027,-1.51741629729029,46.13379001251697,-7.9003247542763475,False,False,False,True,True,0.0,0.0,0.0,0.0,0.0,0,0.8843390804597698,1.096264367816092,False,False,False,False,-0.30220953804766415,-0.29589774076613945,False,False,False,False,119962.0,130318.04906505035,False,False,False,False,388.826280809687,False,False,False,False
2025-07-11 19:00:00+00:00,4.37,4.395,4.37,4.39,1067.0,,,,,,,,,,4.4013771176817915,4.431760743831906,4.475022544724355,4.502793807178046,4.57820107644276,4.564080348383702,4.564080348383702,4.539941892813059,4.43299009822735,4.4421831583355464,4.452183673324497,4.500379010832789,4.667047998803044,4.677591773618964,4.745556435918032,4.745556435918032,4.862975057645521,4.9752114221842945,4.986188452372379,,,,,,,4.391961334580604,4.471445534811978,4.47043150757216,4.476434576072165,4.534184165123718,4.535830247365597,4.566502770183283,4.553380845935902,4.553380845935902,4.553275605214153,4.536815750314512,4.536815750314512,4.3711892118621885,4.393211046337731,4.438799958173076,4.454649118620341,4.454649118620341,4.4582018389375815,4.460731378328858,4.503505049876607,4.503485833464884,4.541348131057189,4.710360504848623,4.710803667175961,4.845006059019387,4.865932354106973,4.8672532508957245,4.8764022392540305,4.8993745720195765,4.970893372619069,4.970893372619069,4.970893372619069,4.974102162462041,4.991316406865459,4.9916341543514,,,4.500379010832789,4.667047998803044,4.492643611431988,"rgba(239, 83, 80, 1.0)",0.08555136489871923,4.496820659303968,-1.2486143199518709,47.36158314276943,-6.48556129587989,True,False,False,True,True,0.0,0.0,0.0,0.0,0.0,0,0.8870503597122299,1.0928057553956834,False,False,False,False,-0.2922089635928625,-0.294053352179501,False,False,False,False,121029.0,130174.03280047592,False,False,False,False,399.3406020374438,False,False,False,False
2025-07-14 14:00:00+00:00,4.375,4.385,4.34,4.36,22.0,,,,,,,,,,4.401258434089571,4.43159180543383,4.47495429916261,4.502723360485257,4.578109870894042,4.564016437753254,4.564016437753254,4.539898548962835,4.43298144676628,4.442173567381918,4.45217307081388,4.500364289366795,4.667027345519224,4.677570576670093,4.745532708127295,4.745532708127295,4.862952913136977,4.975188655377147,4.9861654321153175,,,,,,,4.391857779158897,4.471253185727939,4.4702424410029495,4.476367232994606,4.53410434630214,4.535750120245093,4.5664376027341165,4.553322665783836,4.553322665783836,4.5532174754425405,4.536775474794352,4.536775474794352,4.371187863615302,4.393206922913908,4.438790701353397,4.454638271735867,4.454638271735867,4.4581906539988845,4.460719948464602,4.503490117448517,4.5034709102011625,4.541334249852803,4.710337993354277,4.710781142934775,4.8449834271586,4.865910729183728,4.867231814482123,4.876381255566718,4.899353587030827,4.970870703565019,4.970870703565019,4.970870703565019,4.974079420859332,4.9912932714710205,4.991611012035965,,,4.500364289366795,4.667027345519224,4.492573446453204,"rgba(255, 0, 0, 1.0)",0.08651110432290718,4.496726019355807,-1.5804447351113462,46.36236034973909,-6.48556129587989,True,False,False,True,True,0.0,0.0,0.0,0.0,0.0,0,0.8963016678752717,1.0891950688905003,False,False,False,False,-0.3122691341701503,-0.3031612431748256,False,False,False,False,121007.0,130031.90826093366,False,False,False,False,393.49036014539035,False,False,False,False
2025-07-14 15:00:00+00:00,4.36,4.36,4.3,4.3,70.0,,,,,,,,,,4.400492979859148,4.430742552728854,4.47465803561674,4.502433605932238,4.577764414957012,4.5637715361712115,4.5637715361712115,4.539728568746757,4.432937858245151,4.442127279746991,4.452123828886609,4.500303403676629,4.6669526847879,4.677494257499798,4.745449037375766,4.745449037375766,4.862876610848674,4.975111307867447,4.986087310881154,,,,,,,4.3910846398196535,4.470414620624109,4.469416024935827,4.4760758370382225,4.533789619207617,4.535434755371799,4.56618839176936,4.553097587417086,4.553097587417086,4.552992569835738,4.536616985053738,4.536616985053738,4.371164814028588,4.393176487241471,4.438745358176973,4.454588315841552,4.454588315841552,4.458139727714955,4.460668307575091,4.5034286734819196,4.5034095020424845,4.541279857090862,4.71025782794127,4.710700942982254,4.844905223994408,4.865836250345954,4.867157999469446,4.876309096793003,4.899281654150102,4.97079365347801,4.97079365347801,4.97079365347801,4.974002150087595,4.991214799463615,4.991532519008522,,,4.500303403676629,4.6669526847879,4.492253625246653,"rgba(255, 26, 202, 1.0)",0.0884509840339513,4.4962260620258085,-2.2184723456608317,42.773767261148045,-3.4519139820976505,False,False,False,True,False,0.0,0.0,0.0,0.0,0.0,0,0.8905003625815805,1.086294416243655,False,False,False,False,-0.34282825441539394,-0.3229947487951098,False,False,False,False,120937.0,129890.90193130678,False,False,False,False,388.47500572453157,False,False,False,False
2025-07-14 16:00:00+00:00,4.3,4.325,4.235,4.245,380.0,,,,,,,,,,4.394063500192036,4.424299088188209,4.47253856689735,4.500435580112154,4.575532418392464,4.5621706332796235,4.5621706332796235,4.5385944848264925,4.432593838228286,4.441770569457875,4.45175287218956,4.499879089969708,4.666487671300152,4.677020726230204,4.7449403081677275,4.7449403081677275,4.862423386500886,4.9746586497677,4.985630673164877,,,,,,,4.3843106786717,4.464510354195499,4.463585762246299,4.473995291182391,4.531688090277779,4.5333319867133515,4.564562194987623,4.551614114937487,4.551614114937487,4.551510111877059,4.535556387822547,4.535556387822547,4.370914060260705,4.392895360620087,4.438392974074057,4.45421391416279,4.45421391416279,4.457760769128383,4.460285907873258,4.50300208670573,4.502983153637745,4.540916212928126,4.709765679720758,4.710208647546856,4.844439351896148,4.865394053828071,4.866719831423502,4.875881353882009,4.898856672208776,4.970342518230088,4.970342518230088,4.970342518230088,4.97354988525599,4.990756362521748,4.991073974702529,,,4.499879089969708,4.666487671300152,4.489928287339229,"rgba(255, 26, 202, 1.0)",0.09211806955606727,4.492392881134895,-2.685606443199732,38.37258084108127,-7.499443261557467,False,True,False,True,False,0.0,0.0,0.0,0.0,0.0,0,0.8742732558139534,1.0973837209302326,False,False,False,False,-0.34282825441539394,-0.33291150160525185,False,False,False,False,120557.0,129746.19027345706,False,False,False,False,388.34361028694195,False,False,False,False
2025-07-14 17:00:00+00:00,4.245,4.28,4.15,4.15,122.0,,,,,,,,,,4.390976511618136,4.421394158075602,4.471620772035712,4.499596371374176,4.574649357044108,4.561530081092497,4.561530081092497,4.538131907151774,4.432433403685425,4.441606967752153,4.451585524232149,4.499699173185292,4.666310528458518,4.676841073353092,4.744751543677365,4.744751543677365,4.862259673077168,4.974498027360824,4.985468875628057,,,,,,,4.380986015981735,4.461990275238676,4.461093261767967,4.473095757257326,4.530830285524294,4.532474805921213,4.563912625675892,4.551015885181435,4.551015885181435,4.550912243976523,4.535122586454708,4.535122586454708,4.370775143843991,4.39275118975009,4.438230390797351,4.454045659276178,4.454045659276178,4.45759138006476,4.460115616557735,4.502821791549549,4.502802955500544,4.540767602960155,4.709581100730537,4.7100240400332085,4.844270491216656,4.865234408262983,4.8665616776173355,4.8757272165230905,4.89870413689464,4.970182342093914,4.970182342093914,4.970182342093914,4.973389378272712,4.9905940361397905,4.9909116169873,,,4.499699173185292,4.666310528458518,4.488911941997177,"rgba(255, 26, 202, 1.0)",0.09856401404601241,4.490664834894103,-3.456280044916503,32.99852352673656,-12.274873310373707,False,True,False,True,False,0.0,0.0,0.0,0.0,0.0,0,0.8617710583153346,1.1101511879049675,False,False,False,False,-0.34282825441539394,-0.33786987801032287,False,False,False,False,120435.0,129601.8307343337,False,False,False,False,384.2142519879196,False,False,False,False
2025-07-14 18:00:00+00:00,4.15,4.195,4.09,4.145,1408.0,,,,,,,,,,4.353648431645434,4.386148421558037,4.459621688039737,4.488704174176132,4.563446963408411,4.553312865456273,4.553312865456273,4.5321202879585885,4.4302133169711855,4.4393571845653605,4.4492988182359445,4.497301536104184,4.664060573097761,4.674563904197754,4.742385634245643,4.742385634245643,4.860235245334993,4.972530707505412,4.98348877993442,,,,,,4.143333333333333,4.34122663181242,4.431124220326546,4.430524391910358,4.461333147552338,4.519814826031363,4.521472352189136,4.555587484125537,4.543308268657519,4.543308268657519,4.543208965909143,4.529473612348486,4.529473612348486,4.368740129042645,4.390688831989478,4.435989582490096,4.451750004372849,4.451750004372849,4.455285115380474,4.457800480644459,4.500422372968133,4.500404799471853,4.538816141417871,4.707254989773908,4.707697738424614,4.842178784506966,4.863260714082295,4.864606627385407,4.873823370491677,4.896824042123925,4.968219846511565,4.968219846511565,4.968219846511565,4.971423307606217,4.988608210468729,4.988925453633621,,,4.497301536104184,4.664060573097761,4.464365466935779,"rgba(255, 26, 202, 1.0)",0.1044831552439309,4.4501641423517615,-2.92070182642659,29.30868122413576,-15.4016740592918,False,True,False,True,False,0.0,0.0,0.0,0.0,0.0,0,0.8479657387580298,1.124910778015703,True,False,False,False,-0.34282825441539394,-0.34034906621285843,False,False,False,False,119027.0,129437.87987023548,False,False,False,False,400.08689924392087,False,False,False,False
2025-07-14 19:00:00+00:00,4.145,4.33,4.145,4.29,1014.0,,,,,,,,,,4.343988411395461,4.375177913435627,4.454373651018483,4.48366930829102,4.5577834917760685,4.549150417635648,4.549150417635648,4.5291143298281655,4.429249645628577,4.438361163651866,4.448266305059877,4.496133168163029,4.662797086704347,4.673278158571269,4.741008738937017,4.741008738937017,4.85901035398342,4.971309684038353,4.982257299344103,,,,,,4.190083952656207,4.331954754330152,4.4196393354769565,4.419151757188499,4.456165518149861,4.514502182916536,4.516154756984763,4.551362718599121,4.5394355394234855,4.5394355394234855,4.539338749762729,4.526652849145781,4.526652849145781,4.368011918742924,4.38988560670189,4.4350045443729424,4.450708662170817,4.450708662170817,4.454232141869565,4.456738687058532,4.499248319298,4.499231383459477,4.537816062995406,4.705920977993678,4.706363352276847,4.840919583621484,4.862065424949844,4.863422160819463,4.872667053649311,4.895675642450876,4.967002821531149,4.967002821531149,4.967002821531149,4.970203316886614,4.987372003773486,4.987688965096331,,,4.496133168163029,4.662797086704347,4.461403606386632,"rgba(239, 83, 80, 1.0)",0.1055825965047379,4.446196840559942,-1.4793805582621085,35.184627914939924,-20.84137227640697,False,True,False,True,True,0.0,0.0,0.0,0.0,0.0,0,0.8604651162790695,1.1085271317829457,False,False,False,False,-0.26728734941185905,-0.30381820781235874,False,False,False,False,120041.0,129292.19181023183,False,False,False,False,409.60493181378257,False,False,False,False
2025-07-15 14:00:00+00:00,4.35,4.35,4.29,4.29,26.0,,,,,,,,,,4.343903284847317,4.375038415102623,4.454278769189291,4.48357342563297,4.55766688989038,4.5490648857587,4.5490648857587,4.529053404201469,4.429232830775351,4.4383433842449325,4.448247467787323,4.496110157510518,4.6627691478279845,4.673249615710819,4.740977519993157,4.740977519993157,4.858981865669309,4.971280830116915,4.982228161541333,,,,,,4.1913575708061,4.331894388042865,4.4194563216914915,4.41897071957132,4.456071713606335,4.514397040406039,4.516049325648946,4.551275766351216,4.539356543157561,4.539356543157561,4.539259810865317,4.526595773425337,4.526595773425337,4.368002396824997,4.389873483110654,4.434987102221606,4.450689569089994,4.450689569089994,4.4542127013585775,4.456718990387098,4.499225108613104,4.4992081857944655,4.537795481474529,4.705891035541933,4.70633339728105,4.840890391549383,4.8620376094247435,4.863394590396486,4.872640096360207,4.895648773561828,4.966974076704152,4.966974076704152,4.966974076704152,4.970174491114236,4.9873427372740515,4.987659690885854,,,4.496110157510518,4.6627691478279845,4.46137508253878,"rgba(239, 83, 80, 1.0)",0.10679006094723749,4.446174537385195,-1.4624445009199618,39.10192570880937,-17.546031758126247,False,False,False,True,True,0.0,0.0,0.0,0.0,0.0,0,0.8735066760365422,1.1054111033028813,False,False,False,False,-0.20404930816936176,-0.25393375799086026,False,False,False,False,120041.0,129148.76247984063,False,False,False,False,403.657568529848,False,False,False,False
2025-07-15 15:00:00+00:00,4.3,4.3,4.29,4.29,100.0,,,,,,,,,,4.343420793181312,4.374371325930764,4.453872976652718,4.483170314806577,4.557189331117175,4.5487135916773145,4.5487135916773145,4.528801585351524,4.429159168518621,4.438266173617807,4.448166335848948,4.496013787105423,4.662656656943158,4.673134842232242,4.740852847466682,4.740852847466682,4.858868997140617,4.971167080536918,4.982113338655887,,,,,,4.195359759288331,4.331490860890191,4.418651760653228,4.418174336544963,4.455671008461989,4.513960759160583,4.51561210467422,4.550918856341643,4.539031175884538,4.539031175884538,4.538934670421444,4.526359661109593,4.526359661109593,4.36795528819462,4.389817165535924,4.434911122792154,4.450607488741679,4.450607488741679,4.454129343309258,4.456634683192466,4.499128031521065,4.499111162427564,4.5377105672362035,4.705771067964355,4.706213384825343,4.840774620391218,4.861927423604819,4.8632853830499085,4.872533367969455,4.895542514354539,4.966860739005938,4.966860739005938,4.966860739005938,4.9700608478401085,4.987227428227741,4.987544352748877,,,4.496013787105423,4.662656656943158,4.461186081834435,"rgba(239, 83, 80, 1.0)",0.10818352774647917,4.445968718488681,-1.4417048670679595,41.713457571389,-15.327787439503936,False,False,False,True,True,0.0,0.0,0.0,0.0,0.0,0,0.8698435277382645,1.1237553342816502,False,False,False,False,-0.22270099348631317,-0.23831737573858672,False,False,False,False,120041.0,129007.55685999813,False,False,False,False,398.94969925031546,False,False,False,False
2025-07-15 16:00:00+00:00,4.29,4.29,4.225,4.225,0.0,,,,,,,,,,4.343420793181312,4.374371325930764,4.453872976652718,4.483170314806577,4.557189331117175,4.5487135916773145,4.5487135916773145,4.528801585351524,4.429159168518621,4.438266173617807,4.448166335848948,4.496013787105423,4.662656656943158,4.673134842232242,4.740852847466682,4.740852847466682,4.858868997140617,4.971167080536918,4.982113338655887,,,,,,4.195359759288331,4.331490860890191,4.418651760653228,4.418174336544963,4.455671008461989,4.513960759160583,4.51561210467422,4.550918856341643,4.539031175884538,4.539031175884538,4.538934670421444,4.526359661109593,4.526359661109593,4.36795528819462,4.389817165535924,4.434911122792154,4.450607488741679,4.450607488741679,4.454129343309258,4.456634683192466,4.499128031521065,4.499111162427564,4.5377105672362035,4.705771067964355,4.706213384825343,4.840774620391218,4.861927423604819,4.8632853830499085,4.872533367969455,4.895542514354539,4.966860739005938,4.966860739005938,4.966860739005938,4.9700608478401085,4.987227428227741,4.987544352748877,,,4.496013787105423,4.662656656943158,4.461186081834435,"rgba(255, 26, 202, 1.0)",0.11027512685824087,4.445968718488681,-2.003794733990533,40.798740456331096,-15.327787439503936,False,False,False,True,True,0.0,0.0,0.0,0.0,0.0,0,0.869502523431867,1.1268925739005042,False,False,False,False,-0.2515377720251549,-0.2449275738818708,False,False,False,False,120041.0,128868.54047457181,False,False,False,False,392.7644325952718,False,False,False,False
2025-07-15 17:00:00+00:00,4.225,4.225,4.225,4.225,0.0,,,,,,,,,,4.343420793181312,4.374371325930764,4.453872976652718,4.483170314806577,4.557189331117175,4.5487135916773145,4.5487135916773145,4.528801585351524,4.429159168518621,4.438266173617807,4.448166335848948,4.496013787105423,4.662656656943158,4.673134842232242,4.740852847466682,4.740852847466682,4.858868997140617,4.971167080536918,4.982113338655887,,,,,,4.195359759288331,4.331490860890191,4.418651760653228,4.418174336544963,4.455671008461989,4.513960759160583,4.51561210467422,4.550918856341643,4.539031175884538,4.539031175884538,4.538934670421444,4.526359661109593,4.526359661109593,4.36795528819462,4.389817165535924,4.434911122792154,4.450607488741679,4.450607488741679,4.454129343309258,4.456634683192466,4.499128031521065,4.499111162427564,4.5377105672362035,4.705771067964355,4.706213384825343,4.840774620391218,4.861927423604819,4.8632853830499085,4.872533367969455,4.895542514354539,4.966860739005938,4.966860739005938,4.966860739005938,4.9700608478401085,4.987227428227741,4.987544352748877,,,4.496013787105423,4.662656656943158,4.461186081834435,"rgba(255, 0, 0, 1.0)",0.11214762632391097,4.445968718488681,-1.9703378995331295,40.18892904629249,-15.327787439503936,False,False,False,True,True,0.0,0.0,0.0,0.0,0.0,0,0.85838779956427,1.1328976034858387,False,False,False,False,-0.2768638297865528,-0.2608957018342118,False,False,False,False,120041.0,128731.67938194278,False,False,False,False,386.67506154728306,False,False,False,False
2025-07-15 18:00:00+00:00,4.225,4.27,4.225,4.245,100.0,,,,,,,,,,4.342506379359229,4.373337112622827,4.453351860235068,4.482670233085941,4.5566293364111266,4.548299244138993,4.548299244138993,4.528500503341978,4.429060304819692,4.438164210716778,4.448060861281089,4.495895340294076,4.662530029161609,4.673006044242557,4.740715250940159,4.740715250940159,4.858746863717947,4.971045540457422,4.981990777079521,,,,,,4.197297331319234,4.3306123998895325,4.417561591446924,4.417094041320232,4.4551576482532225,4.5134342787735555,4.5150851636330405,4.550498450115842,4.538645032622766,4.538645032622766,4.538548771846434,4.526076837255081,4.526076837255081,4.367878815582626,4.389733706076809,4.434810207447677,4.450501164346665,4.450501164346665,4.454021904248966,4.456526395321252,4.499009053164369,4.498992248062018,4.53760950786998,4.70563760389079,4.706079885309565,4.840649033430921,4.86180824061017,4.863167279258025,4.872418082863318,4.895428061250893,4.96673958925602,4.96673958925602,4.96673958925602,4.969939408590242,4.987104405154865,4.987421302170879,,,4.495895340294076,4.662530029161609,4.460792414544587,"rgba(255, 0, 0, 1.0)",0.11403879535861598,4.445451023224216,-1.7577441307921613,41.04376668432292,-15.327787439503936,True,False,False,True,True,0.0,0.0,0.0,0.0,0.0,0,0.8650619985412105,1.12326768781911,False,False,False,False,-0.259295393163712,-0.2600955474989619,False,False,False,False,120141.0,128598.49055431577,False,False,False,False,382.23048694965075,False,False,False,False
2025-07-15 19:00:00+00:00,4.245,4.31,4.245,4.255,582.0,,,,,,,,,,4.338726148884708,4.368685743748388,4.450706837861064,4.480084873803309,4.553652193052905,4.5460949386899685,4.5460949386899685,4.5269049058391415,4.428560374498666,4.437644978858634,4.447520052394549,4.495272537929033,4.66183584729075,4.672298922306359,4.739953707049752,4.739953707049752,4.858064073670374,4.970361744893712,4.981300887656884,,,,,,4.2103973168214655,4.327166764341993,4.412311509149448,4.411892392757322,4.452548088953468,4.510675306382097,4.512321955534894,4.548260706665025,4.536595758624307,4.536595758624307,4.536500849504494,4.52457860433945,4.52457860433945,4.367520960804762,4.389328803100471,4.434297594935134,4.449955135002151,4.449955135002151,4.4534689264078215,4.455968197243934,4.498382642534535,4.498366177642698,4.537069791215451,4.70490179149265,4.705343838544361,4.839947840902611,4.8611417873096885,4.862506793499928,4.871772953206693,4.894786673432977,4.9660581275236115,4.9660581275236115,4.9660581275236115,4.969256215626364,4.986411758783355,4.9867284911356204,,,4.495272537929033,4.66183584729075,4.459003277197848,"rgba(255, 0, 0, 1.0)",0.11550000974999816,4.443245690512609,-1.6298326807077355,42.256761027682934,-14.012589255876087,True,False,False,True,True,0.0,0.0,0.0,0.0,0.0,0,0.85921625544267,1.1197387518142232,False,False,False,False,-0.2361100644116706,-0.24810280595531625,False,False,False,False,120723.0,128476.38992556669,False,False,False,False,385.32768870236936,False,False,False,False
2025-07-16 14:00:00+00:00,4.265,4.265,4.13,4.13,13.0,,,,,,,,,,4.338535701503221,4.368491205027171,4.450618025786524,4.480002053402385,4.553564363796406,4.546029295705658,4.546029295705658,4.526856393996594,4.428542574542576,4.437626865988353,4.44750156546787,4.495252815686054,4.661816616987067,4.672279432675417,4.739933291823132,4.739933291823132,4.858046379543505,4.97034441660592,4.981283436941935,,,,,,4.210255421934423,4.3269737911748445,4.412123063140106,4.411705421650173,4.452460742067721,4.510590350108701,4.512237027281767,4.548194204606716,4.536534157176743,4.536534157176743,4.536439282782234,4.524532925243916,4.524532925243916,4.3675052397732825,4.389312614748196,4.434279581614408,4.449936557435274,4.449936557435274,4.453450236542709,4.455949417202676,4.498362885716169,4.498346431110237,4.53705348108722,4.704881800189203,4.7053238444896754,4.839929590845752,4.861124528452788,4.862489694416496,4.871756286481652,4.894770185828327,4.96604084567241,4.96604084567241,4.96604084567241,4.9692388993519305,4.98639425300328,4.986710982096294,,,4.495252815686054,4.661816616987067,4.458915192607603,"rgba(255, 26, 202, 1.0)",0.12025078898805461,4.44312320018403,-2.603918051757108,38.27629758526281,-14.012589255876087,False,False,False,True,False,0.0,0.0,0.0,0.0,0.0,0,0.8457675753228117,1.1269727403156384,False,False,False,False,-0.2985662684726178,-0.27333453721396705,False,False,False,False,120710.0,128355.98077943387,False,False,False,False,379.55516639690626,False,False,False,False
2025-07-16 15:00:00+00:00,4.13,4.145,4.11,4.135,100.0,,,,,,,,,,4.336686324937921,4.3666627054103095,4.449825534930093,4.479272700119476,4.552809965684704,4.545463977062727,4.545463977062727,4.526436004180704,4.428381448399314,4.437463760431802,4.44733597237869,4.4950798813813195,4.6616550732209525,4.672116001474734,4.739763795756198,4.739763795756198,4.857901336515577,4.970203607045416,4.981141735385411,,,,,,4.207854721308205,4.3250708466170735,4.4104102159350775,4.410005431174944,4.451682001867597,4.50985083713851,4.511498176569892,4.547621853301585,4.536002107081628,4.536002107081628,4.535907516921361,4.524136760118355,4.524136760118355,4.367356145780367,4.389162040693085,4.434117066883157,4.449770360943009,4.449770360943009,4.453283331527284,4.455781914046241,4.498189852785062,4.498173487146263,4.536912479909102,4.7047150159855535,4.705157048178441,4.8397797407970256,4.86098309174539,4.862349583838636,4.8716198291208395,4.89463545566281,4.965900372616266,4.965900372616266,4.965900372616266,4.969098176942296,4.986252151558197,4.986568857103204,,,4.4950798813813195,4.6616550732209525,4.458072689055152,"rgba(255, 26, 202, 1.0)",0.12472792010633145,4.441929204844338,-2.460789890368402,35.95395950742511,-7.908562246147689,False,True,False,True,False,0.0,0.0,0.0,0.0,0.0,0,0.8416126709863211,1.1461483081353492,False,False,False,False,-0.34282825441539394,-0.3080813958146805,False,False,False,False,120810.0,128238.98882936513,False,False,False,False,375.2209777705976,False,False,False,False
2025-07-16 16:00:00+00:00,4.135,4.175,4.1,4.175,99.0,,,,,,,,,,4.335061538461538,4.365030563587481,4.449093640069701,4.478594803862446,4.552100957122116,4.544932691916247,4.544932691916247,4.526041646825608,4.428232785281723,4.437312948782494,4.44718252665051,4.494918207860882,4.661501254145046,4.6719602671021185,4.739601588183535,4.739601588183535,4.857761744656752,4.970067569227819,4.98100479259902,,,,,,4.206190683711021,4.323412280701754,4.4088543552605115,4.4084613077384525,4.4509624481011265,4.509159943629925,4.510807722236158,4.547083828788814,4.535502627176244,4.535502627176244,4.5354083094867885,4.523765201748139,4.523765201748139,4.367221148738797,4.3890246351159234,4.433966917737413,4.449616276574391,4.449616276574391,4.453128477021574,4.455626425328211,4.498028006667139,4.498011724585654,4.536779841197834,4.704555737633588,4.704997753785948,4.839635630008081,4.860846952893412,4.862214713781473,4.871488427629001,4.894505607125458,4.965764677059889,4.965764677059889,4.965764677059889,4.968962227721173,4.986114802445852,4.986431484006378,,,4.494918207860882,4.661501254145046,4.457324422325542,"rgba(255, 26, 202, 1.0)",0.12721596165929105,4.440880426616573,-2.089992664038908,37.01056847873735,-7.908562246147689,False,True,False,True,False,0.0,0.0,0.0,0.0,0.0,0,0.8391708363116507,1.13795568263045,False,False,False,False,-0.3347769665047165,-0.32142918115969854,False,False,False,False,120909.0,128125.34559170055,False,False,False,False,370.93848199120845,False,False,False,False
2025-07-16 17:00:00+00:00,4.175,4.175,4.13,4.16,263.0,,,,,,,,,,4.330992438563327,4.36090985950516,4.447198771813782,4.476834608755604,4.550252766569926,4.543545988046627,4.543545988046627,4.525011889184361,4.427845705379925,4.436920034079847,4.446782501639791,4.494495661818808,4.661097062544934,4.671550958191203,4.739174756787411,4.739174756787411,4.857393794850765,4.969708597013297,4.980643401761161,,,,,,4.20255690508322,4.319277824450045,4.404888116596369,4.404524596940885,4.449098954592613,4.5073627324239,4.509011472409912,4.545679486481092,4.534199111643721,4.534199111643721,4.53410550737471,4.522794864098716,4.522794864098716,4.366871569554661,4.388667993602895,4.433575816213032,4.449214527800681,4.449214527800681,4.452724635815029,4.455220871483164,4.497604948229295,4.497588884514193,4.536432468431063,4.704136859219577,4.70457882984638,4.8392558560876715,4.86048808628575,4.8618591841311884,4.871142000785625,4.894163190978298,4.965406620175325,4.965406620175325,4.965406620175325,4.968603492414079,4.985752325217601,4.986068942610647,,,4.494495661818808,4.661097062544934,4.455429877722942,"rgba(255, 26, 202, 1.0)",0.1303499447951758,4.438245014622852,-2.1346001723289505,37.11773577544505,-7.908562246147689,False,True,False,True,False,0.0,0.0,0.0,0.0,0.0,0,0.844507845934379,1.1376604850213976,False,False,False,False,-0.32244657958819567,-0.3219378803739471,False,False,False,False,120646.0,128009.38674531759,False,False,False,False,369.2650171541354,False,False,False,False
2025-07-16 18:00:00+00:00,4.16,4.18,4.16,4.18,3.0,,,,,,,,,,4.330951808263895,4.360867889817024,4.447178645501611,4.476815778407409,4.550232757044352,4.543530970699193,4.543530970699193,4.525000756240747,4.42784159260257,4.4369158495218874,4.446778231242943,4.4944911079181145,4.661092622597646,4.671546458582942,4.739170044269725,4.739170044269725,4.857389709419882,4.969704596199795,4.9806393727517815,,,,,,4.2025332614167565,4.3192369665297985,4.404846855943614,4.404483644307984,4.4490791500091795,4.507343398289281,4.508992143163338,4.545664274398192,4.534185010550448,4.534185010550448,4.5340914141611455,4.522784375323069,4.522784375323069,4.3668679330761275,4.3886642504099544,4.433571654486305,4.449210236601513,4.449210236601513,4.452720318846851,4.455216533817541,4.497600386399129,4.497584325048085,4.536428699926999,4.704132244218961,4.704574214213509,4.839251642499339,4.860484101178192,4.861855235852458,4.871138152194033,4.894159383751534,4.9654026300559,4.9654026300559,4.9654026300559,4.968599494367216,4.985748283526446,4.986064900168894,,,4.4944911079181145,4.661092622597646,4.455410595488588,"rgba(255, 0, 0, 1.0)",0.13291780973271186,4.4382185762518365,-1.9426935846377225,38.531915415275726,-7.908562246147689,False,False,False,True,False,0.0,0.0,0.0,0.0,0.0,0,0.8522238163558105,1.1377331420373027,False,False,False,False,-0.30833285162246993,-0.3151353659982085,False,False,False,False,120649.0,127895.27222213437,False,False,False,False,363.5864897563969,False,False,False,False
2025-07-16 19:00:00+00:00,4.18,4.18,4.14,4.18,129.0,,,,,,,,,,4.329151231945624,4.359017261333136,4.446295002971033,4.475990539444195,4.5493591690207165,4.542874767162489,4.542874767162489,4.524513643005678,4.4276602396754585,4.436731491274461,4.446590256463614,4.494291349988744,4.660899172891956,4.671350464285095,4.738965093637107,4.738965093637107,4.857212370417253,4.96953115939967,4.980464733034849,,,,,,4.201327425940405,4.3174221607499605,4.403035759897829,4.402685906826839,4.448209711549173,4.506497591049355,4.508146619948433,4.544999637484144,4.533568521384083,4.533568521384083,4.533475266273217,4.522325359871573,4.522325359871573,4.366706311707439,4.388498436685776,4.433388244924344,4.449021385257613,4.449021385257613,4.452530388892036,4.455025732109265,4.497400318680292,4.497384360751986,4.536263754313888,4.703931383625925,4.704373328122276,4.839068695256127,4.8603111231795175,4.8616838592387674,4.870971122241116,4.893994197286401,4.965229649153739,4.965229649153739,4.965229649153739,4.96842617552925,4.9855731030122605,4.985889687669045,,,4.494291349988744,4.660899172891956,4.454556698290762,"rgba(255, 0, 0, 1.0)",0.1340968118746757,4.437045095424343,-1.9168620926243432,39.474701841829514,-7.908562246147689,False,False,False,True,True,0.0,0.0,0.0,0.0,0.0,0,0.8459343794579169,1.1326676176890156,False,False,False,False,-0.3160890920234171,-0.3156122290108128,False,False,False,False,120649.0,127782.92691636484,False,False,False,False,359.94948991521244,False,False,False,False
2025-07-17 14:00:00+00:00,4.18,4.18,4.165,4.17,100.0,,,,,,,,,,4.327824487503509,4.357643421084793,4.445626009922619,4.4753641266312645,4.548693514275644,4.542374392293248,4.542374392293248,4.524142209496542,4.4275225191298295,4.436591393587036,4.446447312778387,4.494139026988917,4.660750832062363,4.671200139589585,4.738807705290212,4.738807705290212,4.857075955899228,4.969397600781629,4.98033023642282,,,,,,4.200574041148082,4.316090452261305,4.401679949213792,4.401340033012914,4.447551307080618,4.505854415182775,4.507503599092903,4.544492804778717,4.533098537286428,4.533098537286428,4.533005543582688,4.521975338217778,4.521975338217778,4.366584330354258,4.388372962598617,4.433248902352891,4.448877751826786,4.448877751826786,4.45238590200648,4.454880558985316,4.49724773593155,4.497231856915445,4.536137719134497,4.703777229108733,4.704219152774553,4.838927998217925,4.860178057186734,4.861552022591275,4.870842614967614,4.89386707730213,4.965096446246085,4.965096446246085,4.965096446246085,4.968292708938823,4.985438184546804,4.9857547442384424,,,4.494139026988917,4.660750832062363,4.453920446571947,"rgba(255, 0, 0, 1.0)",0.13646512275935896,4.436176224506075,-1.950507346667961,39.56435154428432,-7.908562246147689,False,False,False,True,True,0.0,0.0,0.0,0.0,0.0,0,0.8522483940042821,1.1327623126338329,False,False,False,False,-0.3040985219907676,-0.30985537550079023,False,False,False,False,120549.0,127670.77301068476,False,False,False,False,355.9192652653642,False,False,False,False
2025-07-17 15:00:00+00:00,4.165,4.17,4.15,4.165,390.0,,,,,,,,,,4.322538879825992,4.3521945771250685,4.442953677115258,4.472865923384793,4.546051461578856,4.5403834566974215,4.5403834566974215,4.522660173750167,4.426965884464584,4.436025854035905,4.445871013214338,4.4935279596091,4.660161350079085,4.670603017491343,4.738183916009617,4.738183916009617,4.856536703145795,4.9688706249857155,4.979799645584546,,,,,,4.19706725213774,4.310777238641375,4.396317292084409,4.396015475173265,4.444921211549351,4.50329510572175,4.5049451483996625,4.542476569885217,4.531226812071722,4.531226812071722,4.531134842926528,4.52057812645004,4.52057812645004,4.366085725456434,4.387862480754429,4.43268616022726,4.448298843861928,4.448298843861928,4.451803797847455,4.454295861306119,4.496635791212734,4.496620227134648,4.535633549900113,4.703165596281608,4.703607446060142,4.8383716311668294,4.859652060553523,4.8610308947683984,4.870334725882129,4.893364877817157,4.964570839868381,4.964570839868381,4.964570839868381,4.967766087510167,4.984905968931124,4.985222432566876,,,4.4935279596091,4.660161350079085,4.451367674825621,"rgba(255, 0, 0, 1.0)",0.13888964444237908,4.432691161062747,-1.9273658748100824,39.33911491183223,-7.908562246147689,False,False,False,True,True,0.0,0.0,0.0,0.0,0.0,0,0.8584770114942525,1.1321839080459768,False,False,False,False,-0.3145162037784859,-0.31218578963963806,False,False,False,False,120159.0,127554.31141361987,False,False,False,False,356.4476487496221,False,False,False,False
2025-07-17 16:00:00+00:00,4.165,4.18,4.15,4.18,119.0,,,,,,,,,,4.321072515281256,4.350661906781658,4.442172120628812,4.472131755311566,4.545269786371815,4.539793381975592,4.539793381975592,4.522220756330386,4.4268018237940945,4.435858982265824,4.4457007745666965,4.4933466235226165,4.659984761881686,4.670424076032095,4.737996596057476,4.737996596057476,4.856374299695528,4.9687116252828005,4.979639531940657,,,,,,4.19634278002699,4.309314649903963,4.394784814688366,4.394493700728,4.4441516313424785,4.502540614061788,4.504190781712312,4.541878952122858,4.53067223999725,4.53067223999725,4.530580576513834,4.52016380146521,4.52016380146521,4.365940252199683,4.387712897412673,4.432520181237338,4.448127789140948,4.448127789140948,4.451631733505734,4.454122984969886,4.496454147954649,4.496438677372498,4.535483405856861,4.702982112405725,4.703423937492706,4.838204138175991,4.859493636147203,4.8608739313262,4.870181720043184,4.893213523369454,4.964412262577208,4.964412262577208,4.964412262577208,4.9676071970926925,4.984745354306107,4.9850617882947805,,,4.4933466235226165,4.659984761881686,4.450641653733038,"rgba(255, 0, 0, 1.0)",0.14091000897958866,4.4317119694158436,-1.7863313702031292,40.56787065584294,-7.908562246147689,False,False,False,True,True,0.0,0.0,0.0,0.0,0.0,0,0.8821796759941088,1.1266568483063328,False,False,False,False,-0.3102045240130103,-0.31119515682632415,False,False,False,False,120278.0,127441.50038395134,False,False,False,False,352.7662898542791,False,False,False,False
2025-07-17 17:00:00+00:00,4.18,4.205,4.165,4.175,12.0,,,,,,,,,,4.320937508406639,4.350518670245327,4.442096924211811,4.472060770217707,4.545193587258344,4.539735856970122,4.539735856970122,4.522177971809557,4.426786042560803,4.435842904405243,4.445684345254457,4.4933290081824655,4.659967385556797,4.6704064591318035,4.737978101353951,4.737978101353951,4.856358205434532,4.9686958293611685,4.979623622148419,,,,,,4.196303275011216,4.3091810570382,4.3946393911823805,4.394349296995741,4.4440775580274225,4.502467383035376,4.504117548739492,4.54182068184576,4.5306182171542595,4.5306182171542595,4.530526583878165,4.52012346537177,4.52012346537177,4.365926467349069,4.387698632481594,4.4325041988103555,4.448111274661712,4.448111274661712,4.4516151124291135,4.454106279082444,4.496436496402668,4.496421034932115,4.53546875521187,4.702964021696477,4.7034058440088415,4.838187547600244,4.859477934865003,4.8608583742596565,4.870166551617786,4.893198510407111,4.964396509893634,4.964396509893634,4.964396509893634,4.967591412354494,4.984729393260341,4.9850458242121,,,4.4933290081824655,4.659967385556797,4.45057354512389,"rgba(255, 0, 0, 1.0)",0.14290896743371312,4.431621069854846,-1.7956960606679733,41.03199536228517,-7.908562246147689,True,False,False,True,True,0.0,0.0,0.0,0.0,0.0,0,0.8843888070692192,1.0994108983799704,False,False,False,False,-0.2930672884453884,-0.30213122263585623,False,False,False,False,120266.0,127330.2523159831,False,False,False,False,347.48309156196467,False,False,False,False
2025-07-17 18:00:00+00:00,4.175,4.185,4.16,4.18,64.0,,,,,,,,,,4.320187608724742,4.349728823887873,4.441686361161818,4.471674090345152,4.544780287832535,4.539423662471639,4.539423662471639,4.521945505208499,4.426699622089699,4.43575494199577,4.4455945450932655,4.493233084417828,4.6598734417311265,4.670311242447165,4.737878301895494,4.737878301895494,4.856271534318764,4.968610881632539,4.979538071813721,,,,,,4.196001769128704,4.308436253252384,4.393842965061379,4.393558403755868,4.443673186653206,4.502069276650712,4.503719470325505,4.5415044784160585,4.530324878417626,4.530324878417626,4.530233407635517,4.519904267600836,4.519904267600836,4.365850324239668,4.387620125532265,4.432416729030333,4.448021029098948,4.448021029098948,4.451524312892793,4.454015036198572,4.496340395051351,4.4963249830738015,4.535389166985774,4.702866325493078,4.703308133851471,4.838098180327718,4.85939338346465,4.860774600981354,4.870084881415672,4.893117701868819,4.964311790812853,4.964311790812853,4.964311790812853,4.967506523773988,4.984643571811441,4.984959986710073,,,4.493233084417828,4.6598734417311265,4.4501973722364845,"rgba(255, 0, 0, 1.0)",0.14484981349130402,4.431116869857457,-1.7336361283788089,41.865624803800415,-7.908562246147689,True,False,False,True,True,0.0,0.0,0.0,0.0,0.0,0,0.8759342301943196,1.122571001494768,False,False,False,False,-0.3037578450323014,-0.3029445338340788,False,False,False,False,120330.0,127221.72127232444,False,False,False,False,343.08800487108147,False,False,False,False
2025-07-17 19:00:00+00:00,4.17,4.26,4.16,4.26,450.0,,,,,,,,,,4.316926514270954,4.345954425663395,4.439387286350174,4.469452002337911,4.542302553007357,4.537552633794643,4.537552633794643,4.520561832463824,4.426218037885517,4.4352603446614305,4.445085055034093,4.492669487278277,4.659284201532664,4.669712510271764,4.737241903655334,4.737241903655334,4.855708919386025,4.968052957991886,4.97897565573848,,,,,,4.1987771520514885,4.3053647746243735,4.389686648250461,4.389431959706959,4.441404140623187,4.499735092477494,4.501383136880112,4.539607738135087,4.5285738571806915,4.5285738571806915,4.528483429625551,4.518600564463809,4.518600564463809,4.365461127543582,4.3872034954509305,4.431926487381376,4.4475079326650695,4.4475079326650695,4.451006531165036,4.453493653446947,4.49577468553093,4.495759569461597,4.534910637911888,4.702247554009105,4.702689217199762,4.837519403407874,4.858844306754403,4.860230481881997,4.869553823297449,4.892590872360614,4.9637555812485745,4.9637555812485745,4.9637555812485745,4.966949043045137,4.984079127729985,4.9843954219169175,,,4.492669487278277,4.659284201532664,4.448348877824321,"rgba(239, 83, 80, 1.0)",0.1455054873427251,4.428788203784115,-1.1600126350324482,48.59197695923401,-5.1114012833968445,True,False,False,False,True,0.0,0.0,0.0,0.0,0.0,0,0.8632986627043088,1.1144130757800892,False,False,False,False,-0.2718774365254113,-0.28741098517974506,False,False,False,False,120780.0,127121.8496246915,False,False,False,False,344.7455551831577,False,False,False,False
2025-07-18 14:00:00+00:00,4.26,4.3,4.25,4.265,15.0,,,,,,,,,,4.316873968008255,4.345878554730941,4.439327529829065,4.469392226789171,4.542232306627445,4.537499623407237,4.537499623407237,4.520522961219973,4.4262056360079685,4.435247446342534,4.4450716034060775,4.49265391295088,4.65926662797878,4.669694604636925,4.737222584913567,4.737222584913567,4.855691523231586,4.968035502922331,4.978958043521329,,,,,,4.1989963906156005,4.305322634431012,4.389588922623976,4.389334980327568,4.441345001393667,4.499670677286337,4.501318583186583,4.539553941908718,4.5285244854991715,4.5285244854991715,4.528434089861163,4.5185639751593705,4.5185639751593705,4.365452385834323,4.38719352735918,4.4319137599977445,4.447494347125149,4.447494347125149,4.450992766637502,4.453479754922196,4.495759015833064,4.495743908120955,4.534897037414634,4.702228904994263,4.702670561983621,4.83750154955925,4.858827322263173,4.860213647752457,4.86953737447843,4.892574511439995,4.963738186398132,4.963738186398132,4.963738186398132,4.966931603522501,4.984061444384876,4.984377734320933,,,4.49265391295088,4.65926662797878,4.44830936984681,"rgba(239, 83, 80, 1.0)",0.1460593486680343,4.42874419569573,-1.1210798705387235,53.36127398864976,-0.9111702028878526,True,False,True,False,True,0.0,0.0,0.0,0.0,0.0,0,0.8701492537313428,1.1179104477611939,False,False,False,False,-0.21710935032943557,-0.2522601677545903,False,False,False,False,120795.0,127023.75893283582,False,False,False,False,339.63322099427154,False,False,False,False
2025-07-18 15:00:00+00:00,4.265,4.27,4.24,4.24,34.0,,,,,,,,,,4.316698445782512,4.345657111156397,4.439174755745424,4.469242036805865,4.542060476618706,4.537369757760953,4.537369757760953,4.520427230779907,4.426173592279401,4.435214346275394,4.445037312018092,4.492615158902769,4.6592245741496745,4.669651815513038,4.737176764058568,4.737176764058568,4.855650633070575,4.967994710426931,4.978916902929665,,,,,,4.199341764588727,4.3051662648599205,4.389327419325215,4.389075383126016,4.441194007334172,4.499510942174888,4.501158603559752,4.539422227871137,4.528403212655971,4.528403212655971,4.52831289207528,4.518473804962509,4.518473804962509,4.365428001101607,4.387166703087323,4.431881019180213,4.447459767332879,4.447459767332879,4.45095780618779,4.45344450615051,4.495720072643441,4.495704985465661,4.534863677795146,4.702184513017125,4.702626157420755,4.837459535558088,4.858787407243154,4.860174089369886,4.869498742799297,4.892536135912138,4.963697527027116,4.963697527027116,4.963697527027116,4.966890845409947,4.984020146429233,4.984336426978131,,,4.492615158902769,4.6592245741496745,4.448196497128453,"rgba(239, 83, 80, 1.0)",0.14696248831919675,4.428609170252308,-1.283383075568618,54.18241358432751,-0.3654490064166893,True,False,True,False,True,0.0,0.0,0.0,0.0,0.0,0,0.8662182361733929,1.1188340807174888,False,False,False,False,-0.23240387115542854,-0.24233201945500943,False,False,False,False,120761.0,126926.66189511742,False,False,False,False,334.89472144397274,False,False,False,False
2025-07-18 16:00:00+00:00,4.24,4.26,4.215,4.26,16.0,,,,,,,,,,4.316609997429966,4.3455478274637525,4.439101049401757,4.469169820055556,4.541978302213002,4.537307622488469,4.537307622488469,4.520381372100124,4.4261580890545655,4.435198353476969,4.445020765479333,4.492596550228667,4.659204545340064,4.669631442595708,4.737154983012709,4.737154983012709,4.855631233710452,4.967975381892293,4.978897411467363,,,,,,4.199486797697042,4.305086342880863,4.389200293604918,4.3889491741947255,4.441121177671572,4.499434338493955,4.5010818921414515,4.539359216158378,4.528345155329076,4.528345155329076,4.528254870337661,4.518430603002837,4.518430603002837,4.365416032581128,4.387153623521748,4.431865192368091,4.447443086730624,4.447443086730624,4.4509409491850285,4.453427515152134,4.495701377885485,4.495686300540342,4.534847706354613,4.702163394730248,4.702605033369867,4.837439598082392,4.8587684712600065,4.860155322905391,4.86948041813764,4.8925179379089325,4.9636782607724435,4.9636782607724435,4.9636782607724435,4.966871532962258,4.984000581333143,4.984316857491527,,,4.492596550228667,4.659204545340064,4.4481408868404415,"rgba(239, 83, 80, 1.0)",0.14740863714960317,4.428541865736964,-1.1433649275646796,56.083496132969294,1.351172015498463,True,False,True,False,True,0.0,0.0,0.0,0.0,0.0,0,0.8619153674832959,1.1150705270972532,False,False,False,False,-0.24717986846684997,-0.2447559439609297,False,False,False,False,120777.0,126831.31829984428,False,False,False,False,329.950617235539,False,False,False,False
2025-07-18 17:00:00+00:00,4.26,4.3,4.26,4.275,15.0,,,,,,,,,,4.316565781029392,4.345479483007954,4.439043858400926,4.4691122200535265,4.541909947281998,4.53725603466975,4.53725603466975,4.520343595772944,4.4261462310733695,4.4351859898939505,4.445007840299141,4.492581455458598,4.659187281038394,4.669613843930452,4.7371359479293345,4.7371359479293345,4.8556140406609485,4.9679580977459405,4.978879969082682,,,,,,4.199720902612826,4.305053067993366,4.389108819215255,4.388858406272793,4.441064545306959,4.499371967502917,4.50101937266496,4.539306853895022,4.528297148757863,4.528297148757863,4.528206895227859,4.51839504954079,4.51839504954079,4.365407919689292,4.387144238416945,4.431853003494922,4.447430025641821,4.447430025641821,4.4509277057694225,4.453414135702474,4.495686184052133,4.4956711148373305,4.534834456508385,4.702145041546972,4.702586673782692,4.837421959510853,4.858751683904194,4.860138683668163,4.86946415668727,4.892501756419719,4.9636610373001435,4.9636610373001435,4.9636610373001435,4.966854264478365,4.983983067300054,4.984299339174015,,,4.492581455458598,4.659187281038394,4.448104542994002,"rgba(239, 83, 80, 1.0)",0.14613387050271795,4.428502653031107,-1.0504248775662997,58.313380361971284,3.4293054091940434,True,False,True,False,True,0.0,0.0,0.0,0.0,0.0,0,0.8693726937269369,1.1084870848708486,False,False,False,False,-0.21146528700205985,-0.22811061548149478,False,False,False,False,120792.0,126737.68545798623,False,False,False,False,325.06766192956167,False,False,False,False
2025-07-18 18:00:00+00:00,4.275,4.29,4.25,4.25,169.0,,,,,,,,,,4.3158818610308645,4.344549069544043,4.438342427463488,4.4684148183799275,4.541098568408475,4.536642639459391,4.536642639459391,4.519892466417395,4.425999218150313,4.435033519875688,4.444849261933541,4.492399638019528,4.658985221407052,4.669408078029201,4.736914587071159,4.736914587071159,4.855415371586978,4.967759188516385,4.9786793050310125,,,,,,4.201779991061738,4.3044765175675295,4.387950387850382,4.387708547888774,4.440370635617369,4.498624155621795,4.5002701198736625,4.538684528892689,4.527725165097655,4.527725165097655,4.5276352743370385,4.517970223194634,4.517970223194634,4.365300890739167,4.387024050225742,4.431702404244447,4.447269968738696,4.447269968738696,4.45076568150961,4.453250632408856,4.495503343204637,4.495488370938519,4.534676545087859,4.701931057467009,4.702372622576432,4.837217978799001,4.858557727212863,4.859946449083115,4.869276358687518,4.892315052674034,4.963462800029261,4.963462800029261,4.963462800029261,4.966655528755484,4.983781609328498,4.984097833786756,,,4.492399638019528,4.658985221407052,4.4476152795527275,"rgba(239, 83, 80, 1.0)",0.14393207231690386,4.427940305405536,-1.2362797432232764,57.311732069883206,3.4293054091940434,True,False,True,False,True,0.0,0.0,0.0,0.0,0.0,0,0.8686720469552455,1.1093176815847396,False,False,False,False,-0.21981782981351108,-0.22396422264750293,False,False,False,False,120623.0,126642.88413305621,False,False,False,False,322.6480082562351,False,False,False,False
2025-07-18 19:00:00+00:00,4.25,4.4,4.25,4.37,1015.0,,,,,,,,,,4.317609570188439,4.344259328982597,4.436039830834297,4.465853134437873,4.537641276670223,4.534033078381385,4.534033078381385,4.518015793891431,4.425535353052253,4.434529814777103,4.444302467772021,4.491677152323038,4.658010310085446,4.668409132103573,4.735803973784993,4.735803973784993,4.854379119663792,4.966696676716342,4.977605407208253,,,,,,4.2242773145178525,4.307198983187354,4.385436979274255,4.38522066378956,4.438070999149758,4.495662245361004,4.497292212031903,4.536029612466378,4.525322438273942,4.525322438273942,4.525234394369158,4.5162075571732005,4.5162075571732005,4.365142557380554,4.38675148050643,4.431212842428231,4.4467127520923135,4.4467127520923135,4.450194074141866,4.452668568911215,4.494771873073843,4.494757310036335,4.533998871668589,4.700874146596879,4.7013151524212216,4.836159187081586,4.857545191925415,4.858942532977487,4.868293300931673,4.891332447597886,4.96240467694668,4.96240467694668,4.96240467694668,4.965594148678179,4.98270253942514,4.983018453088543,,,4.491677152323038,4.658010310085446,4.446944428807065,#000000,0.1414746977027591,4.427957819065113,-0.4096691493689075,62.469367596904334,7.261816304425963,True,False,True,False,True,0.0,0.0,0.0,0.0,0.0,0,0.8715003589375446,1.0911701363962671,False,False,False,False,-0.1742188627247467,-0.19909154268612483,False,False,False,False,121638.0,126565.28903021812,False,False,False,False,333.3821476631151,False,False,False,False
2025-07-21 14:00:00+00:00,4.41,4.41,4.345,4.345,1.0,,,,,,,,,,4.317613032227711,4.344260734977307,4.43603823056754,4.465851185094928,4.537638380758807,4.534030890184698,4.534030890184698,4.518014238337994,4.425535040218801,4.434529460400351,4.444302068882841,4.491676568442917,4.658009432816516,4.668408230580535,4.735802956162953,4.735802956162953,4.8543781536019575,4.9666956761476975,4.977604395137158,,,,,,4.224300144300144,4.3072034730086814,4.385436009983648,4.38521971059166,4.438069387386577,4.4956598723302506,4.497289820848895,4.5360273828330735,4.525320437646328,4.525320437646328,4.5252323954315115,4.516206097981435,4.516206097981435,4.365142566777441,4.386751365808161,4.431212502936653,4.446712342437785,4.446712342437785,4.450193649470141,4.4526681334298805,4.494771279389505,4.494756716694463,4.533998297791584,4.700873185070095,4.701314190289987,4.836158202106068,4.857544247603187,4.858941596536354,4.868292383000141,4.891331527978622,4.962403680820889,4.962403680820889,4.962403680820889,4.965593149254741,4.9827015221223006,4.983017435470711,,,4.491676568442917,4.658009432816516,4.446944413041789,"rgba(239, 83, 80, 0.5)",0.13832247867973255,4.427958770923474,-0.5997490192143977,63.87090004667131,8.52570301755069,True,False,True,False,True,0.0,0.0,0.0,0.0,0.0,0,0.886201991465149,1.0889046941678522,False,False,False,False,-0.13135454036076366,-0.16522304152344425,False,False,False,False,121637.0,126488.88144835427,False,False,False,False,328.2289360714389,False,False,False,False
2025-07-21 15:00:00+00:00,4.345,4.39,4.33,4.365,238.0,,,,,,,,,,4.318340736627799,4.34451684698609,4.435632154901469,4.465366131977049,4.536931857799971,4.533496211528772,4.533496211528772,4.517632722947896,4.42545436452125,4.434439017478715,4.444201142995945,4.491532208023665,4.657797212301011,4.668190268335807,4.735557643195403,4.735557643195403,4.854145983638366,4.966455652104345,4.977361646988694,,,,,,4.2293492921492915,4.3081648495636475,4.385147426414324,4.38493520445279,4.43766112857357,4.495075767288803,4.4967015091313405,4.5354827773257425,4.524830758141505,4.524830758141505,4.524743120841923,4.515848033489097,4.515848033489097,4.365137473758089,4.386717318323185,4.4311255542014285,4.446608881073965,4.446608881073965,4.450086657356863,4.452558595692672,4.494624630046265,4.494610151244539,4.533857749069057,4.700641077613379,4.701081941323946,4.835921400093381,4.857317313997071,4.858716562152602,4.868071834155523,4.8911106653140966,4.962164708595961,4.962164708595961,4.962164708595961,4.965353396351365,4.9824575352098766,4.982773373998839,,,4.491532208023665,4.657797212301011,4.446898649764177,#000000,0.1361653737519416,4.428120300967073,-0.4635561833955093,65.58565926741657,10.194700925935216,True,False,True,False,True,0.0,0.0,0.0,0.0,0.0,0,0.8850493653032437,1.0909732016925249,False,False,False,False,-0.14558180079652724,-0.15540242115998576,False,False,False,False,121875.0,126417.34840264334,False,False,False,False,326.8300378377732,False,False,False,False
2025-07-21 16:00:00+00:00,4.365,4.375,4.34,4.375,337.0,,,,,,,,,,4.319369051655928,4.344900880167958,4.435077478790089,4.4646979031035645,4.5359505158097795,4.53275206221911,4.53275206221911,4.517101422620934,4.425343454090158,4.434314260922386,4.444061533601431,4.4913309623405,4.657498922882377,4.6678838456445,4.735212383940687,4.735212383940687,4.853818724060405,4.966117047388043,4.977019180429434,,,,,,4.235977686435701,4.30951013024602,4.384778752925443,4.384571939454424,4.437102970341157,4.494267575636219,4.495887331002544,4.534724766446727,4.524149411185392,4.524149411185392,4.524062339645313,4.515349305077126,4.515349305077126,4.365133738408861,4.386672463025683,4.431005754208599,4.446465679120703,4.446465679120703,4.449938449033943,4.452406780031843,4.4944201274140525,4.494405765632583,4.533661050964604,4.70031457731948,4.700755239503046,4.8355876773345,4.856997417991945,4.858399336453452,4.867760899369348,4.890799229557001,4.961827595231339,4.961827595231339,4.961827595231339,4.9650151760668315,4.982113312314848,4.982429045375775,,,4.4913309623405,4.657498922882377,4.446825508439134,#000000,0.13216158551062257,4.428329341807694,-0.40351620784246345,67.12145539265964,11.763268532402364,True,False,True,False,True,0.0,0.0,0.0,0.0,0.0,0,0.8870175438596488,1.0926315789473684,False,False,False,False,-0.1429788078947015,-0.1491906145273436,False,False,False,False,122212.0,126352.14920260235,False,False,False,False,326.9877116697457,False,False,False,False
2025-07-21 17:00:00+00:00,4.375,4.395,4.355,4.365,20.0,,,,,,,,,,4.319439891635625,4.344933260746834,4.435048620276402,4.464661758325726,4.535895419356642,4.5327102658242655,4.5327102658242655,4.517071709009683,4.425337767206644,4.434307738358627,4.444054117044439,4.491319815120155,4.657481740196806,4.667866176754201,4.735192372617008,4.735192372617008,4.853799645590024,4.966097241750021,4.976999143837982,,,,,,4.236374902419984,4.309599951830442,4.384765614562458,4.384559072781655,4.437073820819507,4.494222956169404,4.495842342260775,4.534682167504847,4.524111241833339,4.524111241833339,4.524024203067197,4.515321426377046,4.515321426377046,4.365134541039062,4.386670754958598,4.430999531602013,4.446458046334755,4.446458046334755,4.449930514018851,4.452398627840997,4.494408781051419,4.4943944258382444,4.533649962180456,4.70029569900193,4.700736348894269,4.835568235868486,4.856978766345903,4.858380839459636,4.867742762961477,4.890781050100393,4.961807878838503,4.961807878838503,4.961807878838503,4.964995393431004,4.982093170646139,4.9824088973778755,,,4.491319815120155,4.657481740196806,4.446824966145712,#000000,0.1299890154749279,4.428347140016801,-0.4873268697770805,67.18572720764126,12.05641438827952,True,False,True,False,True,0.0,0.0,0.0,0.0,0.0,0,0.8991537376586739,1.090267983074753,False,False,False,False,-0.12841017154458476,-0.1388003930359642,False,False,False,False,122192.0,126287.6507653527,False,False,False,False,322.22821226401317,False,False,False,False
2025-07-21 18:00:00+00:00,4.365,4.46,4.36,4.46,417.0,,,,,,,,,,4.322385061256751,4.346944165830825,4.434969832217541,4.46435644454722,4.5351369368769285,4.53213966812047,4.53213966812047,4.516688231544399,4.425340696262862,4.434291187042889,4.444017056664728,4.4911944851203645,4.657192801284832,4.667566576808692,4.734838688098548,4.734838688098548,4.853447541932058,4.965722775002321,4.976619612986169,,,,,,4.247321469627994,4.313024011596642,4.385623088122229,4.385416564926502,4.436978049462273,4.493714188534312,4.495323897675535,4.534096987649192,4.523605304115049,4.523605304115049,4.523518861974824,4.51496421692723,4.51496421692723,4.36529175985213,4.386765452356892,4.430990078721487,4.446416027276141,4.446416027276141,4.449881444350589,4.452344571005397,4.4942784789106645,4.494264211374021,4.533497491404468,4.699968372768155,4.7004087211035595,4.8352112668684795,4.856634241045919,4.8580390418328,4.867406812094781,4.890442426882838,4.961435376454837,4.961435376454837,4.961435376454837,4.964621432597299,4.981711330376822,4.982026917512925,,,4.4911944851203645,4.657192801284832,4.447412166294482,#000000,0.12834086791967425,4.429599205340718,0.23687540182686692,70.54883293604279,15.434861442788502,True,False,True,False,True,3.4805626704887622,0.0,0.0,0.0,0.0,0,0.8963585434173669,1.081232492997199,False,False,False,False,-0.09870442235984517,-0.11875240769790468,False,False,False,False,122609.0,126230.61742015342,False,False,False,False,323.69754230643156,False,False,False,False
2025-07-21 19:00:00+00:00,4.46,4.46,4.29,4.32,1421.0,,,,,,,,,,4.325319119034712,4.347696243875884,4.4325395334614734,4.461486198380696,4.531011446759825,4.528980135751004,4.528980135751004,4.514408146075867,4.424828735861333,4.433722411004491,4.443387182440814,4.490311657184027,4.655916264119049,4.666256159729793,4.733367125073243,4.733367125073243,4.852055949487363,4.964285410597856,4.975166098814526,,,,,,4.265242983467896,4.316979631755751,4.383735434443526,4.383550933114135,4.434536143504157,4.490285104709585,4.491870892553585,4.530880775919622,4.520703035790024,4.520703035790024,4.520618912494854,4.512820187771053,4.512820187771053,4.365217310752859,4.386524550859982,4.430441604910707,4.445771369983963,4.445771369983963,4.449216226396145,4.451664507469657,4.493382352716539,4.493368588525041,4.532642852688918,4.698574619609357,4.699014136448025,4.8337918756579334,4.855273880142617,4.856690013589062,4.866084620130638,4.88911860322514,4.960004246546148,4.960004246546148,4.960004246546148,4.963185675396295,4.980250472457655,4.980565617630908,,,4.490311657184027,4.655916264119049,4.446487216822425,"rgba(239, 83, 80, 0.5)",0.12605114791975822,4.429432411310586,-0.868158784085395,64.14508570088822,19.68505460921901,True,False,True,False,False,0.0,0.0,0.0,0.0,0.0,0,0.8914246196403872,1.0809128630705396,False,False,False,False,-0.1277715746098416,-0.12326199115387314,False,False,False,False,121188.0,126152.43730511227,False,False,False,False,340.70998351098297,False,False,False,False
2025-07-22 14:00:00+00:00,4.32,4.32,4.32,4.32,0.0,,,,,,,,,,4.325319119034712,4.347696243875884,4.4325395334614734,4.461486198380696,4.531011446759825,4.528980135751004,4.528980135751004,4.514408146075867,4.424828735861333,4.433722411004491,4.443387182440814,4.490311657184027,4.655916264119049,4.666256159729793,4.733367125073243,4.733367125073243,4.852055949487363,4.964285410597856,4.975166098814526,,,,,,4.265242983467896,4.316979631755751,4.383735434443526,4.383550933114135,4.434536143504157,4.490285104709585,4.491870892553585,4.530880775919622,4.520703035790024,4.520703035790024,4.520618912494854,4.512820187771053,4.512820187771053,4.365217310752859,4.386524550859982,4.430441604910707,4.445771369983963,4.445771369983963,4.449216226396145,4.451664507469657,4.493382352716539,4.493368588525041,4.532642852688918,4.698574619609357,4.699014136448025,4.8337918756579334,4.855273880142617,4.856690013589062,4.866084620130638,4.88911860322514,4.960004246546148,4.960004246546148,4.960004246546148,4.963185675396295,4.980250472457655,4.980565617630908,,,4.490311657184027,4.655916264119049,4.446487216822425,"rgba(239, 83, 80, 0.5)",0.12363514325888697,4.429432411310586,-0.8851238282746074,59.87592087745185,15.893845857442017,True,False,True,False,False,0.0,0.0,0.0,0.0,0.0,0,0.895211658570437,1.0929909784871616,False,False,False,False,-0.17390614854510977,-0.14858406984949146,False,False,False,False,121188.0,126075.46928487797,False,False,False,False,335.4276581852313,False,False,False,False
2025-07-22 15:00:00+00:00,4.32,4.32,4.3,4.3,12.0,,,,,,,,,,4.325305647507272,4.347669459253617,4.432506550790464,4.461451359848984,4.530967661489252,4.528946337096115,4.528946337096115,4.514383152364625,4.424821297423202,4.4337145496575525,4.443378857456979,4.490301480503171,4.655903736783152,4.666243360976969,4.733353103863733,4.733353103863733,4.852043048270126,4.964272304835806,4.975152863320561,,,,,,4.26530023804039,4.316971744210749,4.3836930307198525,4.383508823976874,4.4345033192860885,4.490246314813512,4.491831952061397,4.530846459622051,4.520671616838742,4.520671616838742,4.520587514726086,4.512796610977156,4.512796610977156,4.365213043161362,4.386519153689471,4.430433891915194,4.445762932748364,4.445762932748364,4.449207636140853,4.451655804640247,4.493372085385882,4.493358326653693,4.5326336300181005,4.698561183724962,4.6990006947120895,4.8337786727447405,4.855261274905896,4.8566775162064655,4.866072390633732,4.889106404640155,4.959991190674443,4.959991190674443,4.959991190674443,4.963172582505432,4.980237178106033,4.980552319749529,,,4.490301480503171,4.655903736783152,4.446463589788979,"rgba(239, 83, 80, 1.0)",0.12115684867963021,4.429407330888369,-1.0680975305866112,56.050722172887546,12.516341909996534,True,False,True,False,False,0.0,0.0,0.0,0.0,0.0,0,0.8902097902097896,1.102097902097902,False,False,False,False,-0.18091379114135425,-0.16474893049542286,False,False,False,False,121176.0,125999.50852077133,False,False,False,False,330.41327588778586,False,False,False,False
2025-07-22 16:00:00+00:00,4.3,4.3,4.3,4.3,0.0,,,,,,,,,,4.325305647507272,4.347669459253617,4.432506550790464,4.461451359848984,4.530967661489252,4.528946337096115,4.528946337096115,4.514383152364625,4.424821297423202,4.4337145496575525,4.443378857456979,4.490301480503171,4.655903736783152,4.666243360976969,4.733353103863733,4.733353103863733,4.852043048270126,4.964272304835806,4.975152863320561,,,,,,4.26530023804039,4.316971744210749,4.3836930307198525,4.383508823976874,4.4345033192860885,4.490246314813512,4.491831952061397,4.530846459622051,4.520671616838742,4.520671616838742,4.520587514726086,4.512796610977156,4.512796610977156,4.365213043161362,4.386519153689471,4.430433891915194,4.445762932748364,4.445762932748364,4.449207636140853,4.451655804640247,4.493372085385882,4.493358326653693,4.5326336300181005,4.698561183724962,4.6990006947120895,4.8337786727447405,4.855261274905896,4.8566775162064655,4.866072390633732,4.889106404640155,4.959991190674443,4.959991190674443,4.959991190674443,4.963172582505432,4.980237178106033,4.980552319749529,,,4.490301480503171,4.655903736783152,4.446463589788979,"rgba(239, 83, 80, 1.0)",0.11852406909548692,4.429407330888369,-1.0918232210211574,53.50058970317801,10.249122542329637,True,False,True,False,False,0.0,0.0,0.0,0.0,0.0,0,0.8860139860139855,1.0986013986013985,False,False,False,False,-0.18712201376717655,-0.1759354721312997,False,False,False,False,121176.0,125924.7254429299,False,False,False,False,325.2905894399132,False,False,False,False
2025-07-22 17:00:00+00:00,4.3,4.38,4.3,4.38,587.0,,,,,,,,,,4.326262062550866,4.34784472911944,4.431504574233378,4.460274202124373,4.529287816299352,4.527649966045425,4.527649966045425,4.513440880578371,4.424601836017107,4.433471999465387,4.443111447825079,4.489931202554481,4.6553737747474795,4.665699507996891,4.732743247023906,4.732743247023906,4.851466644876658,4.963677301216765,4.974551218866278,,,,,,4.270875319164239,4.3182830578935505,4.382897337441025,4.382721473974307,4.433496711313928,4.4888459572639166,4.490421985200603,4.529527336101549,4.5194785935507396,4.5194785935507396,4.519395424043,4.511909478047147,4.511909478047147,4.365170837746509,4.386409802292556,4.430199586176434,4.445489506847892,4.445489506847892,4.448925849151393,4.451367975104605,4.492996407875258,4.492982857647521,4.532276385372042,4.697983197951002,4.698422368976083,4.833190743528056,4.8546977671863205,4.85611868916125,4.865524667262355,4.888558074146661,4.95939875037502,4.95939875037502,4.95939875037502,4.962578239706909,4.979632513953021,4.97994747387795,,,4.489931202554481,4.6553737747474795,4.445981480192845,#000000,0.11576798013795529,4.429160248912786,-0.42464461118008673,55.663520796589694,10.249122542329637,True,False,True,False,False,0.14347960037371266,0.0,0.0,0.0,0.0,0,0.8903539208882716,1.0867453157529492,False,False,False,False,-0.1458775473902158,-0.16090650976075777,False,False,False,False,121763.0,125860.20256784571,False,False,False,False,329.34809968115485,False,False,False,False
2025-07-22 18:00:00+00:00,4.38,4.38,4.36,4.375,112.0,,,,,,,,,,4.326555773747641,4.347984557063745,4.431360433021474,4.460090511975718,4.52900392383893,4.527430574741515,4.527430574741515,4.513282789061464,4.424570847902938,4.433436436091877,4.443070988434615,4.489870232193466,4.655278993299458,4.665602032872859,4.7326327201236715,4.7326327201236715,4.851360860121919,4.963567311897882,4.974439940825806,,,,,,4.272078669651423,4.318647873573737,4.382841456010188,4.38266671089684,4.433350756649667,4.488617724292648,4.490191759560574,4.529303827872171,4.51927779866662,4.51927779866662,4.519194798108404,4.511760772284601,4.511760772284601,4.365175238049158,4.3864005389313405,4.4301656663389775,4.445447862679625,4.445447862679625,4.448882547419238,4.4513234827452735,4.492934336421167,4.492920821462492,4.5322153514337575,4.697878992217993,4.698318094353448,4.833083009238608,4.854594319568873,4.8560160882851315,4.865424030100854,4.888457159093489,4.9592892591859545,4.9592892591859545,4.9592892591859545,4.962468378769749,4.979520649403708,4.97983557398815,,,4.489870232193466,4.655278993299458,4.445936885917301,#000000,0.11286669965888373,4.4291804402724395,-0.480039200545322,56.79460249073796,10.249122542329637,True,False,True,False,True,0.0,0.0,0.0,0.0,0.0,0,0.91414496833216,1.084447572132301,False,False,False,False,-0.11927532641654695,-0.14009091808865237,False,False,False,False,121651.0,125794.94361330547,False,False,False,False,325.97836170160207,False,False,False,False
2025-07-22 19:00:00+00:00,4.375,4.4,4.375,4.39,209.0,,,,,,,,,,4.327292605908424,4.3484217210990135,4.431167887118878,4.459813988506808,4.528532714674189,4.527066450398094,4.527066450398094,4.513023328597404,4.424531305473761,4.433388058348262,4.443013204837456,4.489772643661249,4.655112677469862,4.6654306140599875,4.732436164633505,4.732436164633505,4.851170437171266,4.963367949496059,4.974238136423921,,,,,,4.274612269725408,4.319525344419005,4.38289197992781,4.382718613959738,4.433153324240201,4.488254551335368,4.489824597713046,4.5289323524096545,4.518946698767585,4.518946698767585,4.518864000129014,4.5115170312278545,4.5115170312278545,4.365204474889156,4.386402802448316,4.430120478191436,4.445387803225464,4.445387803225464,4.448819286142774,4.4512579333466125,4.492834572306928,4.492821115738358,4.53211339221636,4.697694640667392,4.6981336074622195,4.832889360641266,4.854408055446185,4.855831328132733,4.865242678922623,4.88827501954539,4.959090841824524,4.959090841824524,4.959090841824524,4.962269259872629,4.979317732804962,4.979632590298738,,,4.489772643661249,4.655112677469862,4.445933948062148,#000000,0.10992728964641023,4.429333251565639,-0.35781152880379374,58.2290413372392,10.249122542329637,True,False,True,False,True,0.5812807207326713,0.0,0.0,0.0,0.0,0,0.9230225988700562,1.0649717514124293,False,False,False,False,-0.10383696798039377,-0.12196394303452307,False,False,False,False,121860.0,125733.93673557979,False,False,False,False,324.1647436907245,False,False,False,False
2025-07-23 14:00:00+00:00,4.39,4.39,4.39,4.39,0.0,,,,,,,,,,4.327292605908424,4.3484217210990135,4.431167887118878,4.459813988506808,4.528532714674189,4.527066450398094,4.527066450398094,4.513023328597404,4.424531305473761,4.433388058348262,4.443013204837456,4.489772643661249,4.655112677469862,4.6654306140599875,4.732436164633505,4.732436164633505,4.851170437171266,4.963367949496059,4.974238136423921,,,,,,4.274612269725408,4.319525344419005,4.38289197992781,4.382718613959738,4.433153324240201,4.488254551335368,4.489824597713046,4.5289323524096545,4.518946698767585,4.518946698767585,4.518864000129014,4.5115170312278545,4.5115170312278545,4.365204474889156,4.386402802448316,4.430120478191436,4.445387803225464,4.445387803225464,4.448819286142774,4.4512579333466125,4.492834572306928,4.492821115738358,4.53211339221636,4.697694640667392,4.6981336074622195,4.832889360641266,4.854408055446185,4.855831328132733,4.865242678922623,4.88827501954539,4.959090841824524,4.959090841824524,4.959090841824524,4.962269259872629,4.979317732804962,4.979632590298738,,,4.489772643661249,4.655112677469862,4.445933948062148,#000000,0.10685837221157947,4.429333251565639,-0.36808769169494454,59.185333901573365,10.249122542329637,True,False,True,False,True,0.5812807207326713,0.0,0.0,0.0,0.0,0,0.9327610872675247,1.0643776824034334,False,False,False,False,-0.1016356780387798,-0.11179981053665144,False,False,False,False,121860.0,125673.87570091963,False,False,False,False,319.13893371102336,False,False,False,False
2025-07-23 15:00:00+00:00,4.39,4.52,4.39,4.52,11.0,,,,,,,,,,4.327386316109653,4.348494810286167,4.431178600734955,4.459817405891681,4.52852357220691,4.527059507409729,4.527059507409729,4.513019355586464,4.424534299521954,4.433390501409533,4.443015074530882,4.489771980729646,4.655106826205449,4.665424472072094,4.732428479860725,4.732428479860725,4.851162331188551,4.963359071811824,4.974229119715684,,,,,,4.274843766274346,4.319629417785537,4.382937363427045,4.38276388219662,4.433163365921204,4.488252343086813,4.489822101899114,4.528925104634162,4.518941072818256,4.518941072818256,4.518858386745678,4.511513409418716,4.511513409418716,4.365211880701713,4.386408365737682,4.430123124364743,4.44538953426946,4.44538953426946,4.448820817358242,4.451259324905861,4.4928337607539675,4.492820305230705,4.532111324332812,4.697687712759481,4.6981266705392715,4.8328811975106465,4.854400113407944,4.855823444576341,4.865234905126776,4.888267130054771,4.959082018249068,4.959082018249068,4.959082018249068,4.962260396114636,4.979308652558678,4.9796235061996,,,4.489771980729646,4.655106826205449,4.445956857696234,"rgba(38, 166, 154, 0.5)",0.10578462736798826,4.4293748119176,0.8566952527718967,64.4070267949617,7.988286275333138,True,False,True,False,True,5.99974490910143,0.0,0.0,0.0,0.0,0,0.9297458893871449,1.0986547085201794,False,False,False,False,0.017230564888161336,-0.04728462282424505,False,False,False,False,121871.0,125614.91638772708,False,False,False,False,314.36158590155014,False,False,False,False
2025-07-23 16:00:00+00:00,4.52,4.52,4.45,4.5,33.0,,,,,,,,,,4.327691789529609,4.348736336678044,4.431220123499047,4.459835756001403,4.528503211236927,4.52704419797287,4.52704419797287,4.51301181147978,4.424545576342203,4.433400086541441,4.4430229042841,4.4897720153256735,4.655090586189757,4.66540734989647,4.732406630032419,4.732406630032419,4.851138881073292,4.963333170283071,4.974202796369544,,,,,,4.275580755657047,4.319967251532266,4.383092581202588,4.382918671448983,4.433202687687376,4.48825334164416,4.48982220307339,4.528908917927848,4.51892952438533,4.51892952438533,4.518846874508904,4.511506704193781,4.511506704193781,4.365236749401133,4.3864275163812465,4.4301333347112966,4.445396939576253,4.445396939576253,4.448827609070859,4.451265688988008,4.492833334093757,4.492819880790054,4.53210661323913,4.697668185284686,4.6981071151643095,4.832857626932691,4.854377130246543,4.855800627498422,4.8652123857916045,4.888244230052172,4.9590562810221535,4.9590562810221535,4.9590562810221535,4.962234536866504,4.97928213633739,4.979596978274269,,,4.4897720153256735,4.655090586189757,4.446035853721889,"rgba(38, 166, 154, 0.5)",0.10422588947105599,4.429514365920323,0.676277597028822,66.44959048541438,10.02760758758091,True,False,True,False,True,5.084363033886696,0.0,0.0,0.0,0.0,0,0.9405487804878045,1.0625,False,False,False,False,0.11570214649336441,0.034208761834559676,False,False,False,False,121838.0,125556.3595445065,False,False,False,False,309.9993907712935,False,False,False,False
2025-07-23 17:00:00+00:00,4.5,4.59,4.495,4.59,196.0,,,,,,,,,,4.330236728030174,4.350839819081753,4.431750844978416,4.460190148386112,4.528596559853964,4.527120780729033,4.527120780729033,4.513099858920862,4.424682313719766,4.433525600610994,4.443136921547957,4.489833743691511,4.655034093346351,4.665345313965669,4.732313496461365,4.732313496461365,4.851026006397358,4.963201590080044,4.974068566503913,,,,,,4.281218548660562,4.322741913132991,4.384588669163979,4.384409749327781,4.433714757977523,4.488490359838028,4.490052844620786,4.52898141281075,4.519022691082804,4.519022691082804,4.518940210727739,4.511593228061907,4.511593228061907,4.365465037256866,4.386616061286047,4.43026304423762,4.445508177883202,4.445508177883202,4.448934774648827,4.45137005172071,4.492891855424327,4.492878387470596,4.532124028118909,4.69759041839776,4.698029156576441,4.832745587166601,4.8542662723325485,4.8556904712871525,4.865103038775814,4.888131600704622,4.958925736754164,4.958925736754164,4.958925736754164,4.962103223049017,4.979146692144753,4.979461460142183,,,4.489833743691511,4.655034093346351,4.446814091270368,"rgba(0, 255, 255, 0.75)",0.10487766361013706,4.430790079796109,1.5180536514974574,70.03044030974445,13.505176623340176,True,False,True,False,True,8.533480864635784,0.0,0.0,0.0,0.0,0,0.9544072948328266,1.0258358662613982,False,False,False,False,0.18901148226516554,0.1116101220498626,False,False,False,False,122034.0,125501.74931901027,False,False,False,False,308.2319583562347,False,False,False,False
2025-07-23 18:00:00+00:00,4.59,4.59,4.53,4.53,195.0,,,,,,,,,,4.332623064929279,4.352808702999576,4.432240006505586,4.460510487165419,4.528662989962013,4.527176358472235,4.527176358472235,4.5131710425652605,4.4248096113741795,4.433641903240345,4.443241943775266,4.489887589054469,4.654973116278783,4.665278865119988,4.732216503470802,4.732216503470802,4.850910599107937,4.963068073293049,4.9739324322841245,,,,,,4.2864467165419775,4.325343646646704,4.385981802214255,4.385798391605383,4.434186282664451,4.488696636685185,4.490252955811195,4.529032807510327,4.519095389392355,4.519095389392355,4.519013082432965,4.511663702518742,4.511663702518742,4.365681835069477,4.3867941508569155,4.43038345177072,4.445610473240392,4.445610473240392,4.449033079768884,4.451465606756926,4.492942573599072,4.492929094512328,4.5321358296374,4.697508509596767,4.697947060362667,4.83263082744639,4.854152958919095,4.855577888956884,4.864991373821853,4.888016792817393,4.9587932428667765,4.9587932428667765,4.9587932428667765,4.9619699693176464,4.979009358667602,4.979324053670767,,,4.489887589054469,4.654973116278783,4.447532342643101,"rgba(38, 166, 154, 0.5)",0.10698627511536149,4.431972493120655,0.9162624530449668,68.68925445452575,13.505176623340176,True,False,True,False,True,5.821157628396644,0.0,0.0,0.0,0.0,0,0.9560606060606056,1.024242424242424,False,False,False,False,0.21169132026295132,0.16165072115640697,False,False,False,False,121839.0,125444.96250786282,False,False,False,False,306.47642411815355,False,False,False,False
2025-07-23 19:00:00+00:00,4.54,4.54,4.54,4.54,112.0,,,,,,,,,,4.333908411732152,4.353865587874509,4.4324954321954415,4.460673000864033,4.528683163859761,4.527194225362627,4.527194225362627,4.5132007358657145,4.424876778131223,4.433702865916072,4.443296529491768,4.48991333452598,4.654934792248869,4.665237426524071,4.7321577865964715,4.7321577865964715,4.850842152403491,4.962989570165575,4.97385243841954,,,,,,4.2892481338989175,4.3267458928745,4.386723260978579,4.386537556173763,4.434432146660584,4.488795264823176,4.490348152451251,4.529048188496539,4.519123529199669,4.519123529199669,4.519041325226893,4.511693535247191,4.511693535247191,4.3657993814710245,4.386890006144911,4.4304467270709464,4.445663517294788,4.445663517294788,4.44908387216852,4.451514844553026,4.492966565003646,4.492953081869752,4.532138810485914,4.6974583191077635,4.6978967644717295,4.832562625636242,4.854085775950685,4.855511148918282,4.8649252388523,4.887948937343144,4.9587153220202,4.9587153220202,4.9587153220202,4.9618916159487725,4.978928681987386,4.979243335449544,,,4.48991333452598,4.654934792248869,4.447911269056516,"rgba(38, 166, 154, 0.5)",0.10970858203882568,4.432600550013085,0.9789521292774236,68.09484107084651,13.505176623340176,True,False,True,False,True,6.201071554730952,0.0,0.0,0.0,0.0,0,0.9529946929492036,1.0295678544351778,False,False,False,False,0.20131698945527357,0.18148385530584027,False,False,False,False,121951.0,125390.7925465006,False,False,False,False,303.46128575973256,False,False,False,False
2025-07-24 14:00:00+00:00,4.54,4.54,4.54,4.54,0.0,,,,,,,,,,4.333908411732152,4.353865587874509,4.4324954321954415,4.460673000864033,4.528683163859761,4.527194225362627,4.527194225362627,4.5132007358657145,4.424876778131223,4.433702865916072,4.443296529491768,4.48991333452598,4.654934792248869,4.665237426524071,4.7321577865964715,4.7321577865964715,4.850842152403491,4.962989570165575,4.97385243841954,,,,,,4.2892481338989175,4.3267458928745,4.386723260978579,4.386537556173763,4.434432146660584,4.488795264823176,4.490348152451251,4.529048188496539,4.519123529199669,4.519123529199669,4.519041325226893,4.511693535247191,4.511693535247191,4.3657993814710245,4.386890006144911,4.4304467270709464,4.445663517294788,4.445663517294788,4.44908387216852,4.451514844553026,4.492966565003646,4.492953081869752,4.532138810485914,4.6974583191077635,4.6978967644717295,4.832562625636242,4.854085775950685,4.855511148918282,4.8649252388523,4.887948937343144,4.9587153220202,4.9587153220202,4.9587153220202,4.9618916159487725,4.978928681987386,4.979243335449544,,,4.48991333452598,4.654934792248869,4.447911269056516,"rgba(38, 166, 154, 0.5)",0.11229618173575283,4.432600550013085,0.9563944946911894,67.69856548172702,13.505176623340176,True,False,True,False,True,6.201071554730952,0.0,0.0,0.0,0.0,0,0.9565548780487801,1.0289634146341462,False,False,False,False,0.24494066076330218,0.21321225803457122,False,False,False,False,121951.0,125337.46242950059,False,False,False,False,298.75645962392275,False,False,False,False
2025-07-24 15:00:00+00:00,4.54,4.57,4.49,4.49,267.0,,,,,,,,,,4.336569504280961,4.356027739090064,4.432968383910661,4.460944582705108,4.528632403583992,4.527159374108838,4.527159374108838,4.513209856466562,4.425004193831257,4.433816075270744,4.443395071354199,4.489946060689363,4.654825006691042,4.665120365725293,4.732000974802305,4.732000974802305,4.850666862470441,4.962792224746742,4.973651607907401,,,,,,4.295084422657951,4.329658185925414,4.388197631593857,4.388007786052809,4.4348851499583954,4.488922416248052,4.49046767015336,4.52900693066424,4.5191156703007085,4.5191156703007085,4.519033731370695,4.511705985678878,4.511705985678878,4.366041516390159,4.387083284526183,4.430565211647704,4.445758512639097,4.445758512639097,4.4491737115848675,4.451601108829977,4.492995335239857,4.492981855391503,4.53212484234942,4.697321085894113,4.697759292246579,4.832387208545381,4.853913842810654,4.855340401304764,4.8647563722588085,4.887776440829759,4.958519336169501,4.958519336169501,4.958519336169501,4.96169462028813,4.978726256372411,4.979040812902015,,,4.489946060689363,4.654825006691042,4.4486509064493704,#000000,0.1137089694339305,4.433854396701063,0.49376582672802943,64.23667658796893,13.505176623340176,True,False,True,False,False,3.9439819290432823,0.0,0.0,0.0,0.0,0,0.9601837672281774,1.024502297090352,False,False,False,False,0.23032314104391935,0.2217676995392453,False,False,False,False,121684.0,125280.81960113625,False,False,False,False,298.26411141269915,False,False,False,False
2025-07-24 16:00:00+00:00,4.49,4.49,4.43,4.43,22.0,,,,,,,,,,4.336705430579006,4.356130461426345,4.4329762656009,4.460940210516124,4.528605044098964,4.52713833281686,4.52713833281686,4.513196153782991,4.425007052455019,4.433817894720708,4.443395802212065,4.48994203482797,4.6548116071747065,4.665106400662541,4.73198406707109,4.73198406707109,4.850649546036454,4.962773543110809,4.9736326550309515,,,,,,4.295411311464927,4.32981004550495,4.3882553564858044,4.388065443476789,4.434892007451557,4.488907790758582,4.490452533564562,4.528985244149442,4.519097458439134,4.519097458439134,4.5190155461094825,4.51169325933634,4.51169325933634,4.3660526178713255,4.387091004411628,4.4305674120200065,4.445758980165811,4.445758980165811,4.449173802080224,4.451600934171643,4.492991035100404,4.4929775585536085,4.532118733750092,4.697305618175554,4.6977438076867255,4.832369713191205,4.853896884919503,4.855323571948462,4.864739802008729,4.887759682787153,4.958500759935623,4.958500759935623,4.958500759935623,4.961675965788515,4.978707179644457,4.97902172867442,,,4.48994203482797,4.6548116071747065,4.448677001316523,#000000,0.1139860114698625,4.433906902621212,-0.03427528142122206,58.830524668769606,14.809306725645513,True,False,True,False,False,1.3454655284746515,0.0,0.0,0.0,0.0,0,0.9499241274658571,1.021244309559939,False,False,False,False,0.1303137273227308,0.17604071343098804,False,False,False,False,121662.0,125224.71387088607,False,False,False,False,293.9809468946728,False,False,False,False
2025-07-24 17:00:00+00:00,4.43,4.485,4.43,4.485,30.0,,,,,,,,,,4.336917450649843,4.356294982470065,4.432997512437813,4.460943328312253,4.528575670392093,4.527115854036308,4.527115854036308,4.5131824032573205,4.425013548304385,4.433822929812643,4.443399313046586,4.489938836519761,4.654794824602603,4.665088835582611,4.731962376872564,4.731962376872564,4.8506269173222805,4.962748898286939,4.973607634953252,,,,,,4.295902671512369,4.33004514047946,4.388355099502486,4.388165005911162,4.434911653373456,4.488896400241276,4.490440407610699,4.528961926855331,4.519078625990759,4.519078625990759,4.518996748259422,4.511680599681978,4.511680599681978,4.366070756115345,4.38710431664706,4.430572984469205,4.445762122320302,4.445762122320302,4.449176414177113,4.451603174917952,4.492987445397483,4.492973972318521,4.532112095631856,4.69728595021588,4.697724115793979,4.83234689824548,4.853874716942731,4.855301568640035,4.8647181162920505,4.887737702930933,4.958476261081616,4.958476261081616,4.958476261081616,4.961651358537759,4.978681988114784,4.978996526753022,,,4.489938836519761,4.654794824602603,4.448723926648765,#000000,0.11510081753921221,4.433994857046226,0.4431344976016164,57.709069571621924,13.710649526029144,True,False,True,False,False,3.545460174509884,0.0,0.0,0.0,0.0,0,0.950338600451467,1.021820917983446,False,False,False,False,0.1268008030312073,0.15142075823109769,False,False,False,False,121692.0,125169.94311319792,False,False,False,False,289.8882190358407,False,False,False,False
2025-07-24 18:00:00+00:00,4.485,4.51,4.485,4.505,125.0,,,,,,,,,,4.338018526520469,4.357180694574559,4.433173113883359,4.46103173022369,4.528519316126047,4.527073920574047,4.527073920574047,4.513166191132102,4.425062234988376,4.433865168195097,4.443434870887657,4.489944593730595,4.65473731375223,4.665027970556677,4.7318833897683215,4.7318833897683215,4.8505408426455086,4.962653135948978,4.973510264321917,,,,,,4.29831380146804,4.331252961131008,4.388943720387474,4.3887521525473545,4.435078903369927,4.48892004383649,4.49046067060074,4.528916845155081,4.519050115365765,4.519050115365765,4.518968367794113,4.511666931895482,4.511666931895482,4.366171281256819,4.387182954963392,4.430617610256942,4.445796064609693,4.445796064609693,4.449208016010799,4.451633148525253,4.492991427559016,4.492977960319194,4.532098531389599,4.697215876155069,4.697653933962576,4.832260529149806,4.8537903268372915,4.855217776159431,4.864635349059009,4.887653392917927,4.958381125577349,4.958381125577349,4.958381125577349,4.961555757486401,4.978583881782104,4.978898375749631,,,4.489944593730595,4.65473731375223,4.449012522235463,"rgba(38, 166, 154, 0.5)",0.11632445305427065,4.434495110840906,0.6061054860597526,57.78336476061079,13.566901690160641,False,False,True,False,False,4.328720840624101,0.0,0.0,0.0,0.0,0,0.9687975646879751,1.0228310502283102,False,False,False,False,0.1834439104374914,0.16743233433429455,False,False,False,False,121817.0,125117.95949903982,False,False,False,False,287.331812539161,False,False,False,False
2025-07-24 19:00:00+00:00,4.505,4.6,4.49,4.59,717.0,,,,,,,,,,4.346294784462585,4.364106184716003,4.4350514679556055,4.462300168624019,4.528871442463197,4.527363422320873,4.527363422320873,4.513494257028507,4.425562909680537,4.434325273070449,4.443853403508424,4.490173781582136,4.654535849023017,4.664806331257372,4.731548320763292,4.731548320763292,4.850132301903419,4.96217574479813,4.973023192648537,,,,,,4.314921077476839,4.340212407589496,4.3939649007887756,4.39375846040936,4.436893388435336,4.489777740379224,4.491295995353697,4.5291919173218504,4.5193981437580035,4.5193981437580035,4.519316995903794,4.511989173322919,4.511989173322919,4.3670022042322865,4.387870689511633,4.431092883576609,4.446204546210386,4.446204546210386,4.449601763916704,4.452016756521912,4.493208982933426,4.4931954609299956,4.532165970543713,4.69693688482053,4.697374242308304,4.831855287877684,4.853389002988612,4.854818960249262,4.864239321337745,4.8872452393444865,4.957907519725342,4.957907519725342,4.957907519725342,4.961079339680821,4.97809237293086,4.9784065966753035,,,4.490173781582136,4.654535849023017,4.451539254188519,"rgba(38, 166, 154, 1.0)",0.11738805286293745,4.438589175363864,1.2898316391100144,60.7681142197616,13.566901690160641,True,False,True,False,True,7.5358214339750695,0.0,0.0,0.0,0.0,0,0.9698340874811461,1.0015082956259427,False,False,False,False,0.25228771659813237,0.20986002546621346,False,False,False,False,122534.0,125077.89811145779,False,False,False,False,293.9933348253755,False,False,False,False
2025-07-25 14:00:00+00:00,4.59,4.59,4.59,4.59,0.0,,,,,,,,,,4.346294784462585,4.364106184716003,4.4350514679556055,4.462300168624019,4.528871442463197,4.527363422320873,4.527363422320873,4.513494257028507,4.425562909680537,4.434325273070449,4.443853403508424,4.490173781582136,4.654535849023017,4.664806331257372,4.731548320763292,4.731548320763292,4.850132301903419,4.96217574479813,4.973023192648537,,,,,,4.314921077476839,4.340212407589496,4.3939649007887756,4.39375846040936,4.436893388435336,4.489777740379224,4.491295995353697,4.5291919173218504,4.5193981437580035,4.5193981437580035,4.519316995903794,4.511989173322919,4.511989173322919,4.3670022042322865,4.387870689511633,4.431092883576609,4.446204546210386,4.446204546210386,4.449601763916704,4.452016756521912,4.493208982933426,4.4931954609299956,4.532165970543713,4.69693688482053,4.697374242308304,4.831855287877684,4.853389002988612,4.854818960249262,4.864239321337745,4.8872452393444865,4.957907519725342,4.957907519725342,4.957907519725342,4.961079339680821,4.97809237293086,4.9784065966753035,,,4.490173781582136,4.654535849023017,4.451539254188519,"rgba(38, 166, 154, 1.0)",0.12023411846576705,4.438589175363864,1.2592999937804277,62.7579471925288,13.566901690160641,True,False,True,False,True,7.5358214339750695,0.0,0.0,0.0,0.0,0,0.9848254931714714,1.0015174506828528,False,False,False,False,0.31973455184989946,0.26479728865805646,False,False,False,False,122534.0,125038.45783065999,False,False,False,False,289.4352986265325,False,False,False,False
2025-07-25 15:00:00+00:00,4.59,4.59,4.495,4.5,208.0,,,,,,,,,,4.348242622219935,4.365717014052625,4.435450534759361,4.462544775100476,4.528869702011643,4.527365889955765,4.527365889955765,4.513524350411935,4.425673410942477,4.434424646836311,4.443941307026718,4.490209962985252,4.6544580413707415,4.664722835017775,4.731433464487755,4.731433464487755,4.8500010879899635,4.962026578704641,4.972871292006684,,,,,,4.318779042818239,4.342325897518992,4.395099456036371,4.394890164685586,4.437277070599076,4.489912233626263,4.491424612251033,4.529189718778601,4.519420119346043,4.519420119346043,4.519339165041276,4.512020723705581,4.512020723705581,4.367202589244128,4.388032660860376,4.4311963970418935,4.446289675816111,4.446289675816111,4.449682851710276,4.452095046920109,4.493242033817543,4.493228509587054,4.532163285059952,4.696837495170256,4.69727466257326,4.831724286521565,4.8532602411015295,4.854691060983599,4.86411268933902,4.887115585898202,4.957759421140222,4.957759421140222,4.957759421140222,4.960930448173994,4.9779392201065145,4.978253367706035,,,4.490209962985252,4.6544580413707415,4.452092195360603,"rgba(38, 166, 154, 0.5)",0.12097624664474066,4.4395068508346345,0.5000415440479812,59.21138597355218,13.566901690160641,False,False,True,False,False,3.603207353706633,0.0,0.0,0.0,0.0,0,0.9757942511346445,1.0015128593040847,False,False,False,False,0.24861090116554274,0.2567040949117996,False,False,False,False,122326.0,124996.40422088231,False,False,False,False,288.1727358571289,False,False,False,False
2025-07-25 16:00:00+00:00,4.5,4.53,4.5,4.53,14.0,,,,,,,,,,4.34836623314313,4.365818803016021,4.435474873545259,4.462559096709104,4.5288677715073415,4.527364628812062,4.527364628812062,4.513525234209733,4.425680236945759,4.4344307350397845,4.443946633452222,4.490211864020496,4.65445246196739,4.664716875596828,4.731425421435317,4.731425421435317,4.849992031427345,4.962016349517007,4.972860880061093,,,,,,4.319023582175925,4.342460150402991,4.395170399221031,4.3949609396045455,4.43730042687641,4.489919296245378,4.49143128974646,4.529188135182932,4.5194202153232625,4.5194202153232625,4.519339274387675,4.51202176031179,4.51202176031179,4.3672153622011525,4.388042902625567,4.431202759340669,4.446294818003944,4.446294818003944,4.449687725899888,4.4520997353323155,4.493243728409251,4.49323020426865,4.532162711445714,4.696830479062213,4.697267633900958,4.831715231105584,4.853251355921879,4.854682236255217,4.864103958015412,4.887106659974625,4.957749263265372,4.957749263265372,4.957749263265372,4.9609202373312025,4.9779287244962305,4.97824286701017,,,4.490211864020496,4.65445246196739,4.452126399039253,"rgba(38, 166, 154, 0.5)",0.12253706922123697,4.439564137174205,0.7380286096325338,58.05858949366291,13.566901690160641,False,False,True,False,False,4.7418520273367655,0.0,0.0,0.0,0.0,0,0.9763358778625952,1.0129770992366411,False,False,False,False,0.20857483684736508,0.23263946587958234,False,False,False,False,122340.0,124955.21965931825,False,False,False,False,283.92199576632066,False,False,False,False
2025-07-25 17:00:00+00:00,4.53,4.6,4.53,4.55,107.0,,,,,,,,,,4.349523943421948,4.366793032306464,4.435748240700851,4.462744378494932,4.52891947333023,4.5274072784861685,4.5274072784861685,4.513573661453364,4.425754485480632,4.434498975739418,4.444008715795091,4.490245884834599,4.654422516417614,4.6646839295917975,4.7313755959091,4.7313755959091,4.849931218102995,4.961945258387751,4.972788346288108,,,,,,4.321241220148504,4.343709238887396,4.3958828519491,4.39567142761349,4.437564631463149,4.490044798518248,4.491553533939821,4.529228662159397,4.519471483278824,4.519471483278824,4.519390630656154,4.512069350711956,4.512069350711956,4.367338453184394,4.388144838411822,4.431273246179345,4.446355411236011,4.446355411236011,4.4497461363737605,4.452156643352049,4.493276024475898,4.493262492279421,4.53217274131343,4.696789000009433,4.697226050602559,4.831654918084929,4.8531916125138315,4.8546228645635265,4.864044995907817,4.887045886401064,4.9576787362560015,4.9576787362560015,4.9576787362560015,4.96084929125811,4.977855529439497,4.978169631679464,,,4.490245884834599,4.654422516417614,4.452479878930125,"rgba(38, 166, 154, 0.5)",0.12429078082543009,4.44013357394209,0.8839467040779202,58.084531332339864,13.47581259769892,False,False,True,False,False,5.49590623363671,0.0,0.0,0.0,0.0,0,0.9674242424242422,1.0053030303030304,False,False,False,False,0.2819532745100883,0.2572963701948353,False,False,False,False,122447.0,124916.33253281718,False,False,False,False,281.17901908777304,False,False,False,False
2025-07-25 18:00:00+00:00,4.55,4.565,4.51,4.52,1137.0,,,,,,,,,,4.359530044611939,4.375137998575497,4.437934760816395,4.464109402126266,4.528967112521036,4.52746561783496,4.52746561783496,4.513771803935546,4.42637296744836,4.43505687776583,4.444504184956696,4.490459343697596,4.654010345608274,4.66424070763609,4.730760685890066,4.730760685890066,4.849223580439326,4.961138241154972,4.971966365607472,,,,,,4.339985636686513,4.354517836671385,4.4018455507492655,4.401620434492663,4.439669611179973,4.49082205542599,4.492299321396454,4.529262267589644,4.519633034292596,4.519633034292596,4.51955320916761,4.512273757212708,4.512273757212708,4.368445857041253,4.3890432474294,4.43185369661282,4.446835779774112,4.446835779774112,4.4502044888639585,4.452599764395256,4.493472375288832,4.493458823987858,4.5321708111238905,4.696258809719462,4.696694817039032,4.830948999098333,4.852497064679645,4.853932915582366,4.863361609300993,4.886345661511734,4.956877561687253,4.956877561687253,4.956877561687253,4.960043776824039,4.97702669563868,4.977340381046967,,,4.490459343697596,4.654010345608274,4.455339505326341,"rgba(38, 166, 154, 0.5)",0.12554414894104085,4.444833517973959,0.5987254894797291,56.487085997901744,11.654098593098887,False,False,True,False,False,4.19493274335208,0.0,0.0,0.0,0.0,0,0.9638281838733983,1.0113036925395629,False,False,False,False,0.2412768791514389,0.2492866246731371,False,False,False,False,121310.0,124860.42040052543,False,False,False,False,294.4475614274975,False,False,False,False
2025-07-25 19:00:00+00:00,4.52,4.61,4.52,4.61,549.0,,,,,,,,,,4.365227023125921,4.3800252031460465,4.439481428599761,4.465207161507761,4.529390868574426,4.527810767254655,4.527810767254655,4.514120166328135,4.426804921768971,4.435457599777083,4.444872975188314,4.490681597258332,4.653890551400085,4.664105391690721,4.730536881356106,4.730536881356106,4.84893485726341,4.960793387884935,4.9716140163870035,,,,,,4.34988332206615,4.360609550054949,4.405544608751559,4.405310211873452,4.441169112590346,4.491618973983345,4.493079622066643,4.529597724681667,4.520016709308206,4.520016709308206,4.51993728926028,4.5126131364208915,4.5126131364208915,4.369132002906618,4.389618677249262,4.4322661281325795,4.447196847347413,4.447196847347413,4.450554197768979,4.45294167729909,4.493685533857443,4.49367192031911,4.532258731838195,4.696078843536637,4.696514298085439,4.8306641893893945,4.852213136533329,4.853650634552388,4.863080577339157,4.886054485131897,4.9565356426955525,4.9565356426955525,4.9565356426955525,4.959699677908271,4.976670907915659,4.976984383695333,,,4.490681597258332,4.653890551400085,4.457156208905415,"rgba(38, 166, 154, 1.0)",0.12903836987848946,4.447683550774268,1.2578928994420806,58.83950153377076,11.654098593098887,False,False,True,False,False,7.532898555158031,0.0,0.0,0.0,0.0,0,0.9686333084391333,1.0029873039581776,False,False,False,False,0.2819532745100883,0.2656199495916127,False,False,False,False,121859.0,124813.88675090487,False,False,False,False,298.3941108627301,False,False,False,False
2025-07-28 14:00:00+00:00,4.62,4.62,4.62,4.62,0.0,,,,,,,,,,4.365227023125921,4.3800252031460465,4.439481428599761,4.465207161507761,4.529390868574426,4.527810767254655,4.527810767254655,4.514120166328135,4.426804921768971,4.435457599777083,4.444872975188314,4.490681597258332,4.653890551400085,4.664105391690721,4.730536881356106,4.730536881356106,4.84893485726341,4.960793387884935,4.9716140163870035,,,,,,4.34988332206615,4.360609550054949,4.405544608751559,4.405310211873452,4.441169112590346,4.491618973983345,4.493079622066643,4.529597724681667,4.520016709308206,4.520016709308206,4.51993728926028,4.5126131364208915,4.5126131364208915,4.369132002906618,4.389618677249262,4.4322661281325795,4.447196847347413,4.447196847347413,4.450554197768979,4.45294167729909,4.493685533857443,4.49367192031911,4.532258731838195,4.696078843536637,4.696514298085439,4.8306641893893945,4.852213136533329,4.853650634552388,4.863080577339157,4.886054485131897,4.9565356426955525,4.9565356426955525,4.9565356426955525,4.959699677908271,4.976670907915659,4.976984383695333,,,4.490681597258332,4.653890551400085,4.457156208905415,"rgba(38, 166, 154, 1.0)",0.1323720527919596,4.447683550774268,1.3017585327965782,60.73228521560374,11.654098593098887,False,False,True,False,True,7.891594017456704,0.0,0.0,0.0,0.0,0,0.9887387387387385,0.9984984984984985,False,False,False,False,0.34282810402809893,0.30422402680985583,False,False,False,False,121859.0,124768.07455321641,False,False,False,False,293.7678455780366,False,False,False,False
2025-07-28 15:00:00+00:00,4.62,4.62,4.56,4.56,1.0,,,,,,,,,,4.365237131516605,4.380033892413312,4.439484215118588,4.465209142094702,4.529391634022517,4.52781139180419,4.52781139180419,4.514120797524265,4.426805706354736,4.435458327668028,4.444873645105694,4.490682001085092,4.653890333549531,4.664105145610225,4.730536474303845,4.730536474303845,4.848934331921011,4.960792760306283,4.971613375163128,,,,,,4.349900605878523,4.360620345766491,4.405551206414038,4.405316793509656,4.441171814684342,4.491620412570265,4.493081030710642,4.529598331667413,4.520017403719999,4.520017403719999,4.519937984406407,4.512613751494629,4.512613751494629,4.369133248655995,4.389619722226799,4.432266877278748,4.447197503243187,4.447197503243187,4.450554833042149,4.452942298416797,4.493685921166192,4.4936723075152045,4.532258891690295,4.696078516237744,4.696513969780893,4.830663671200175,4.852212619899871,4.853650120910099,4.863080065949843,4.8860539552610085,4.95653502045835,4.95653502045835,4.95653502045835,4.959699051702816,4.976670260432397,4.976983735830461,,,4.490682001085092,4.653890333549531,4.457159439474068,"rgba(38, 166, 154, 0.5)",0.13437717523903467,4.447688605072963,0.8357922000313937,58.70965847180443,11.654098593098887,False,False,True,False,True,5.27848124440175,0.0,0.0,0.0,0.0,0,0.9781790820165536,1.0045146726862302,False,False,False,False,0.29834445072588206,0.3012842387678689,False,False,False,False,121858.0,124722.95711828282,False,False,False,False,289.22880921248566,False,False,False,False
2025-07-28 16:00:00+00:00,4.56,4.58,4.56,4.58,98.0,,,,,,,,,,4.366192550948699,4.380853524864427,4.439743828260041,4.465391655327239,4.529456668932015,4.527864715936938,4.527864715936938,4.514176342398051,4.426879212438276,4.435526336982512,4.444936027353141,4.490718605856286,4.653867064766936,4.664079125692,4.730494827710487,4.730494827710487,4.848881582330932,4.960730191058736,4.971549475819943,,,,,,4.351533204095833,4.361641201436498,4.406170748555638,4.40593487237237,4.441423418873157,4.491750549831532,4.493208285466188,4.529649886730422,4.520077823261409,4.520077823261409,4.519998477859602,4.512668016329707,4.512668016329707,4.369251403256028,4.389718490276219,4.432336945411668,4.44725852445691,4.44725852445691,4.450613854797202,4.452999946252848,4.493720930232562,4.493707306867518,4.532272365166334,4.696044608250754,4.6964799645065325,4.830611548708321,4.852160759600961,4.853598567236485,4.86302877871098,4.886000905891182,4.956472971707729,4.956472971707729,4.956472971707729,4.959636616274881,4.976605751063952,4.976919189282095,,,4.490718605856286,4.653867064766936,4.457461295135601,"rgba(38, 166, 154, 0.5)",0.13654197783725244,4.448162565734217,0.965545075250949,58.17983936004699,11.654098593098887,False,True,True,False,False,6.018146452040192,0.0,0.0,0.0,0.0,0,0.9684921230307573,1.0090022505626404,False,False,False,False,0.2693230323920569,0.2853036355799629,False,False,False,False,121956.0,124680.05855830944,False,False,False,False,286.2640214727572,False,False,False,False
2025-07-28 17:00:00+00:00,4.58,4.58,4.55,4.55,70.0,,,,,,,,,,4.36682605650245,4.381394472723088,4.439910203705171,4.465505588338182,4.529488924090419,4.527891581373687,4.527891581373687,4.514207025632688,4.426926895707114,4.435570177866113,4.444975925696598,4.490740515688722,4.653847702063947,4.66405781970747,4.730462571060469,4.730462571060469,4.848842093820564,4.960683973326043,4.971502318175844,,,,,,4.352615586213716,4.36231885472588,4.406575410246774,4.406338637214525,4.441584443970231,4.491828100989116,4.493283850252402,4.529675420147029,4.5201101123076235,4.5201101123076235,4.520030822484821,4.512698211622178,4.512698211622178,4.369330207312804,4.389783855666148,4.432382222650072,4.447297469124839,4.447297469124839,4.45065140177445,4.453036530684018,4.493741732989579,4.493728104575167,4.53227886034394,4.6960177693228955,4.696453057890799,4.830572402505478,4.852121957528409,4.8535600034776145,4.862990470514582,4.885961409095896,4.9564271215375335,4.9564271215375335,4.9564271215375335,4.959590493054895,4.976558162519877,4.976871574491322,,,4.490740515688722,4.653847702063947,4.457656255567184,"rgba(38, 166, 154, 0.5)",0.13823755503342303,4.448471294973909,0.7344509601717372,56.2319337073272,10.861556408108989,False,True,True,False,False,4.723591792794572,0.0,0.0,0.0,0.0,0,0.9786422578184591,1.0183066361556063,False,False,False,False,0.2621381184054852,0.27372087699272407,False,False,False,False,121886.0,124636.73982097131,False,False,False,False,282.91109090728804,False,False,False,False
2025-07-28 18:00:00+00:00,4.55,4.61,4.545,4.61,13.0,,,,,,,,,,4.366960441167318,4.381510454839403,4.439948329348538,4.46553305240225,4.529500462557946,4.527900964049167,4.527900964049167,4.514216242324542,4.426937632075812,4.435580169519385,4.444985156786605,4.490746247080563,4.653845192386072,4.664054940963043,4.730457577370985,4.730457577370985,4.848835480683611,4.9606759980690285,4.971494164443211,,,,,,4.352842657774483,4.362462160009102,4.406664162566201,4.406427172597885,4.441621444272049,4.4918484617340475,4.493303816695216,4.529684583463516,4.520120358282985,4.520120358282985,4.520041077643292,4.512707171496264,4.512707171496264,4.369347008869822,4.3897980091536555,4.432392493819159,4.447306516264759,4.447306516264759,4.450660177989166,4.453045121166982,4.493747246358621,4.493733616267366,4.532281298799799,4.69601382414885,4.696449099446685,4.830565894900998,4.852115451383952,4.8535535338789835,4.862984022383834,4.885954712524718,4.956419216174116,4.956419216174116,4.956419216174116,4.95958253576487,4.976549926894862,4.976863333871726,,,4.490746247080563,4.653845192386072,4.457699866038843,"rgba(38, 166, 154, 1.0)",0.14127147847540816,4.448539093182992,1.142912274717323,57.45262541934183,10.861556408108989,False,True,True,False,False,6.942889256733711,0.0,0.0,0.0,0.0,0,0.9749810462471568,0.9992418498862774,False,False,False,False,0.2801517932224385,0.2769363351075813,False,False,False,False,121899.0,124594.29424235159,False,False,False,False,278.72642283120604,False,False,False,False
2025-07-28 19:00:00+00:00,4.61,4.65,4.61,4.62,114.0,,,,,,,,,,4.368334803329928,4.382709468445663,4.440367979023327,4.4658483823714565,4.5296672539099365,4.528035230190722,4.528035230190722,4.514338718615051,4.427054067736807,4.435689706611961,4.445087688900773,4.490816209504461,4.653836065493276,4.664042480937406,4.730425608658874,4.730425608658874,4.848786034461889,4.960613274448535,4.971429829270211,,,,,,4.355136429323731,4.363923057024136,4.4076021991996095,4.407362720622025,4.442029679658375,4.492097433488309,4.493549032258067,4.529817257076116,4.520260494183253,4.520260494183253,4.520181280613933,4.5128254319369345,4.5128254319369345,4.369520007076933,4.389945985540129,4.432504632958312,4.447407354437604,4.447407354437604,4.45075850611833,4.453141738138591,4.493815149912768,4.493801496365844,4.532317290731457,4.695991551909356,4.696426702553351,4.830517871629482,4.852066700430396,4.853505011943625,4.8629353804690965,4.88590356355314,4.956357124806133,4.956357124806133,4.956357124806133,4.959519974614482,4.976484851451229,4.97679821320506,,,4.490816209504461,4.653836065493276,4.458169308035747,"rgba(38, 166, 154, 1.0)",0.14440131141626053,4.449256374743923,1.182424339373764,58.652410198612756,10.861556408108989,False,True,True,False,True,7.306449118565652,0.0,0.0,0.0,0.0,0,0.984744469870328,1.0015255530129672,False,False,False,False,0.3428281070208804,0.30988222106423086,False,False,False,False,122013.0,124554.2741765787,False,False,False,False,276.17252480281525,False,False,False,False
2025-07-29 14:00:00+00:00,4.62,4.62,4.62,4.62,0.0,,,,,,,,,,4.368334803329928,4.382709468445663,4.440367979023327,4.4658483823714565,4.5296672539099365,4.528035230190722,4.528035230190722,4.514338718615051,4.427054067736807,4.435689706611961,4.445087688900773,4.490816209504461,4.653836065493276,4.664042480937406,4.730425608658874,4.730425608658874,4.848786034461889,4.960613274448535,4.971429829270211,,,,,,4.355136429323731,4.363923057024136,4.4076021991996095,4.407362720622025,4.442029679658375,4.492097433488309,4.493549032258067,4.529817257076116,4.520260494183253,4.520260494183253,4.520181280613933,4.5128254319369345,4.5128254319369345,4.369520007076933,4.389945985540129,4.432504632958312,4.447407354437604,4.447407354437604,4.45075850611833,4.453141738138591,4.493815149912768,4.493801496365844,4.532317290731457,4.695991551909356,4.696426702553351,4.830517871629482,4.852066700430396,4.853505011943625,4.8629353804690965,4.88590356355314,4.956357124806133,4.956357124806133,4.956357124806133,4.959519974614482,4.976484851451229,4.97679821320506,,,4.490816209504461,4.653836065493276,4.458169308035747,"rgba(38, 166, 154, 1.0)",0.1472793203345105,4.449256374743923,1.159318394926544,59.45226671812671,10.861556408108989,False,True,True,False,True,7.306449118565652,0.0,0.0,0.0,0.0,0,0.9923136049192928,0.9953881629515755,False,False,False,False,0.32815895018729085,0.31902058562576086,False,False,False,False,122013.0,124514.87457694183,False,False,False,False,271.89078023222896,False,False,False,False
2025-07-29 15:00:00+00:00,4.62,4.68,4.62,4.645,5.0,,,,,,,,,,4.368399777231168,4.382766435046179,4.440388477106664,4.465864043895939,4.529676187321519,4.528042402489777,4.528042402489777,4.514345119244378,4.427059725432444,4.435695052721031,4.445092719559226,4.490819765516829,4.653835984446791,4.664042251325216,4.7304244996694695,4.7304244996694695,4.848784077768212,4.960610702405783,4.971427185398187,,,,,,4.355244111453895,4.36399201500016,4.407647209134195,4.4074076074808115,4.442049639763415,4.492110087037279,4.493561513856411,4.529824367727823,4.52026788186433,4.52026788186433,4.5201886709033525,4.512831599292427,4.512831599292427,4.369528228263649,4.389953065149848,4.432510096893047,4.447412308820245,4.447412308820245,4.450763347119859,4.453146502069667,4.49381861200859,4.493804957216724,4.532319231065125,4.6959908805855255,4.696426025557638,4.830515989678344,4.85206476820221,4.853503087490898,4.862933443109954,4.88590150809884,4.956354580971388,4.956354580971388,4.956354580971388,4.959517409818955,4.976482174564462,4.976795534299639,,,4.490819765516829,4.653835984446791,4.45819200580941,"rgba(38, 166, 154, 1.0)",0.15066827113870102,4.4492907936446455,1.2989410768189515,61.072258894904174,7.029828506716299,False,False,True,False,True,8.234859622956915,0.0,0.0,0.0,0.0,0,0.9923017705927633,0.9892224788298691,False,False,False,False,0.34282811266277424,0.33092434914426755,False,False,False,False,122018.0,124476.1633431908,False,False,False,False,267.75293867824087,False,False,False,False
2025-07-29 16:00:00+00:00,4.645,4.68,4.5,4.5,110.0,,,,,,,,,,4.369372951008911,4.383598730646629,4.440647284839428,4.46604144894265,4.529726326654341,4.5280842651804765,4.5280842651804765,4.5143930472182205,4.427134462127641,4.435763768487392,4.445155256608799,4.4908541074356565,4.65380558909272,4.664008806023934,4.730373864675834,4.730373864675834,4.848722074640257,4.960538125134507,4.9713531318843485,,,,,4.56,4.356885261828426,4.365031995626727,4.408271326778886,4.408030387355296,4.44230016670207,4.4922308368097115,4.493679170356062,4.5298641453058055,4.520318239428507,4.520318239428507,4.520239115493456,4.512878780989794,4.512878780989794,4.3696517071350005,4.390055504745425,4.43258106332411,4.447473351208727,4.447473351208727,4.450822199039383,4.4532038453657545,4.493851218496244,4.4938375558311385,4.532329412276092,4.695948750517498,4.69638378923015,4.830454526677142,4.8520038415246285,4.853442534502435,4.8628732897443046,4.885839486608125,4.9562825810045705,4.9562825810045705,4.9562825810045705,4.95944498099194,4.976407444260484,4.976720762770837,,,4.4908541074356565,4.65380558909272,4.46358865763089,#000000,0.15133362106571718,4.451360448287657,0.321406118282342,54.57946339322087,9.030066824334796,False,True,True,False,False,1.9859247477456599,0.0,0.0,0.0,0.0,0,0.9787395596051629,0.9893697798025816,False,False,False,False,0.2599089991686974,0.2954166741564825,False,False,False,False,121908.0,124436.34685724985,False,False,False,False,265.3071566832294,False,False,False,False
2025-07-29 17:00:00+00:00,4.5,4.67,4.5,4.645,103.0,,,,,,,,,,4.370488281249999,4.384568014054772,4.440979597311927,4.466286228166191,4.529842688478663,4.528178493267997,4.528178493267997,4.514482024928654,4.427228042573987,4.435851323522027,4.445236672930474,4.490907140354757,4.653790790507889,4.663991049578373,4.730338994874002,4.730338994874002,4.84867308633013,4.960477822659221,4.9712913979514965,,,,4.6049999999999995,4.581760563380281,4.358733516549745,4.3662183025357955,4.409023063129907,4.408780262428385,4.442623108250473,4.492418333360239,4.493863458591835,4.529956772391784,4.52041861830067,4.52041861830067,4.520339561569025,4.512964983525935,4.512964983525935,4.369794482761329,4.39017668308703,4.432670884838189,4.44755328285441,4.44755328285441,4.450899938155871,4.4532800850412295,4.493902471236069,4.493888791933298,4.532354431564447,4.695922375200598,4.696357305646989,4.830406571893505,4.851955603251864,4.853394549059469,4.8628253514178565,4.885789450772486,4.956222839562234,4.956222839562234,4.956222839562234,4.959384822713972,4.976345053179116,4.976658331580441,,,4.490907140354757,4.653790790507889,4.47193836529661,"rgba(38, 166, 154, 1.0)",0.15440245178466033,4.456856853239325,1.218524347159147,55.78762219512488,9.030066824334796,False,True,True,False,False,7.181380123890246,0.0,0.0,0.0,0.0,0,0.9762435040831478,0.9851521900519674,False,False,False,False,0.25316833622423207,0.2742925051903573,False,False,False,False,122011.0,124398.74458039326,False,False,False,False,262.7907666571328,False,False,False,False
2025-07-29 18:00:00+00:00,4.645,4.68,4.645,4.65,36.0,,,,,,,,,,4.370963708937419,4.384986277921598,4.441133092701941,4.466404394840595,4.529912074120741,4.528234199638579,4.528234199638579,4.514531382042534,4.427270532757932,4.4358915460562685,4.445274602483983,4.490934323731524,4.653791271866684,4.663990454601654,4.730331995935598,4.730331995935598,4.848659715392581,4.960459912346425,4.971272966909767,,,,4.618812949640287,4.592831325301205,4.35951152949097,4.366722166323286,4.409355587665023,4.409111882174891,4.442772653160791,4.492514694415317,4.493958567588698,4.530012063423702,4.520475733069518,4.520475733069518,4.52039669396142,4.513012511957957,4.513012511957957,4.369855650231521,4.3902295114263215,4.432711965829258,4.447590657964949,4.447590657964949,4.450936487970256,4.453316074554027,4.493928967888063,4.493915278933603,4.532369589048416,4.695918565564761,4.696353454533169,4.830393780457584,4.8519423878923735,4.8533813819501,4.862812065550026,4.8857752876555365,4.956205133835582,4.956205133835582,4.956205133835582,4.959366964959028,4.976326382727972,4.976639646484825,,,4.490934323731524,4.653791271866684,4.473098443788015,"rgba(38, 166, 154, 1.0)",0.157558083098097,4.458349049067584,1.2163828549062314,56.74508693531475,9.030066824334796,False,True,True,False,True,7.350757691998709,0.0,0.0,0.0,0.0,0,1.0015071590052746,0.9969856819894499,False,False,False,False,0.34282811597475066,0.30856031058255395,False,False,False,False,122047.0,124362.2834241081,False,False,False,False,259.2746307399679,False,False,False,False
2025-07-29 19:00:00+00:00,4.65,4.7,4.62,4.7,168.0,,,,,,,,,4.673333333333334,4.373276497905663,4.387027586981865,4.4418958190764855,4.466996869816169,4.530272590797099,4.528523433792123,4.528523433792123,4.51478524756558,4.427481472787919,4.436091703714113,4.445463877801054,4.49107241948592,4.653800930870224,4.663995037426108,4.730306153108481,4.730306153108481,4.848602258244902,4.960380507218588,4.971191105456032,,,,4.648648208469055,4.625263788968825,4.363269070866889,4.369170508737739,4.410988499822035,4.410740305953995,4.443516168867736,4.493003448479292,4.4944413294458165,4.530299547882293,4.520770577631837,4.520770577631837,4.520691613100705,4.513256752753697,4.513256752753697,4.370155580524785,4.3904895464287295,4.432916211937487,4.447777302039607,4.447777302039607,4.451119207489532,4.453496134566765,4.4940637775412196,4.494050038597843,4.5324486932820225,4.695907888590602,4.696342579313516,4.830339314023381,4.85188551626976,4.853324682619724,4.862754634181841,4.885713573881087,4.9561266943853495,4.9561266943853495,4.9561266943853495,4.959287807880629,4.97624339150548,4.976556586114623,,,4.49107241948592,4.653800930870224,4.4877151017980275,"rgba(38, 166, 154, 1.0)",0.1617972538436567,4.469829622011069,1.4225851954900464,58.890063856692144,9.030066824334796,False,True,True,False,True,9.031939136471188,0.0,0.0,0.0,0.0,0,0.9916918429003019,0.9939577039274923,False,False,False,False,0.33937103471410834,0.32396567264833115,False,False,False,False,122215.0,124328.99220823044,False,True,False,False,257.8595201858599,False,True,False,False
2025-07-30 14:00:00+00:00,4.7,4.7,4.7,4.7,0.0,,,,,,,,,4.673333333333334,4.373276497905663,4.387027586981865,4.4418958190764855,4.466996869816169,4.530272590797099,4.528523433792123,4.528523433792123,4.51478524756558,4.427481472787919,4.436091703714113,4.445463877801054,4.49107241948592,4.653800930870224,4.663995037426108,4.730306153108481,4.730306153108481,4.848602258244902,4.960380507218588,4.971191105456032,,,,4.648648208469055,4.625263788968825,4.363269070866889,4.369170508737739,4.410988499822035,4.410740305953995,4.443516168867736,4.493003448479292,4.4944413294458165,4.530299547882293,4.520770577631837,4.520770577631837,4.520691613100705,4.513256752753697,4.513256752753697,4.370155580524785,4.3904895464287295,4.432916211937487,4.447777302039607,4.447777302039607,4.451119207489532,4.453496134566765,4.4940637775412196,4.494050038597843,4.5324486932820225,4.695907888590602,4.696342579313516,4.830339314023381,4.85188551626976,4.853324682619724,4.862754634181841,4.885713573881087,4.9561266943853495,4.9561266943853495,4.9561266943853495,4.959287807880629,4.97624339150548,4.976556586114623,,,4.49107241948592,4.653800930870224,4.4877151017980275,"rgba(38, 166, 154, 1.0)",0.16581991208308072,4.469829622011069,1.3880744181893474,60.32004847094374,5.586248080836093,False,True,True,False,True,9.031939136471188,0.0,0.0,0.0,0.0,0,1.0060560181680545,0.9795609386828158,False,False,False,False,0.342828125042913,0.33339689884562207,False,False,False,False,122215.0,124296.2171352346,False,True,False,False,253.86169816747446,False,True,False,False
2025-07-30 15:00:00+00:00,4.7,4.7,4.7,4.7,0.0,,,,,,,,,4.673333333333334,4.373276497905663,4.387027586981865,4.4418958190764855,4.466996869816169,4.530272590797099,4.528523433792123,4.528523433792123,4.51478524756558,4.427481472787919,4.436091703714113,4.445463877801054,4.49107241948592,4.653800930870224,4.663995037426108,4.730306153108481,4.730306153108481,4.848602258244902,4.960380507218588,4.971191105456032,,,,4.648648208469055,4.625263788968825,4.363269070866889,4.369170508737739,4.410988499822035,4.410740305953995,4.443516168867736,4.493003448479292,4.4944413294458165,4.530299547882293,4.520770577631837,4.520770577631837,4.520691613100705,4.513256752753697,4.513256752753697,4.370155580524785,4.3904895464287295,4.432916211937487,4.447777302039607,4.447777302039607,4.451119207489532,4.453496134566765,4.4940637775412196,4.494050038597843,4.5324486932820225,4.695907888590602,4.696342579313516,4.830339314023381,4.85188551626976,4.853324682619724,4.862754634181841,4.885713573881087,4.9561266943853495,4.9561266943853495,4.9561266943853495,4.959287807880629,4.97624339150548,4.976556586114623,,,4.49107241948592,4.653800930870224,4.4877151017980275,"rgba(38, 166, 154, 1.0)",0.1696220759472247,4.469829622011069,1.3569600342619612,61.273371547111466,6.642138395450296,False,False,True,False,True,9.031939136471188,0.0,0.0,0.0,0.0,0,1.007581501137225,0.9772554965883244,False,False,False,False,0.342828125042913,0.3381125119442675,False,False,False,False,122215.0,124263.95020290538,False,True,False,False,249.92585788580817,False,True,False,False
2025-07-30 16:00:00+00:00,4.7,4.7,4.68,4.68,10.0,,,,,,4.6866666666666665,4.6866666666666665,4.6866666666666665,4.674082397003746,4.373419116531657,4.387153798632462,4.441943667937319,4.4670343011961995,4.53029598767279,4.528542195594576,4.528542195594576,4.514801601649224,4.427494697669357,4.436104276214563,4.445475792933338,4.491081233730048,4.653801897773989,4.663995699357959,4.730304975410351,4.730304975410351,4.848599099450568,4.960376001589049,4.971186452227692,,,,4.649847528916929,4.626701795472287,4.363499394630011,4.369321345432085,4.411089967732832,4.410841492781789,4.443562833454885,4.493034602577096,4.4944721189988055,4.530318215462492,4.520789622724543,4.520789622724543,4.520710662228853,4.513272476409819,4.513272476409819,4.370174199152535,4.390505738580245,4.432929032149416,4.44778905823241,4.44778905823241,4.45113072620963,4.453507492616173,4.494072391882547,4.494058649702261,4.532453844423806,4.695907628555768,4.696342307230848,4.830336348386579,4.851882384900897,4.853321558711288,4.862751457298583,4.885710132122032,4.956122246815408,4.956122246815408,4.956122246815408,4.9592833171629565,4.976238670366497,4.97655186081703,,,4.491081233730048,4.653801897773989,4.514431778597988,"rgba(38, 166, 154, 1.0)",0.17280064543589102,4.492175023650068,1.0869460346987798,60.67436941843701,6.642138395450296,False,False,True,False,True,8.153695582823381,0.0,0.0,0.0,0.0,0,1.0046047582501918,0.9907904834996165,False,False,False,False,0.3299451628817959,0.3340288374130317,False,False,False,False,122205.0,124232.02849433321,False,False,False,False,246.20607714339252,False,False,False,False
2025-07-30 17:00:00+00:00,4.68,4.68,4.68,4.68,0.0,,,,,,4.6866666666666665,4.6866666666666665,4.6866666666666665,4.674082397003746,4.373419116531657,4.387153798632462,4.441943667937319,4.4670343011961995,4.53029598767279,4.528542195594576,4.528542195594576,4.514801601649224,4.427494697669357,4.436104276214563,4.445475792933338,4.491081233730048,4.653801897773989,4.663995699357959,4.730304975410351,4.730304975410351,4.848599099450568,4.960376001589049,4.971186452227692,,,,4.649847528916929,4.626701795472287,4.363499394630011,4.369321345432085,4.411089967732832,4.410841492781789,4.443562833454885,4.493034602577096,4.4944721189988055,4.530318215462492,4.520789622724543,4.520789622724543,4.520710662228853,4.513272476409819,4.513272476409819,4.370174199152535,4.390505738580245,4.432929032149416,4.44778905823241,4.44778905823241,4.45113072620963,4.453507492616173,4.494072391882547,4.494058649702261,4.532453844423806,4.695907628555768,4.696342307230848,4.830336348386579,4.851882384900897,4.853321558711288,4.862751457298583,4.885710132122032,4.956122246815408,4.956122246815408,4.956122246815408,4.9592833171629565,4.976238670366497,4.97655186081703,,,4.491081233730048,4.653801897773989,4.514431778597988,"rgba(38, 166, 154, 1.0)",0.17577306725197883,4.492175023650068,1.0685651635166369,60.27503466598738,6.642138395450296,False,True,True,False,True,8.153695582823381,0.0,0.0,0.0,0.0,0,1.0108191653786707,0.9791344667697064,False,False,False,False,0.3171670599153684,0.32559794866420005,False,False,False,False,122205.0,124200.60169597145,False,False,False,False,242.38892866054923,False,False,False,False
2025-07-30 18:00:00+00:00,4.68,4.68,4.54,4.54,114.0,,,,,,4.594731182795699,4.594731182795699,4.594731182795699,4.639954337899543,4.374519724133767,4.3881072451617396,4.44226546906188,4.467266241496602,4.5303919621255115,4.528620701230591,4.528620701230591,4.514879467878167,4.427587231489179,4.436190347243815,4.4455552593294785,4.491130313498875,4.653779389116152,4.66396996973331,4.730260798443141,4.730260798443141,4.848540865453374,4.960305885767175,4.9711147756321195,,,,4.633136117556071,4.618265557609365,4.3652967149417155,4.370492132495391,4.411823601998802,4.411573482330885,4.443875239371892,4.493205999004449,4.494640158176916,4.530394799589883,4.520875725647112,4.520875725647112,4.520796845628353,4.513348263888889,4.513348263888889,4.370319281723894,4.39062791849699,4.433017528091404,4.447866927015451,4.447866927015451,4.451206242923358,4.453581396103633,4.494119579373384,4.494105823108342,4.532474479688365,4.695872597501711,4.6963071605132525,4.8302790228627845,4.851825094096392,4.853264590353186,4.862694685899716,4.885651196401379,4.956052742173886,4.956052742173886,4.956052742173886,4.959213358454483,4.976166277626729,4.976479424401498,,,4.491130313498875,4.653779389116152,4.501362859944137,#000000,0.1760692687194018,4.475952309147603,0.36376416689995233,53.23206634451223,7.783136720994982,False,True,False,False,False,2.2677689254080065,0.0,0.0,0.0,0.0,0,0.9984567901234566,0.9830246913580247,False,False,False,False,0.23022773803936886,0.27791284335178446,False,False,False,False,122091.0,124167.89469293313,False,False,False,False,240.39840263480426,False,False,False,False
2025-07-30 19:00:00+00:00,4.54,4.65,4.54,4.65,210.0,,,,,,4.606427145708583,4.606427145708583,4.606427145708583,4.628818061088978,4.376768843244536,4.3900726504605565,4.442963311900649,4.467786053211323,4.530651277393996,4.528830946021542,4.528830946021542,4.515075583674812,4.4277859339368115,4.436376693984147,4.445729030009505,4.4912457907912655,4.653754424689882,4.663938952428445,4.7301945904213305,4.7301945904213305,4.848444576788167,4.9601860071918615,4.9709919633419455,,,,4.626648465938638,4.616886373723924,4.368922728854855,4.372878164038739,4.413362795378217,4.41310900107515,4.444553976730883,4.493609710819851,4.495037340387109,4.530601928931597,4.521097799026281,4.521097799026281,4.521019050014865,4.513538091793991,4.513538091793991,4.370618909784075,4.39088315014717,4.433208527108326,4.4480376559375445,4.4480376559375445,4.45137247434677,4.453744554953028,4.4942313881892,4.494217594907328,4.5325311356533495,4.695823868641311,4.6962582081277695,4.830185045374344,4.85173023025583,4.853170202841432,4.862600265415083,4.88555236903637,4.955934013875902,4.955934013875902,4.955934013875902,4.959093775501416,4.976042118173358,4.976355182692556,,,4.4912457907912655,4.653754424689882,4.502716169763603,"rgba(38, 166, 154, 0.5)",0.1772856401353358,4.477856694965949,0.9709940686828401,53.243522448874884,7.783136720994982,False,True,True,False,False,6.1737145753867,0.0,0.0,0.0,0.0,0,1.0,0.9680851063829786,False,False,False,False,0.21207511452599082,0.24499397893888764,False,False,False,False,122301.0,124138.95058916672,False,False,False,False,239.92710957069875,False,False,False,False
2025-07-31 14:00:00+00:00,4.65,4.65,4.65,4.65,0.0,,,,,,4.606427145708583,4.606427145708583,4.606427145708583,4.628818061088978,4.376768843244536,4.3900726504605565,4.442963311900649,4.467786053211323,4.530651277393996,4.528830946021542,4.528830946021542,4.515075583674812,4.4277859339368115,4.436376693984147,4.445729030009505,4.4912457907912655,4.653754424689882,4.663938952428445,4.7301945904213305,4.7301945904213305,4.848444576788167,4.9601860071918615,4.9709919633419455,,,,4.626648465938638,4.616886373723924,4.368922728854855,4.372878164038739,4.413362795378217,4.41310900107515,4.444553976730883,4.493609710819851,4.495037340387109,4.530601928931597,4.521097799026281,4.521097799026281,4.521019050014865,4.513538091793991,4.513538091793991,4.370618909784075,4.39088315014717,4.433208527108326,4.4480376559375445,4.4480376559375445,4.45137247434677,4.453744554953028,4.4942313881892,4.494217594907328,4.5325311356533495,4.695823868641311,4.6962582081277695,4.830185045374344,4.85173023025583,4.853170202841432,4.862600265415083,4.88555236903637,4.955934013875902,4.955934013875902,4.955934013875902,4.959093775501416,4.976042118173358,4.976355182692556,,,4.4912457907912655,4.653754424689882,4.502716169763603,"rgba(38, 166, 154, 0.5)",0.1767410688136831,4.477856694965949,0.9739858776995489,53.25115985178333,7.711153907245738,False,True,True,False,False,6.1737145753867,0.0,0.0,0.0,0.0,0,1.0168067226890756,0.9717341482047364,False,False,False,False,0.27940896217503625,0.26220147055696197,False,False,False,False,122301.0,124110.45523119514,False,False,False,False,236.2073094223158,False,False,False,False
2025-07-31 15:00:00+00:00,4.65,4.65,4.65,4.65,0.0,,,,,,4.606427145708583,4.606427145708583,4.606427145708583,4.628818061088978,4.376768843244536,4.3900726504605565,4.442963311900649,4.467786053211323,4.530651277393996,4.528830946021542,4.528830946021542,4.515075583674812,4.4277859339368115,4.436376693984147,4.445729030009505,4.4912457907912655,4.653754424689882,4.663938952428445,4.7301945904213305,4.7301945904213305,4.848444576788167,4.9601860071918615,4.9709919633419455,,,,4.626648465938638,4.616886373723924,4.368922728854855,4.372878164038739,4.413362795378217,4.41310900107515,4.444553976730883,4.493609710819851,4.495037340387109,4.530601928931597,4.521097799026281,4.521097799026281,4.521019050014865,4.513538091793991,4.513538091793991,4.370618909784075,4.39088315014717,4.433208527108326,4.4480376559375445,4.4480376559375445,4.45137247434677,4.453744554953028,4.4942313881892,4.494217594907328,4.5325311356533495,4.695823868641311,4.6962582081277695,4.830185045374344,4.85173023025583,4.853170202841432,4.862600265415083,4.88555236903637,4.955934013875902,4.955934013875902,4.955934013875902,4.959093775501416,4.976042118173358,4.976355182692556,,,4.4912457907912655,4.653754424689882,4.502716169763603,"rgba(38, 166, 154, 0.5)",0.17583263951017414,4.477856694965949,0.9790179201859212,53.256251453722285,7.443984960207821,False,True,True,False,False,6.173714575386679,0.0,0.0,0.0,0.0,0,1.0155038759689923,0.9821705426356588,False,False,False,False,0.27940896217503625,0.2708052163659991,False,False,False,False,122301.0,124082.40166171925,False,False,False,False,232.54518059406283,False,False,False,False
2025-07-31 16:00:00+00:00,4.65,4.65,4.58,4.6,102.0,,,,,,4.607262996941897,4.607262996941897,4.607262996941897,4.6256401766004425,4.37783087797619,4.391000882746443,4.443293622328639,4.468031448775209,4.53077159209157,4.5289286754174745,4.5289286754174745,4.515167336327857,4.427880562160255,4.436465361571457,4.445811627066289,4.491300271814502,4.653741311205976,4.663922909139676,4.7301615427814,4.7301615427814,4.848397173778024,4.960127251053736,4.97093178641198,,,,4.624362943023778,4.616062915201251,4.370622451095596,4.374004423748543,4.414089629763845,4.413834145754347,4.44487521891419,4.493799389669111,4.495223890886337,4.530698123292554,4.521201394521686,4.521201394521686,4.521122710037004,4.51362696305128,4.51362696305128,4.370762181943361,4.391005054361662,4.4332994380474195,4.4481187846524834,4.4481187846524834,4.451451433181891,4.453822030588949,4.494284101900216,4.494270291374774,4.53255749158361,4.695799265525598,4.6962334971679915,4.83013872733822,4.851683536880596,4.853123747466844,4.862553816893667,4.885503805582678,4.955875814729601,4.955875814729601,4.955875814729601,4.959035162514977,4.975981288870645,4.976294313562284,,,4.491300271814502,4.653741311205976,4.502899236357477,"rgba(38, 166, 154, 0.5)",0.1762752250174503,4.478186343040422,0.6910424136319718,50.94139671594087,5.018859604599932,False,True,False,False,False,4.1216376091472995,0.0,0.0,0.0,0.0,0,0.9898358092259576,0.982017200938233,False,False,False,False,0.23631133218430322,0.25355827427515115,False,False,False,False,122199.0,124053.20163595617,False,False,False,False,230.5212243057828,False,False,False,False
2025-07-31 17:00:00+00:00,4.6,4.6,4.6,4.6,0.0,,,,,,4.607262996941897,4.607262996941897,4.607262996941897,4.6256401766004425,4.37783087797619,4.391000882746443,4.443293622328639,4.468031448775209,4.53077159209157,4.5289286754174745,4.5289286754174745,4.515167336327857,4.427880562160255,4.436465361571457,4.445811627066289,4.491300271814502,4.653741311205976,4.663922909139676,4.7301615427814,4.7301615427814,4.848397173778024,4.960127251053736,4.97093178641198,,,,4.624362943023778,4.616062915201251,4.370622451095596,4.374004423748543,4.414089629763845,4.413834145754347,4.44487521891419,4.493799389669111,4.495223890886337,4.530698123292554,4.521201394521686,4.521201394521686,4.521122710037004,4.51362696305128,4.51362696305128,4.370762181943361,4.391005054361662,4.4332994380474195,4.4481187846524834,4.4481187846524834,4.451451433181891,4.453822030588949,4.494284101900216,4.494270291374774,4.53255749158361,4.695799265525598,4.6962334971679915,4.83013872733822,4.851683536880596,4.853123747466844,4.862553816893667,4.885503805582678,4.955875814729601,4.955875814729601,4.955875814729601,4.959035162514977,4.975981288870645,4.976294313562284,,,4.491300271814502,4.653741311205976,4.502899236357477,"rgba(38, 166, 154, 0.5)",0.17661869142919157,4.478186343040422,0.6896985589343145,49.398160224086595,3.396275050975781,False,True,False,False,False,4.1216376091472995,0.0,0.0,0.0,0.0,0,0.9929078014184395,0.9976359338061465,False,False,False,False,0.21811013895870435,0.23583420661692775,False,False,False,False,122199.0,124024.4543237708,False,False,False,False,226.9472518359257,False,False,False,False
2025-07-31 18:00:00+00:00,4.6,4.6,4.47,4.49,91.0,,,,,,4.592194813409235,4.592194813409235,4.592194813409235,4.611808153477219,4.378406103182013,4.391484802264544,4.443428710584718,4.468111328817799,4.530757040423984,4.528919094728817,4.528919094728817,4.51517150016885,4.4279232230704,4.436503403879808,4.445844891952576,4.491312013691569,4.653705560320844,4.663884728182275,4.730110002892558,4.730110002892558,4.848338939045834,4.96006137782822,4.970864733139101,,,,4.612975619504397,4.6068026129943505,4.371556189036955,4.374620467402392,4.414437742300561,4.414181842174715,4.44500513083633,4.493837428206765,4.495259707593979,4.530686572299809,4.521200146839527,4.521200146839527,4.521121544376875,4.51363219708251,4.51363219708251,4.370841827259541,4.391069048670437,4.433339195519882,4.448150893383077,4.448150893383077,4.451481860870471,4.453851291818912,4.4942945442754265,4.4942807346978855,4.532553681245821,4.695754315572767,4.696188466553032,4.830080533360824,4.8516263870953935,4.853066980144534,4.862497629759409,4.885446344969132,4.955810402016795,4.955810402016795,4.955810402016795,4.958969407751452,4.9759136952613385,4.9762266871009135,,,4.491312013691569,4.653705560320844,4.499859016760426,#000000,0.1759451183883274,4.474463796882561,0.08830141614471762,44.25351889211397,-1.4446095004078714,False,True,False,True,False,0.0,0.0,0.0,0.0,0.0,0,0.9727626459143965,0.9976653696498057,False,False,False,False,0.14070279367516247,0.18826850014604513,False,False,False,False,122108.0,123994.74185363481,False,False,False,False,224.83954250513614,False,False,False,False
2025-07-31 19:00:00+00:00,4.49,4.57,4.49,4.54,224.0,,,,,,4.5746382600976485,4.5746382600976485,4.5746382600976485,4.592680449764237,4.379933890967789,4.392782656645697,4.443816768151692,4.468357172104714,4.530765579147246,4.528930723304835,4.528930723304835,4.515209937547832,4.428043248408939,4.436611829005143,4.445941347770808,4.491354290180017,4.653626407122102,4.663799531728264,4.729991287134037,4.729991287134037,4.848201497494113,4.959904222716919,4.970704642459865,,,,4.596113736609956,4.592712614155252,4.374007689532314,4.376252026923663,4.415391974202794,4.415134713792692,4.445379523277895,4.493978072406631,4.4953947097652485,4.530693588150604,4.5212310847524515,4.5212310847524515,4.521152674564608,4.513671944662109,4.513671944662109,4.371055008258267,4.391242565317218,4.4334519381288695,4.4482444527255875,4.4482444527255875,4.451571197474079,4.453937705469701,4.494333526505446,4.494319713341505,4.53255426313971,4.695652153972144,4.696086100860999,4.829943535195522,4.851491447216517,4.852932918158685,4.862364782650477,4.885310138094996,4.955654393339932,4.955654393339932,4.955654393339932,4.958812547506001,4.975752259800069,4.976065169823488,,,4.491354290180017,4.653626407122102,4.496159846964735,#000000,0.17461264724118494,4.470032197494225,0.40070294798939343,43.46474957187735,-2.132172413343021,False,True,False,True,False,1.6528015241695364,0.0,0.0,0.0,0.0,0,0.973724884080371,1.0023183925811439,False,False,False,False,0.13482849199715552,0.16154849607160032,False,False,False,False,122332.0,123968.96291016761,False,False,False,False,224.82652634226582,False,False,False,False
2025-08-01 14:00:00+00:00,4.61,4.61,4.61,4.61,0.0,,,,,,4.5746382600976485,4.5746382600976485,4.5746382600976485,4.592680449764237,4.379933890967789,4.392782656645697,4.443816768151692,4.468357172104714,4.530765579147246,4.528930723304835,4.528930723304835,4.515209937547832,4.428043248408939,4.436611829005143,4.445941347770808,4.491354290180017,4.653626407122102,4.663799531728264,4.729991287134037,4.729991287134037,4.848201497494113,4.959904222716919,4.970704642459865,,,,4.596113736609956,4.592712614155252,4.374007689532314,4.376252026923663,4.415391974202794,4.415134713792692,4.445379523277895,4.493978072406631,4.4953947097652485,4.530693588150604,4.5212310847524515,4.5212310847524515,4.521152674564608,4.513671944662109,4.513671944662109,4.371055008258267,4.391242565317218,4.4334519381288695,4.4482444527255875,4.4482444527255875,4.451571197474079,4.453937705469701,4.494333526505446,4.494319713341505,4.53255426313971,4.695652153972144,4.696086100860999,4.829943535195522,4.851491447216517,4.852932918158685,4.862364782650477,4.885310138094996,4.955654393339932,4.955654393339932,4.955654393339932,4.958812547506001,4.975752259800069,4.976065169823488,,,4.491354290180017,4.653626407122102,4.496159846964735,"rgba(38, 166, 154, 0.5)",0.17388012335311728,4.470032197494225,0.8049672372357781,46.01761990166696,-2.132172413343021,False,True,False,True,True,4.15863172336714,0.0,0.0,0.0,0.0,0,0.9853395061728394,0.9976851851851851,False,False,False,False,0.23022773803937,0.19588811705548514,False,False,False,False,122332.0,123943.58364024253,False,False,False,False,221.34084376331595,False,False,False,False
2025-08-01 15:00:00+00:00,4.61,4.61,4.61,4.61,0.0,,,,,,4.5746382600976485,4.5746382600976485,4.5746382600976485,4.592680449764237,4.379933890967789,4.392782656645697,4.443816768151692,4.468357172104714,4.530765579147246,4.528930723304835,4.528930723304835,4.515209937547832,4.428043248408939,4.436611829005143,4.445941347770808,4.491354290180017,4.653626407122102,4.663799531728264,4.729991287134037,4.729991287134037,4.848201497494113,4.959904222716919,4.970704642459865,,,,4.596113736609956,4.592712614155252,4.374007689532314,4.376252026923663,4.415391974202794,4.415134713792692,4.445379523277895,4.493978072406631,4.4953947097652485,4.530693588150604,4.5212310847524515,4.5212310847524515,4.521152674564608,4.513671944662109,4.513671944662109,4.371055008258267,4.391242565317218,4.4334519381288695,4.4482444527255875,4.4482444527255875,4.451571197474079,4.453937705469701,4.494333526505446,4.494319713341505,4.53255426313971,4.695652153972144,4.696086100860999,4.829943535195522,4.851491447216517,4.852932918158685,4.862364782650477,4.885310138094996,4.955654393339932,4.955654393339932,4.955654393339932,4.958812547506001,4.975752259800069,4.976065169823488,,,4.491354290180017,4.653626407122102,4.496159846964735,"rgba(38, 166, 154, 0.5)",0.17332513840641137,4.470032197494225,0.8075447323606328,47.719533454860034,-2.132172413343021,False,True,False,True,True,4.15863172336714,0.0,0.0,0.0,0.0,0,0.9843871975019514,1.0007806401249022,False,False,False,False,0.23022773803937,0.21305792754742758,False,False,False,False,122332.0,123918.59784737056,False,False,False,False,217.9092027747374,False,False,False,False
2025-08-01 16:00:00+00:00,4.61,4.61,4.61,4.61,0.0,,,,,,4.5746382600976485,4.5746382600976485,4.5746382600976485,4.592680449764237,4.379933890967789,4.392782656645697,4.443816768151692,4.468357172104714,4.530765579147246,4.528930723304835,4.528930723304835,4.515209937547832,4.428043248408939,4.436611829005143,4.445941347770808,4.491354290180017,4.653626407122102,4.663799531728264,4.729991287134037,4.729991287134037,4.848201497494113,4.959904222716919,4.970704642459865,,,,4.596113736609956,4.592712614155252,4.374007689532314,4.376252026923663,4.415391974202794,4.415134713792692,4.445379523277895,4.493978072406631,4.4953947097652485,4.530693588150604,4.5212310847524515,4.5212310847524515,4.521152674564608,4.513671944662109,4.513671944662109,4.371055008258267,4.391242565317218,4.4334519381288695,4.4482444527255875,4.4482444527255875,4.451571197474079,4.453937705469701,4.494333526505446,4.494319713341505,4.53255426313971,4.695652153972144,4.696086100860999,4.829943535195522,4.851491447216517,4.852932918158685,4.862364782650477,4.885310138094996,4.955654393339932,4.955654393339932,4.955654393339932,4.958812547506001,4.975752259800069,4.976065169823488,,,4.491354290180017,4.653626407122102,4.496159846964735,"rgba(38, 166, 154, 0.5)",0.17278920136428152,4.470032197494225,0.8100494787905701,48.85414249032208,-5.75313962805415,False,True,False,False,True,4.15863172336714,0.0,0.0,0.0,0.0,0,0.9849564528899442,1.0023752969121138,False,False,False,False,0.23022773803937,0.2216428327933988,False,False,False,False,122332.0,123893.99943113225,False,False,False,False,214.5307655224159,False,False,False,False
2025-08-01 17:00:00+00:00,4.61,4.61,4.44,4.485,171.0,,,,,,4.562959146782358,4.562959146782358,4.562959146782358,4.579970948012233,4.380918174138483,4.3936072688922225,4.444039602819448,4.468481436737253,4.53071737804278,4.528896074427049,4.528896074427049,4.515204222163529,4.428115873942966,4.436675931660475,4.4459966182434565,4.491369878690778,4.653555181293678,4.6637237796006135,4.729890782612432,4.729890782612432,4.848089441975848,4.959778239823806,4.970576458926662,,,4.511666666666667,4.584363981556821,4.582362459546926,4.375581934505896,4.377306437168919,4.415978241515615,4.4157204617768455,4.445593320507505,4.494026027216278,4.49543863665067,4.530655163997672,4.521212503361017,4.521212503361017,4.521134250319923,4.5136688609507365,4.5136688609507365,4.371195694784944,4.391354587127684,4.433519201174805,4.448297585511438,4.448297585511438,4.451621227538061,4.453985578935968,4.494346729266152,4.494332920740651,4.532542369024543,4.695563852339992,4.695997650541123,4.8298314035340715,4.851381502146496,4.852823718884344,4.862256766890436,4.885199833345135,4.955529268867502,4.955529268867502,4.955529268867502,4.958686785451715,4.975623068858526,4.9759359176558515,,,4.491369878690778,4.653555181293678,4.493466279439814,#000000,0.16859974458424323,4.467792779090276,0.10205959061300021,44.70611444059735,-5.75313962805415,False,True,False,True,False,0.0,0.0,0.0,0.0,0.0,0,0.9635941130906269,0.9883810999225402,False,False,False,False,0.12896342507344508,0.17530312893342193,False,False,False,False,122161.0,123867.13122289765,False,False,False,False,213.85586993292105,False,False,False,False
2025-08-01 18:00:00+00:00,4.485,4.485,4.48,4.48,100.0,,,,,,4.555004892367907,4.555004892367907,4.555004892367907,4.571710084033614,4.381356477856086,4.39396302131728,4.444111730915461,4.468503523289448,4.530645091566454,4.528840707134652,4.528840707134652,4.515172616355047,4.428143057776425,4.436698391541366,4.446014151175253,4.4913655258935625,4.653504762128238,4.663670781916953,4.729823976861574,4.729823976861574,4.848018106588898,4.959699668312782,4.970496632749252,,,4.50059655596556,4.576636568848759,4.575364836692148,4.376286675967139,4.3777794902014096,4.416211336243094,4.415953643789115,4.445661232225112,4.49400646352724,4.495416929365531,4.530597378188798,4.521167625597204,4.521167625597204,4.5210894730472795,4.513640107339455,4.513640107339455,4.371260294292504,4.391403689527311,4.433543402934862,4.448313925682902,4.448313925682902,4.451635847976267,4.453998996621475,4.494341083545569,4.494327283678098,4.532525432925648,4.695503835621041,4.6959375525746045,4.829759686489378,4.851311564772554,4.852754279356816,4.862188228034192,4.885130179520068,4.955451185946716,4.955451185946716,4.955451185946716,4.958608339678352,4.975542668906348,4.975855482885463,,,4.4913655258935625,4.653504762128238,4.491236874224279,#000000,0.1642936834282215,4.465082221028453,0.09079946751613725,41.785589835580105,-3.151194071974473,False,True,False,True,False,0.0,0.0,0.0,0.0,0.0,0,0.971896955503513,1.009367681498829,False,False,False,False,0.07942415784226385,0.1273636433878429,False,False,False,False,122061.0,123839.1291884341,False,False,False,False,212.0906626471393,False,False,False,False
2025-08-01 19:00:00+00:00,4.48,4.59,4.48,4.59,713.0,,,,,,4.554317963496638,4.554317963496638,4.554317963496638,4.564824837975127,4.386530514649,4.398425089662032,4.445584404942011,4.4695047259605065,4.530881010369117,4.529043732682285,4.529043732682285,4.5154273188236225,4.428594535038205,4.437112066749907,4.44638895011568,4.491563096217597,4.653295700246649,4.663442242441135,4.72948595210337,4.72948595210337,4.84760962980964,4.9592240763295505,4.970011559936357,,,4.538809281842819,4.568499836761346,4.568065365551425,4.384293416212103,4.383275665232281,4.419595013959069,4.419331988227448,4.447087366015868,4.494668560606062,4.496060575359406,4.5307870018364955,4.5214258000120084,4.5214258000120084,4.521348207754206,4.513892772436041,4.513892772436041,4.37201627242481,4.392028995318794,4.433971191972822,4.4486793166380405,4.4486793166380405,4.451987471065938,4.454341121781248,4.49452776705177,4.494513928015299,4.5325747039021005,4.695219979520716,4.695653021742507,4.8293543000612225,4.850910207487174,4.852355399772433,4.861792163365734,4.88472233619629,4.9549793005301925,4.9549793005301925,4.9549793005301925,4.958133700831036,4.975053249919663,4.975365799212196,,,4.491563096217597,4.653295700246649,4.493258632751793,"rgba(38, 166, 154, 0.5)",0.1614078545037193,4.468176298897137,0.7547569570107613,44.971017056893274,-3.151194071974473,False,True,False,True,True,3.1532230384980444,0.0,0.0,0.0,0.0,0,0.9654643131235611,0.9915579432079816,False,False,False,False,0.14070279367516247,0.13403321853150268,False,False,False,False,122774.0,123822.61555760566,False,False,False,False,219.85669888516813,False,False,False,False
2025-08-04 14:00:00+00:00,4.59,4.59,4.52,4.52,1.0,,,,,,4.554311635944701,4.554311635944701,4.554311635944701,4.564813550420168,4.386537130801687,4.398430779701835,4.4455862534117525,4.469505948045645,4.530881191969277,4.529043898809525,4.529043898809525,4.515427580052298,4.428595115380012,4.437112595135056,4.446389424960818,4.491563327714009,4.653295378373858,4.663441893523659,4.729485452062758,4.729485452062758,4.847609038265135,4.959223393667416,4.970010864093644,,,4.538813874788494,4.56848751835536,4.568053878309336,4.384303503097186,4.383282693011342,4.419599296302705,4.419336264873253,4.4470891539109365,4.494669322314223,4.496061312177231,4.53078714859438,4.521426046626818,4.521426046626818,4.521348455178416,4.513893035270031,4.513893035270031,4.372017270060892,4.392029814774698,4.433971739725664,4.448679778524922,4.448679778524922,4.451987914025841,4.454341551660009,4.49452798366695,4.494514144595776,4.532574739631761,4.695219554198976,4.695652595494604,4.829353711763446,4.850909626441943,4.852354822396362,4.861791590603205,4.884721747650372,4.954978623018458,4.954978623018458,4.954978623018458,4.958133019493448,4.975052548036491,4.975365096961317,,,4.491563327714009,4.653295378373858,4.493258482958801,#000000,0.15739555381381887,4.468176869170262,0.3292540962817716,44.581951099053825,-3.151194071974473,False,True,False,True,True,0.5669483319759436,0.0,0.0,0.0,0.0,0,0.9719058466211085,0.9916476841305999,False,False,False,False,0.1643009750445322,0.14916709678801743,False,False,False,False,122773.0,123806.34244818542,False,False,False,False,216.46357177066938,False,False,False,False
2025-08-04 15:00:00+00:00,4.52,4.56,4.52,4.56,5.0,,,,,,4.554289680260387,4.554289680260387,4.554289680260387,4.564766020604156,4.386570906278563,4.398459877512562,4.445595809855164,4.469512333725058,4.530882342933528,4.529044923138925,4.529044923138925,4.5154290421319665,4.428598101297835,4.4371153198862565,4.446391880750049,4.4915645596902145,4.653293817822754,4.663440197382808,4.729482996669165,4.729482996669165,4.847606112978513,4.959220007747565,4.97000741209452,,,4.538853535353535,4.568434244791667,4.568004324992277,4.3843549750612905,4.383318554287386,4.419621280276816,4.419358218390804,4.447098401966434,4.494673391346085,4.49606525567695,4.530788077275476,4.521427467224988,4.521427467224988,4.52134987977478,4.51389449815653,4.51389449815653,4.372022355119723,4.3920340021843725,4.433974561882393,4.44868216921871,4.44868216921871,4.451990209579968,4.454343781498262,4.494529140684525,4.494515301407036,4.532574973625973,4.695217474296319,4.695650510929831,4.82935080459108,4.850906752733515,4.852351966688033,4.861788756796943,4.884718833683877,4.954975262924017,4.954975262924017,4.954975262924017,4.958129640214983,4.975049065751037,4.97536161283192,,,4.4915645596902145,4.653293817822754,4.49326085006446,"rgba(38, 166, 154, 0.5)",0.1538850337219382,4.4681836276423335,0.5966556339947476,45.93811273664211,-3.151194071974473,False,True,False,True,True,1.9760074326914712,0.0,0.0,0.0,0.0,0,0.9720754716981131,0.9962264150943395,False,False,False,False,0.14658675833667184,0.14787692756234463,False,False,False,False,122778.0,123790.39915441509,False,False,False,False,213.18506678197684,False,False,False,False
2025-08-04 16:00:00+00:00,4.56,4.56,4.55,4.55,102.0,,,,,,4.554236751672997,4.554236751672997,4.554236751672997,4.564186142880823,4.387285392251578,4.399077578790958,4.445803200724696,4.469653607407043,4.530915687445093,4.529073689180979,4.529073689180979,4.515465197834159,4.428662418611235,4.437174256021187,4.446445281584072,4.4915927192276754,4.65326398236475,4.663407581653781,4.729434747114513,4.729434747114513,4.847547771257749,4.959152063099232,4.969938112374431,,,4.540206043956044,4.567717829457365,4.567342182890856,4.385440762672715,4.384076421058764,4.420091545410661,4.419827789613542,4.4472992948824945,4.494766886472072,4.496156150315103,4.530814942891303,4.521464058166555,4.521464058166555,4.52138655021376,4.513930377545287,4.513930377545287,4.3721299831228535,4.392123056576472,4.434035507075887,4.448734230411572,4.448734230411572,4.452040310385607,4.454392529756731,4.494555749270613,4.49454190445362,4.532582002905965,4.695176960596304,4.695609900864524,4.8292929096638275,4.85084942526131,4.852294992138737,4.861732181047466,4.884660571817302,4.954907848054612,4.954907848054612,4.954907848054612,4.958061831797807,4.974979144824003,4.975291654071556,,,4.4915927192276754,4.65326398236475,4.493433350361957,"rgba(38, 166, 154, 0.5)",0.1500553351387485,4.468476867830733,0.5432871286708078,46.458176253684606,-3.151194071974473,False,True,False,True,True,1.6060596390189836,0.0,0.0,0.0,0.0,0,0.9766390354182365,0.9962321024868123,False,False,False,False,0.1643009750445322,0.15608895130343842,False,False,False,False,122676.0,123773.12164814508,False,False,False,False,211.46126729698497,False,False,False,False
2025-08-04 17:00:00+00:00,4.55,4.55,4.51,4.51,100.0,,,,,,4.552646251501116,4.552646251501116,4.552646251501116,4.562250907942524,4.3878544638251,4.3995615538417585,4.445949241510954,4.469742160048832,4.530904662896026,4.529067031611829,4.529067031611829,4.515472548964651,4.428710252497693,4.437217070750742,4.446482904121835,4.491606899273291,4.653225973164823,4.663366914411788,4.729379415202157,4.729379415202157,4.847484765982036,4.959080550113281,4.969865302986092,,,4.538790548098434,4.565745185185186,4.565477401129944,4.386303993990235,4.3846823601079095,4.420446303805007,4.420182236376503,4.447439997039179,4.494811454692962,4.496198373857429,4.5308062125862065,4.521466157532196,4.521466157532196,4.521388736063236,4.513938756657369,4.513938756657369,4.372217927838848,4.3921940397554025,4.434080186594486,4.44877059609235,4.44877059609235,4.452074847562945,4.454425798491809,4.494568509986685,4.494554665650196,4.532578933511213,4.695128867830703,4.69556171929696,4.8292300056264725,4.850787578194147,4.852233552785176,4.861671341143309,4.884598302146277,4.954836841112316,4.954836841112316,4.954836841112316,4.957990448980044,4.974905741690304,4.975218214828516,,,4.491606899273291,4.653225973164823,4.493101637031553,#000000,0.14551205021150426,4.468135267374278,0.28770629349851856,45.28010633679294,-3.151194071974473,False,True,False,True,True,0.13223675973831206,0.0,0.0,0.0,0.0,0,0.9707865168539325,0.9977528089887642,False,False,False,False,0.1348284919971545,0.14545872165029644,False,False,False,False,122576.0,123754.56162259245,False,False,False,False,209.7331856334658,False,False,False,False
2025-08-04 18:00:00+00:00,4.51,4.51,4.49,4.49,2.0,,,,,,4.552588688946016,4.552588688946016,4.552588688946016,4.5621888310459076,4.387863566021164,4.399569117723424,4.445951152131605,4.469743048338588,4.53090366730155,4.529066280081184,4.529066280081184,4.5154721975677745,4.428710939210515,4.437217661586473,4.446483395231176,4.491606944481674,4.653225057190154,4.663365946467997,4.729378165684065,4.729378165684065,4.847483402482908,4.959079032579188,4.969863760092125,,,4.538719988833053,4.565683836589699,4.565419136325149,4.386317810048406,4.384692104652511,4.420451541597947,4.420187474318586,4.4474418188659275,4.494811512579696,4.49619838840814,4.530805415854719,4.521465600503134,4.521465600503134,4.521388180916559,4.513938448834591,4.513938448834591,4.372219375489534,4.392195170111822,4.434080812882031,4.448771063056741,4.448771063056741,4.452075279599792,4.45442620617104,4.494568528594045,4.494554684372033,4.532578695145704,4.695127756990242,4.695560606780969,4.8292286381588525,4.850786240778513,4.852232224623219,4.861670028682009,4.884596965059587,4.954835333462769,4.954835333462769,4.954835333462769,4.957988933989264,4.974904187191989,4.975216659625408,,,4.491606944481674,4.653225057190154,4.493086656782372,#000000,0.14050414376242806,4.468117955977011,0.15573949235254417,43.75946832021848,-3.151194071974473,False,True,False,True,False,0.0,0.0,0.0,0.0,0.0,0,0.9678864824495892,1.0037341299477223,False,False,False,False,0.09976188500097341,0.12261030332563493,False,False,False,False,122574.0,123736.25834162201,False,False,False,False,206.5125160887609,False,False,False,False
2025-08-04 19:00:00+00:00,4.49,4.52,4.475,4.49,226.0,,,,,,4.546593735605713,4.546593735605713,4.546593735605713,4.555696879008123,4.388866790967474,4.40040177077703,4.446159064195868,4.469836858568763,4.530786078303504,4.5289772240922614,4.5289772240922614,4.515429062442703,4.428786547494078,4.437282480827936,4.4465369877074234,4.491610366793415,4.653120519896619,4.663255548334426,4.729236045898054,4.729236045898054,4.847328663658444,4.958906997521003,4.969688864009095,,,4.531761737089201,4.559237288135593,4.5592697063369405,4.3878338065259435,4.385766192733016,4.421025968860097,4.420761977573903,4.447639879361924,4.494812174823291,4.496194195449457,4.530711240422852,4.521398597481741,4.521398597481741,4.52132139110698,4.513900385663171,4.513900385663171,4.3723805554587445,4.392320707821154,4.434149620256119,4.4488219373080655,4.4488219373080655,4.452122223190033,4.454470407612363,4.494568960552838,4.494555129993286,4.5325505310946514,4.695001258582826,4.695433919812168,4.829073412669869,4.850634466872792,4.852081503012839,4.861521104401795,4.884445284730721,4.954664413451317,4.954664413451317,4.954664413451317,4.957817185839803,4.974727982003384,4.975040374934084,,,4.491610366793415,4.653120519896619,4.491544634008204,#000000,0.13565599710130122,4.4663484855848345,0.17434919885999495,42.74570964250218,-3.151194071974473,False,True,False,True,False,0.0,0.0,0.0,0.0,0.0,0,0.9658753709198812,1.002225519287834,False,False,False,False,0.0968518443352982,0.10973107383046657,False,False,False,False,122574.0,123718.23883244957,False,False,False,False,206.81464762226847,False,False,False,False
2025-08-05 14:00:00+00:00,4.49,4.49,4.49,4.49,0.0,,,,,,4.546593735605713,4.546593735605713,4.546593735605713,4.555696879008123,4.388866790967474,4.40040177077703,4.446159064195868,4.469836858568763,4.530786078303504,4.5289772240922614,4.5289772240922614,4.515429062442703,4.428786547494078,4.437282480827936,4.4465369877074234,4.491610366793415,4.653120519896619,4.663255548334426,4.729236045898054,4.729236045898054,4.847328663658444,4.958906997521003,4.969688864009095,,,4.531761737089201,4.559237288135593,4.5592697063369405,4.3878338065259435,4.385766192733016,4.421025968860097,4.420761977573903,4.447639879361924,4.494812174823291,4.496194195449457,4.530711240422852,4.521398597481741,4.521398597481741,4.52132139110698,4.513900385663171,4.513900385663171,4.3723805554587445,4.392320707821154,4.434149620256119,4.4488219373080655,4.4488219373080655,4.452122223190033,4.454470407612363,4.494568960552838,4.494555129993286,4.5325505310946514,4.695001258582826,4.695433919812168,4.829073412669869,4.850634466872792,4.852081503012839,4.861521104401795,4.884445284730721,4.954664413451317,4.954664413451317,4.954664413451317,4.957817185839803,4.974727982003384,4.975040374934084,,,4.491610366793415,4.653120519896619,4.491544634008204,#000000,0.13032779186854998,4.4663484855848345,0.1814771360434069,42.06987052402464,-3.723637813817973,False,True,False,True,False,0.0,0.0,0.0,0.0,0.0,0,0.9681008902077152,1.0066765578635015,False,False,False,False,0.08813132629034602,0.09893120006040629,False,False,False,False,122574.0,123700.49869551236,False,False,False,False,203.60821897696198,False,False,False,False
2025-08-05 15:00:00+00:00,4.49,4.49,4.49,4.49,0.0,,,,,,4.546593735605713,4.546593735605713,4.546593735605713,4.555696879008123,4.388866790967474,4.40040177077703,4.446159064195868,4.469836858568763,4.530786078303504,4.5289772240922614,4.5289772240922614,4.515429062442703,4.428786547494078,4.437282480827936,4.4465369877074234,4.491610366793415,4.653120519896619,4.663255548334426,4.729236045898054,4.729236045898054,4.847328663658444,4.958906997521003,4.969688864009095,,,4.531761737089201,4.559237288135593,4.5592697063369405,4.3878338065259435,4.385766192733016,4.421025968860097,4.420761977573903,4.447639879361924,4.494812174823291,4.496194195449457,4.530711240422852,4.521398597481741,4.521398597481741,4.52132139110698,4.513900385663171,4.513900385663171,4.3723805554587445,4.392320707821154,4.434149620256119,4.4488219373080655,4.4488219373080655,4.452122223190033,4.454470407612363,4.494568960552838,4.494555129993286,4.5325505310946514,4.695001258582826,4.695433919812168,4.829073412669869,4.850634466872792,4.852081503012839,4.861521104401795,4.884445284730721,4.954664413451317,4.954664413451317,4.954664413451317,4.957817185839803,4.974727982003384,4.975040374934084,,,4.491610366793415,4.653120519896619,4.491544634008204,#000000,0.12480644474003522,4.4663484855848345,0.18950555369500696,41.61931111170628,-4.449682483435694,False,True,False,True,False,0.0,0.0,0.0,0.0,0.0,0,0.9681008902077152,1.0066765578635015,False,False,False,False,0.08813132629034602,0.09353126317537616,False,False,False,False,122574.0,123683.03359945789,False,False,False,False,200.45150240367573,False,False,False,False
2025-08-05 16:00:00+00:00,4.49,4.51,4.475,4.49,49.0,,,,,,4.545381381381382,4.545381381381382,4.545381381381382,4.5543830262423235,4.389075077186018,4.400574094768344,4.446200849495616,4.469854423935893,4.530758319575984,4.528956088631986,4.528956088631986,4.515418212033673,4.428802093582182,4.437295704847638,4.446547793566716,4.491610379102583,4.653097395530369,4.663231157732274,4.729204816874522,4.729204816874522,4.847294814771654,4.958869446818101,4.969650694894838,,,4.530424324937599,4.557927054478301,4.558013525470865,4.388146883268721,4.385989294466657,4.421143787512622,4.420879835363025,4.447679597172108,4.494809780498036,4.496190763487105,4.5306889873682765,4.5213822863135436,4.5213822863135436,4.521305126483099,4.513890701299009,4.513890701299009,4.372414497281372,4.392347003449941,4.4341637020752165,4.44883215765312,4.44883215765312,4.4521315974926745,4.454479191264942,4.494568330720334,4.494554503439668,4.532543888734152,4.694973396272485,4.69540601694267,4.829039440987831,4.850601268948514,4.852048536313105,4.861488537958525,4.884412132518234,4.954627103722335,4.954627103722335,4.954627103722335,4.957779697143279,4.9746895299548,4.97500190570548,,,4.491610379102583,4.653097395530369,4.491234625829832,#000000,0.12148154495957246,4.465994760497045,0.19760400240994402,41.318938170160706,-5.053568951692625,False,True,False,True,False,0.0,0.0,0.0,0.0,0.0,0,0.9660014781965998,1.0036954915003693,False,False,False,False,0.09103661543816924,0.0922839393067727,False,False,False,False,122574.0,123665.83928008644,False,False,False,False,198.1034170950916,False,False,False,False
2025-08-05 17:00:00+00:00,4.49,4.49,4.465,4.49,49.0,,,,,,4.544005435581021,4.544005435581021,4.544005435581021,4.552920941047738,4.389262300719404,4.400726923076922,4.4462333845059385,4.469863921021689,4.530723509350776,4.528929315570757,4.528929315570757,4.515402807403199,4.428815160258674,4.437306491436095,4.446556200423726,4.491608205526263,4.653072845733737,4.663205352809334,4.729172281710683,4.729172281710683,4.847260020702688,4.958831098544987,4.969611733459346,,,4.528850461133069,4.5564764492753635,4.556620749565651,4.388428016359918,4.386190435329785,4.421244563001222,4.420980707576987,4.447710230233917,4.494799783717779,4.496179762254411,4.530661063514024,4.521360509962776,4.521360509962776,4.521283398031824,4.513876671553601,4.513876671553601,4.372445575190413,4.392370638988046,4.434175329313801,4.448839988254115,4.448839988254115,4.452138597339783,4.454485609893198,4.494565531512307,4.494551708469247,4.532535624105594,4.694944171515533,4.695376752551336,4.829004469400766,4.850567152433368,4.8520146610396795,4.86145509680681,4.884378141929681,4.954588994241255,4.954588994241255,4.954588994241255,4.95774141032206,4.974650288083094,4.974962646814264,,,4.491608205526263,4.653072845733737,4.490870102301062,#000000,0.11812468599509732,4.465572424853613,0.20679483666438236,41.118689542463656,-5.573141088841105,False,True,False,True,False,0.0,0.0,0.0,0.0,0.0,0,0.9871891484551619,1.0067822155237378,False,False,False,False,0.07362612914150078,0.08295503422413675,False,False,False,False,122574.0,123648.91153930989,False,False,False,False,195.79173620989638,False,False,False,False
2025-08-05 18:00:00+00:00,4.49,4.49,4.46,4.46,63.0,,,,,,4.5420061463693555,4.5420061463693555,4.5420061463693555,4.550831333333335,4.3894716551421356,4.400894371331004,4.4462613833984745,4.469864061543844,4.530668199211559,4.528886451453995,4.528886451453995,4.515376179925901,4.4288282443710445,4.4373167068400585,4.446563413689141,4.491602134425075,4.653039144354598,4.6631700543361,4.729128492159478,4.729128492159478,4.847213867938452,4.958780597394297,4.969560451824605,,,4.526505376344085,4.554412024756854,4.554635625075787,4.388742080710546,4.386416356453153,4.421348716557593,4.421085070911199,4.447736030474514,4.494775555038641,4.496154291626773,4.530616670151556,4.521324328051677,4.521324328051677,4.521247279732893,4.513852124183006,4.513852124183006,4.372481241186404,4.392397041251881,4.434186599884148,4.448846474475937,4.448846474475937,4.452144038334147,4.454490317722557,4.494558680749222,4.494544864590617,4.532522565968857,4.69490455383284,4.69533708529591,4.828958006354682,4.850521910681639,4.851969744476011,4.86141078917693,4.884333182353375,4.954538796838446,4.954538796838446,4.954538796838446,4.957690987349836,4.974598649631957,4.9749109867214925,,,4.491602134425075,4.653039144354598,4.490324243196534,#000000,0.11395542039691128,4.464932265793886,-0.04328241497163055,39.15086386875637,-7.680878015974393,False,True,False,True,False,0.0,0.0,0.0,0.0,0.0,0,1.0030511060259342,0.9832189168573606,False,False,False,False,0.07072899092323931,0.07684201257368803,False,False,False,False,122511.0,123631.26949994074,False,False,False,False,193.732949601991,False,False,False,False
2025-08-05 19:00:00+00:00,4.46,4.57,4.445,4.52,776.0,,,,,,4.534431038181039,4.534431038181039,4.534431038181039,4.541554232804234,4.393253696022122,4.404097147186307,4.447196898481808,4.470389097500974,4.530457378971147,4.528733540837035,4.528733540837035,4.515349575161587,4.429151141160299,4.437601761181544,4.446809215434419,4.4916713332296325,4.652719309242324,4.662829878039949,4.728676861672461,4.728676861672461,4.846709000002586,4.958212360374352,4.968982267357036,,,4.521619997171546,4.5446988775012205,4.545176359338063,4.394307719236828,4.390441462707581,4.423664331890617,4.423399798026365,4.4486347003840345,4.494976402445566,4.496337987690118,4.530447376298039,4.521241246789721,4.521241246789721,4.521164882298178,4.513837166913615,4.513837166913615,4.37310522160278,4.392894607157962,4.434485685244512,4.449082772259952,4.449082772259952,4.4523665431854935,4.454703231296597,4.494617246480387,4.49460345177307,4.532469061724472,4.694507901837925,4.694939763010529,4.8284530016381,4.85002645133777,4.851477608602476,4.8609238630226965,4.883835803978836,4.953974440450371,4.953974440450371,4.953974440450371,4.957123748651348,4.9740159107376565,4.974327970984175,,,4.4916713332296325,4.652719309242324,4.489002441430055,"rgba(38, 166, 154, 0.5)",0.11000409492787029,4.464637645783922,0.5032753939967289,42.87443302087801,-10.44990848279999,False,True,False,True,True,0.6540415022016113,0.0,0.0,0.0,0.0,0,0.9955056179775282,0.9610486891385766,False,False,False,False,0.10850232088328059,0.0926721667284843,False,False,False,False,123287.0,123625.93198831375,False,False,False,False,202.7603457321927,False,False,False,False
2025-08-06 14:00:00+00:00,4.52,4.52,4.52,4.52,0.0,,,,,,4.534431038181039,4.534431038181039,4.534431038181039,4.541554232804234,4.393253696022122,4.404097147186307,4.447196898481808,4.470389097500974,4.530457378971147,4.528733540837035,4.528733540837035,4.515349575161587,4.429151141160299,4.437601761181544,4.446809215434419,4.4916713332296325,4.652719309242324,4.662829878039949,4.728676861672461,4.728676861672461,4.846709000002586,4.958212360374352,4.968982267357036,,,4.521619997171546,4.5446988775012205,4.545176359338063,4.394307719236828,4.390441462707581,4.423664331890617,4.423399798026365,4.4486347003840345,4.494976402445566,4.496337987690118,4.530447376298039,4.521241246789721,4.521241246789721,4.521164882298178,4.513837166913615,4.513837166913615,4.37310522160278,4.392894607157962,4.434485685244512,4.449082772259952,4.449082772259952,4.4523665431854935,4.454703231296597,4.494617246480387,4.49460345177307,4.532469061724472,4.694507901837925,4.694939763010529,4.8284530016381,4.85002645133777,4.851477608602476,4.8609238630226965,4.883835803978836,4.953974440450371,4.953974440450371,4.953974440450371,4.957123748651348,4.9740159107376565,4.974327970984175,,,4.4916713332296325,4.652719309242324,4.489002441430055,"rgba(38, 166, 154, 0.5)",0.10627505533937133,4.464637645783922,0.5209346072724895,45.35681245562577,-8.182686699961486,False,True,False,True,True,0.6540415022016113,0.0,0.0,0.0,0.0,0,1.0090157776108188,0.9684447783621336,False,False,False,False,0.12310716856186538,0.10788966764517484,False,False,False,False,123287.0,123620.677228805,False,False,False,False,199.61677448053078,False,False,False,False
2025-08-06 15:00:00+00:00,4.52,4.66,4.52,4.62,300.0,,,,,,4.540202953834117,4.540202953834117,4.540202953834117,4.54645740119314,4.395698276315097,4.406262696979745,4.448037199298545,4.471015398492368,4.530754391959227,4.528977359121736,4.528977359121736,4.5155836359502795,4.429408210076855,4.43784211140821,4.447032490898728,4.491815575923009,4.652673240024652,4.662775386305478,4.728573630309455,4.728573630309455,4.846565577879061,4.958036447309481,4.968802233267305,,,4.53046982812696,4.549164647824137,4.549476252723314,4.397846206777912,4.393013048635823,4.425394979335012,4.425127389919673,4.449452832228312,4.4954569789966605,4.496810395463063,4.530686767169182,4.521502311106201,4.521502311106201,4.5214261333510075,4.514064541477546,4.514064541477546,4.373497784442073,4.3932280887257225,4.434732319068057,4.449301915285988,4.449301915285988,4.452579589749017,4.454912102059364,4.494756529886366,4.4947426920671845,4.532535971737824,4.694428877888699,4.6948604310227875,4.828312517764803,4.849885199573909,4.851337089534174,4.86078350012642,4.883689428202581,4.953800142359196,4.953800142359196,4.953800142359196,4.956948250679121,4.97383398458612,4.974145929346951,,,4.491815575923009,4.652673240024652,4.491364761069897,"rgba(38, 166, 154, 1.0)",0.1020313059182647,4.469004704439527,1.4798918253720321,52.47131406914511,-1.7757561787925198,False,False,True,False,True,4.56426939854239,0.0,0.0,0.0,0.0,0,1.0089285714285712,0.9561011904761902,False,False,False,False,0.20605527267521415,0.1569724701601945,False,False,False,False,123587.0,123620.15510122663,False,False,False,False,201.17310355835198,False,False,False,False
2025-08-06 16:00:00+00:00,4.62,4.62,4.57,4.595,178.0,,,,,,4.542922941067114,4.542922941067114,4.542922941067114,4.54875910140295,4.397086757990867,4.407492526021646,4.448515162034926,4.471369856413224,4.53091678500426,4.529111108582009,4.529111108582009,4.515713711705744,4.429555912453627,4.437979996385385,4.447160340112942,4.4918970314096125,4.652643352557952,4.662740527561296,4.728510079073384,4.728510079073384,4.846478835497115,4.957930697406244,4.968694048981737,,,4.534521457965902,4.5512603818820105,4.551500541260722,4.3998382244423,4.394473096446699,4.426376917655987,4.426107688982546,4.449918106389861,4.495726509377996,4.4970751777562326,4.530817838332954,4.521646578373749,4.521646578373749,4.5215705135272195,4.514191067549606,4.514191067549606,4.373724936097972,4.393420674924483,4.434873891265441,4.449427335464435,4.449427335464435,4.452701429507482,4.4550314873420245,4.494835079532784,4.494821217988209,4.532572671380124,4.694379573397211,4.694810945619886,4.828227421996552,4.849799790161042,4.851252131946053,4.8606986941051025,4.883601120457811,4.953695346236,4.953695346236,4.953695346236,4.956842745934821,4.97372468276121,4.9740365593245,,,4.4918970314096125,4.652643352557952,4.492544433600046,"rgba(38, 166, 154, 1.0)",0.10068539888955463,4.471001376072174,1.2315452418661477,55.32762590105769,0.5119617807420695,True,False,True,False,True,3.510881101491261,0.0,0.0,0.0,0.0,0,1.0066568047337279,0.9622781065088759,False,False,False,False,0.21207511452599082,0.18452379234309266,False,False,False,False,123409.0,123616.88137872698,False,False,False,False,200.81383063496668,False,False,False,False
2025-08-06 17:00:00+00:00,4.595,4.595,4.56,4.56,98.0,,,,,,4.543687567861022,4.543687567861022,4.543687567861022,4.549341900311528,4.397753820960698,4.4080793969238234,4.448735279991736,4.47152747487706,4.530973415770914,4.529158519394299,4.529158519394299,4.515764122553797,4.429625666351126,4.438044541773001,4.447219540241041,4.491931686031478,4.652620255485596,4.662714745561801,4.728469005557283,4.728469005557283,4.846426675240096,4.957868760366102,4.968630796200265,,,4.535762586657574,4.551761463292408,4.551982443306512,4.400788785398438,4.395175477625422,4.42683855872213,4.426568690818601,4.450132006692964,4.495839548177064,4.497185757218206,4.530863621461304,4.521700576111742,4.521700576111742,4.521624579680777,4.514240493740493,4.514240493740493,4.373836631715522,4.3935142935237,4.434940386434134,4.449485241633114,4.449485241633114,4.452757436008295,4.45508618668198,4.494868211460105,4.494854341317806,4.5325853131393075,4.6943460805775015,4.694777357513809,4.828175913482417,4.849748487512059,4.851201124667861,4.860647927931806,4.883548595683075,4.953633924113493,4.953633924113493,4.953633924113493,4.9567809412783115,4.973660826380745,4.973972666147085,,,4.491931686031478,4.652620255485596,4.492948628099292,"rgba(38, 166, 154, 0.5)",0.09841477769353388,4.471662362152895,0.897605419809926,54.83305769325142,0.5119617807420695,True,False,True,False,True,2.053527642305127,0.0,0.0,0.0,0.0,0,1.0051736881005173,0.9689578713968956,False,False,False,False,0.19106887994511657,0.18779633614410463,False,False,False,False,123311.0,123612.13903176996,False,False,False,False,199.21981775690517,False,False,False,False
2025-08-06 18:00:00+00:00,4.64,4.66,4.56,4.575,261.0,,,,,,4.547302915082384,4.547302915082384,4.547302915082384,4.552450765864334,4.399774402717202,4.40987359685889,4.449444030979613,4.472055992931021,4.531221807786678,4.529363162368944,4.529363162368944,4.515961770685254,4.4298459201605995,4.438250385014689,4.447410657608461,4.492054651777202,4.652579047934797,4.662666242353207,4.728378306327275,4.728378306327275,4.84630132827447,4.957715285637343,4.968473745418229,,,4.540875600083489,4.554620178739417,4.55475584594223,4.403657005637145,4.397297803927845,4.428277606310013,4.428005383925137,4.450822225394507,4.496244263568237,4.497583538003325,4.531064417306166,4.521920267568815,4.521920267568815,4.521844433463277,4.514432649571153,4.514432649571153,4.374173508420915,4.393800394971342,4.435151644250698,4.4496727946264505,4.4496727946264505,4.4529397324070255,4.4552648810377296,4.494986902192786,4.494972995810252,4.532641887637185,4.694276339408705,4.694707349836874,4.828053084298913,4.849625040760534,4.851078320094331,4.860525279432861,4.883420747862372,4.9534818507014995,4.9534818507014995,4.9534818507014995,4.956627826731177,4.973502133764896,4.973813873322324,,,4.492054651777202,4.652579047934797,4.4945737801824475,"rgba(38, 166, 154, 1.0)",0.09657714089857607,4.474260888210512,1.0430947825974946,55.33084542318582,0.5119617807420695,True,False,True,False,True,2.6409158791519722,0.0,0.0,0.0,0.0,0,1.0007423904974015,0.9784706755753524,False,False,False,False,0.23022773803936886,0.20901203709173674,False,False,False,False,123572.0,123611.51672119986,False,False,False,False,200.17765003974384,False,False,False,False
2025-08-06 19:00:00+00:00,4.575,4.575,4.52,4.545,565.0,,,,,,4.547223207686623,4.547223207686623,4.547223207686623,4.551752173293432,4.402909332426782,4.412610330134672,4.45043101847693,4.4727231506979415,4.531344121439783,4.529473270263169,4.529473270263169,4.516120057785888,4.430175143694645,4.438550944371391,4.447681660175066,4.492190936381532,4.652405298575997,4.66247737077349,4.728104563225951,4.728104563225951,4.845973969512393,4.957335800137153,4.968086833042191,,,4.5417460317460305,4.55368728807695,4.553828225424533,4.408014939863006,4.400601001996162,4.430389760754471,4.430115731268427,4.45177887503092,4.496671616938931,4.497997868483436,4.531164291217259,4.522072894720564,4.522072894720564,4.521997489905052,4.514591311948611,4.514591311948611,4.374732020225753,4.394261243379186,4.435462892522521,4.4499366402988905,4.4499366402988905,4.4531931199589145,4.455511040352859,4.495114921110938,4.4951009930582355,4.532667963205496,4.694044599556143,4.694475088210347,4.827727937096164,4.849303365437324,4.850758626522333,4.860207926568468,4.88309429523926,4.953105268101784,4.953105268101784,4.953105268101784,4.956249087740933,4.973111816770308,4.973423349002542,,,4.492190936381532,4.652405298575997,4.495381008008082,"rgba(38, 166, 154, 0.5)",0.09476015241907221,4.475479572269828,0.7336462210689704,53.63585259902286,0.5119617807420695,True,False,True,False,False,1.3856473693685523,0.0,0.0,0.0,0.0,0,0.99250936329588,0.9910112359550561,False,False,False,False,0.15543177028170818,0.18222190368672248,False,False,False,False,123007.0,123602.1443689332,False,False,False,False,205.83381050424393,False,False,False,False
2025-08-07 14:00:00+00:00,4.545,4.665,4.54,4.6,110.0,,,,,4.601666666666667,4.548519480519481,4.548519480519481,4.548519480519481,4.552898913951547,4.403731755943424,4.41334385618379,4.450729340386746,4.472947237318842,4.531452379619521,4.529562598425198,4.529562598425198,4.516205830522894,4.430269185199219,4.43863893602205,4.447763470566645,4.4922440994127015,4.652389098360883,4.662458100102645,4.728067490495132,4.728067490495132,4.845922015363003,4.9572718834357445,4.968021407879463,,,4.543449642457137,4.554758473716258,4.554872940242209,4.40915706038997,4.401462969458408,4.430982619549598,4.430707675899494,4.452069580600423,4.49684458289029,4.49816796436065,4.531252046227776,4.522168354830621,4.522168354830621,4.5220930164958935,4.514674676809172,4.514674676809172,4.374874985920763,4.394382905654744,4.435553158223892,4.450016954345174,4.450016954345174,4.453271226185751,4.455587634170395,4.495166283951377,4.4951523401111455,4.532692930170129,4.694016372495088,4.694446748502353,4.827677091938133,4.849252184968424,4.850707706593426,4.860157040724249,4.883041190130247,4.95304194261571,4.95304194261571,4.95304194261571,4.956185322994718,4.973045698942135,4.973357188889522,,4.601666666666667,4.4922440994127015,4.652389098360883,4.499180642157313,"rgba(38, 166, 154, 1.0)",0.09286903497752642,4.482861087458312,1.261334443391535,55.526019760733234,0.5731811765604107,True,False,True,False,False,3.5467883434236995,-1.0,4.665,4.54,835.0,0,0.9933823529411765,0.9632352941176471,False,False,False,False,0.22113350024706302,0.20167770196689275,False,False,False,False,123117.0,123594.62275081019,False,False,False,False,204.34801499255022,False,False,False,False
2025-08-07 15:00:00+00:00,4.6,4.635,4.59,4.635,247.0,,,,,4.614351073762839,4.552147113211425,4.552147113211425,4.552147113211425,4.556190665342603,4.405722671536655,4.415128738606428,4.451475784950849,4.4735188507519865,4.531757413890089,4.529813173746733,4.529813173746733,4.516438986755429,4.430502522737835,4.438858351986914,4.44796870100487,4.4923832560135954,4.652365893770801,4.662427909436008,4.727996387022752,4.727996387022752,4.845814185444191,4.957135840069681,4.967881931204873,,,4.548043407839325,4.5578730189408585,4.557917297501894,4.411912812643313,4.40354660439023,4.432440412997773,4.43216304550831,4.452797751756993,4.49729846811897,4.498615177319721,4.531499400066953,4.522431114349094,4.522431114349094,4.5223559126108395,4.51490061633505,4.51490061633505,4.375221251253427,4.394679689621935,4.435777819419722,4.450218751001316,4.450218751001316,4.453467941736567,4.455780878238194,4.495301259406151,4.495287271576364,4.5327638105067285,4.693965623013472,4.694395737916829,4.827572259178646,4.849145842801577,4.850601855549719,4.860050950633362,4.882929782836585,4.952907246030348,4.952907246030348,4.952907246030348,4.956049625722169,4.972904644901999,4.973216038481405,,4.614351073762839,4.4923832560135954,4.652365893770801,4.501327300470069,"rgba(0, 255, 255, 0.75)",0.09303186512119027,4.485968500525841,1.6019403596823438,58.35059200637437,3.3357739193546934,True,False,True,False,True,4.883446763191262,0.0,0.0,0.0,0.0,0,1.0080941869021336,0.9676232523914642,False,False,False,False,0.23326741510627377,0.21747255853658326,False,False,False,False,123364.0,123591.047204286,False,False,False,False,205.00928607793705,False,False,False,False
2025-08-07 16:00:00+00:00,4.635,4.635,4.58,4.605,40.0,,,,,4.613576826196474,4.552591535901094,4.552591535901094,4.552591535901094,4.556588505747127,4.406021795492041,4.415396268361383,4.451586532743409,4.473602613906235,4.531799180384995,4.529847642219906,4.529847642219906,4.516471797715695,4.430537601221294,4.4388912231902244,4.4479993183203055,4.492403411462469,4.6523605922978355,4.662421489102014,4.727983460559787,4.727983460559787,4.845795702290485,4.957112948175731,4.967858489101758,,,4.5486076355469995,4.558247346886588,4.558283558727775,4.4123241630584005,4.403859747167192,4.4326577475623195,4.432380049327446,4.452905724260131,4.497363704145542,4.498679370454535,4.5315333122793575,4.52246773690999,4.52246773690999,4.522392558705597,4.514932484249701,4.514932484249701,4.375274185125467,4.394724838623228,4.435811520819881,4.450248822681406,4.450248822681406,4.453497207735561,4.455809592682107,4.495320756065788,4.495306762154337,4.532773525522836,4.693955930694827,4.69438600432891,4.827554202300305,4.849127629155858,4.850583732208501,4.860032825085486,4.882910835593754,4.952884569833675,4.952884569833675,4.952884569833675,4.956026789264473,4.972880950108831,4.973192328258803,,4.613576826196474,4.492403411462469,4.6523605922978355,4.501512777928441,"rgba(38, 166, 154, 1.0)",0.08958724169140023,4.486252968839581,1.3254904260750109,58.09851304579432,3.3357739193546934,True,False,True,False,True,3.5974663163662512,0.0,0.0,0.0,0.0,0,1.0029282576866763,0.9699853587115665,False,False,False,False,0.227192236075714,0.22233239730614862,False,False,False,False,123324.0,123586.90693755289,False,False,False,False,202.45100257285276,False,False,False,False
2025-08-07 17:00:00+00:00,4.605,4.605,4.51,4.51,53.0,,,,,4.605107407407408,4.552474798387097,4.552474798387097,4.552474798387097,4.5564342823712956,4.406288812954983,4.415629523776327,4.451671627603011,4.473659301862679,4.531806464792785,4.529854661586733,4.529854661586733,4.516483931546267,4.430566913681012,4.4389178914488845,4.4480232563746505,4.492414920706291,4.652343580092607,4.662403069540488,4.727957162779829,4.727957162779829,4.845764560793406,4.957076996008885,4.967821844152505,,,4.548520234418309,4.558080501234099,4.558119769388136,4.412685131553542,4.404140672077129,4.432837624666605,4.432559824948012,4.452988175359885,4.497398690765326,4.498713182551225,4.531539366203006,4.522478790314697,4.522478790314697,4.522403652620909,4.514944779987735,4.514944779987735,4.375324593543569,4.394766293701829,4.435839174224504,4.450272099529355,4.450272099529355,4.453519519419153,4.455831236533313,4.495331504283829,4.49531750891527,4.532775074260023,4.6939335311127905,4.694363556440554,4.8275232423662855,4.849097031716978,4.850553324839697,4.860002652461398,4.882879828235435,4.952848888386828,4.952848888386828,4.952848888386828,4.955990906719262,4.97284398760928,4.973155346425524,,4.605107407407408,4.492414920706291,4.652343580092607,4.501210875715916,#000000,0.08571070134075358,4.485880415636941,0.2814069186899853,52.884495641483085,8.002974032491828,True,False,True,False,False,0.0,0.0,0.0,0.0,0.0,0,0.9992732558139533,0.974563953488372,False,False,False,False,0.1672630114927582,0.19479770439945343,False,False,False,False,123271.0,123582.00915557533,False,False,False,False,200.1339327655217,False,False,False,False
2025-08-07 18:00:00+00:00,4.51,4.56,4.51,4.515,6.0,,,,,4.604097222222223,4.552445630285944,4.552445630285944,4.552445630285944,4.556401441371251,4.406316004455996,4.415653088011521,4.451679825108569,4.4736644563862455,4.531806174558959,4.529854559307981,4.529854559307981,4.5164845775483995,4.430569832967552,4.438920517967299,4.448025579825453,4.49241587066497,4.652341422535894,4.662400754420843,4.727953973094001,4.727953973094001,4.845760881185046,4.957072795721227,4.967817566281431,,,4.548491498616052,4.55804665275934,4.558086568827792,4.412721657805617,4.404169326411585,4.432855460440987,4.432577657098526,4.4529960978117415,4.497401456120224,4.498715819829445,4.53153914938383,4.522479171871436,4.522479171871436,4.522404038978056,4.5149454770540824,4.5149454770540824,4.375329840966812,4.394770559429395,4.435841909578125,4.450274349575728,4.450274349575728,4.453521662600404,4.4558333055881905,4.495332370700974,4.49531837532074,4.532774986692597,4.693930773713705,4.694360793721216,4.827519574429827,4.8490934180278105,4.850549734298086,4.859999094000439,4.882876181169302,4.952844718395373,4.952844718395373,4.952844718395373,4.955986714224021,4.972839674191386,4.973151030844767,,4.604097222222223,4.49241587066497,4.652341422535894,4.501168956417463,#000000,0.08073468950884542,4.4858271451776135,0.3613422557250308,49.70242022155172,5.087569098650761,False,False,False,False,False,0.0,0.0,0.0,0.0,0.0,0,0.9992753623188405,0.9789855072463766,False,False,False,False,0.14070279367516247,0.16775024903730795,False,False,False,False,123277.0,123577.28033145788,False,False,False,False,197.1241043505524,False,False,False,False
2025-08-07 19:00:00+00:00,4.515,4.515,4.43,4.44,370.0,,,,,4.540296610169492,4.546150987006497,4.546150987006497,4.546150987006497,4.55003300629845,4.407066178266177,4.416238804600863,4.4517452476644115,4.473595107167407,4.531446584453373,4.52957303011367,4.52957303011367,4.516300901357772,4.430626988030012,4.438961646223267,4.44804987325119,4.492365802208894,4.652137068781556,4.662187227778837,4.727691847910421,4.727691847910421,4.845486515462752,4.956773685759313,4.96751393252938,,,4.5414849145765155,4.5517272136570375,4.551885393128224,4.413656735684411,4.404975924170614,4.433183515412629,4.4329078590785915,4.4530519570970934,4.497205544607269,4.498513508859962,4.5312489617241,4.522235745530997,4.522235745530997,4.52216097386865,4.514774965689835,4.514774965689835,4.375512045386706,4.394902048802948,4.435888920048284,4.450294563346108,4.450294563346108,4.453536025838391,4.455843553306081,4.495277954945906,4.495264005938608,4.532688642608972,4.693692527699988,4.694122265318362,4.827243196320554,4.8488244479010945,4.850282692857334,4.859735724305541,4.882609161233954,4.952547368363649,4.952547368363649,4.952547368363649,4.955688057265129,4.972533972427679,4.972845203678241,,4.540296610169492,4.492365802208894,4.652137068781556,4.4968933431570175,"rgba(239, 83, 80, 0.5)",0.07634086669620371,4.480063326857243,-0.5247952845056557,44.612888701405254,0.4622538865327712,False,True,False,True,False,0.0,0.0,0.0,0.0,0.0,0,0.9877609791216702,0.9870410367170627,False,False,False,False,0.0678330375624082,0.11779164329985808,False,False,False,False,122907.0,123566.8883883345,False,False,False,False,199.80435079472986,False,False,False,False
2025-08-08 14:00:00+00:00,4.44,4.44,4.29,4.29,1.0,,,,,4.5400544135429275,4.546112360252327,4.546112360252327,4.546112360252327,4.549994853163791,4.407063721719593,4.41623618182652,4.451743269242123,4.47359302016778,4.531443931773149,4.529570914744599,4.529570914744599,4.516299304819776,4.430626537843791,4.4389611626130305,4.448049353183067,4.492365131685108,4.652136164649667,4.66218630151163,4.727690816474927,4.727690816474927,4.8454855395767265,4.9567726793076865,4.96751291513115,,,4.541440979793573,4.551689699976375,4.5518485691113435,4.4136529326724485,4.404973460721866,4.433180647874611,4.432905008794536,4.453049988682469,4.4972032152911545,4.498511169487941,4.5312468150542715,4.5222337740081215,4.5222337740081215,4.522159003644937,4.514773453965672,4.514773453965672,4.375511842835741,4.394901757144655,4.4358884482863274,4.450294034431499,4.450294034431499,4.45353548472168,4.455843003288735,4.495277276612602,4.495263327962415,4.532688010247889,4.693691547157317,4.694121284237093,4.827242201510185,4.848823493172623,4.850281745818174,4.859734795552589,4.882608231561062,4.952546366136228,4.952546366136228,4.952546366136228,4.9556870519025615,4.97253295004976,4.972844181000587,,4.5400544135429275,4.492365131685108,4.652136164649667,4.496871133486355,"rgba(255, 26, 202, 1.0)",0.07973424326817898,4.480032699095968,-2.3833260504750795,37.591199715399874,-5.794142371138946,False,True,False,True,False,0.0,0.0,0.0,0.0,0.0,0,0.9667374380750178,0.9978768577494694,False,False,False,False,-0.056260204596666814,0.030765719351595635,False,False,False,False,122906.0,123556.64205673241,False,False,False,False,196.72211279791233,False,False,False,False
2025-08-08 15:00:00+00:00,4.29,4.375,4.29,4.375,0.0,,,,,4.5400544135429275,4.546112360252327,4.546112360252327,4.546112360252327,4.549994853163791,4.407063721719593,4.41623618182652,4.451743269242123,4.47359302016778,4.531443931773149,4.529570914744599,4.529570914744599,4.516299304819776,4.430626537843791,4.4389611626130305,4.448049353183067,4.492365131685108,4.652136164649667,4.66218630151163,4.727690816474927,4.727690816474927,4.8454855395767265,4.9567726793076865,4.96751291513115,,,4.541440979793573,4.551689699976375,4.5518485691113435,4.4136529326724485,4.404973460721866,4.433180647874611,4.432905008794536,4.453049988682469,4.4972032152911545,4.498511169487941,4.5312468150542715,4.5222337740081215,4.5222337740081215,4.522159003644937,4.514773453965672,4.514773453965672,4.375511842835741,4.394901757144655,4.4358884482863274,4.450294034431499,4.450294034431499,4.45353548472168,4.455843003288735,4.495277276612602,4.495263327962415,4.532688010247889,4.693691547157317,4.694121284237093,4.827242201510185,4.848823493172623,4.850281745818174,4.859734795552589,4.882608231561062,4.952546366136228,4.952546366136228,4.952546366136228,4.9556870519025615,4.97253295004976,4.972844181000587,,4.5400544135429275,4.492365131685108,4.652136164649667,4.496871133486355,"rgba(239, 83, 80, 1.0)",0.07973424326817898,4.480032699095968,-1.3172847046745044,37.18465338599444,-5.9348330380087475,False,True,False,True,False,0.0,0.0,0.0,0.0,0.0,0,0.966901408450704,1.0098591549295772,False,False,False,False,-0.09394355429835029,-0.031588917473377325,False,False,False,False,122906.0,123546.55458298462,False,False,False,False,193.6721575607354,False,False,False,False
2025-08-08 16:00:00+00:00,4.375,4.375,4.375,4.375,0.0,,,,,4.5400544135429275,4.546112360252327,4.546112360252327,4.546112360252327,4.549994853163791,4.407063721719593,4.41623618182652,4.451743269242123,4.47359302016778,4.531443931773149,4.529570914744599,4.529570914744599,4.516299304819776,4.430626537843791,4.4389611626130305,4.448049353183067,4.492365131685108,4.652136164649667,4.66218630151163,4.727690816474927,4.727690816474927,4.8454855395767265,4.9567726793076865,4.96751291513115,,,4.541440979793573,4.551689699976375,4.5518485691113435,4.4136529326724485,4.404973460721866,4.433180647874611,4.432905008794536,4.453049988682469,4.4972032152911545,4.498511169487941,4.5312468150542715,4.5222337740081215,4.5222337740081215,4.522159003644937,4.514773453965672,4.514773453965672,4.375511842835741,4.394901757144655,4.4358884482863274,4.450294034431499,4.450294034431499,4.45353548472168,4.455843003288735,4.495277276612602,4.495263327962415,4.532688010247889,4.693691547157317,4.694121284237093,4.827242201510185,4.848823493172623,4.850281745818174,4.859734795552589,4.882608231561062,4.952546366136228,4.952546366136228,4.952546366136228,4.9556870519025615,4.97253295004976,4.972844181000587,,4.5400544135429275,4.492365131685108,4.652136164649667,4.496871133486355,"rgba(239, 83, 80, 1.0)",0.08016407723711955,4.480032699095968,-1.3102215196126952,36.91362249972415,-6.283833754669068,False,True,False,True,False,0.0,0.0,0.0,0.0,0.0,0,0.98300283286119,1.0070821529745044,False,False,False,False,-0.0447022912598539,-0.03814560436661561,False,False,False,False,122906.0,123536.62350417866,False,False,False,False,190.66948845126663,False,False,False,False
2025-08-08 17:00:00+00:00,4.375,4.375,4.34,4.34,100.0,,,,,4.519732110751529,4.542536018637729,4.542536018637729,4.542536018637729,4.546456437704431,4.406861550065082,4.4160148107515065,4.451566399208233,4.47340284601667,4.531195177410948,4.529372619830505,4.529372619830505,4.516150352402581,4.430587334293234,4.438918523981878,4.448002984366157,4.492303241046216,4.6520491562757496,4.662097054805402,4.72759080366831,4.72759080366831,4.84539022191682,4.956673954186522,4.967413083194062,,,4.537391165172854,4.548207404828227,4.548428994419771,4.413334531881377,4.404772120662737,4.4329305743035965,4.432656543104152,4.452873770995201,4.496987892686295,4.498294772985161,4.531045471703051,4.522049444888726,4.522049444888726,4.521974801113548,4.51463249591662,4.51463249591662,4.375498249954396,4.3948788013939275,4.435847032558509,4.45024676061289,4.45024676061289,4.453486956811708,4.455793564542818,4.495214567568081,4.495200652376653,4.532628622576241,4.693596753794451,4.694026434861916,4.827145122494733,4.848730227069784,4.85018922447839,4.859644021444595,4.8825172789087725,4.952448068498221,4.952448068498221,4.952448068498221,4.9555884369734775,4.972432614348352,4.972743814952695,,4.519732110751529,4.492303241046216,4.6520491562757496,4.494904190400099,"rgba(255, 0, 0, 1.0)",0.08172173175747695,4.477316684633973,-1.6802958243895676,35.758338635868036,-7.645591673413463,False,True,False,True,False,0.0,0.0,0.0,0.0,0.0,0,0.9885877318116976,1.005706134094151,False,False,False,False,-0.06493833555782272,-0.051541969962219165,False,False,False,False,122806.0,123525.29600798983,False,False,False,False,189.2637599481462,False,False,False,False
2025-08-08 18:00:00+00:00,4.34,4.38,4.34,4.38,111.0,,,,,4.503363840719333,4.539017363614516,4.539017363614516,4.539017363614516,4.54296506881269,4.40669937966463,4.415827726356772,4.451400172860851,4.473218371117756,4.530942867932174,4.529171564916656,4.529171564916656,4.516000379616407,4.430552126081154,4.438879372068881,4.447959573083558,4.492241926619624,4.651957455841971,4.662002834882451,4.727484278903542,4.727484278903542,4.8452876755154515,4.956567123032935,4.96730500620752,,,4.533440692099227,4.544765727298605,4.545046661078515,4.413069955905136,4.404613031431399,4.432705689913475,4.432433271354691,4.452707769527912,4.496774222931222,4.4980798146240994,4.530841153240317,4.521863277385001,4.521863277385001,4.521788769226342,4.514490692775245,4.514490692775245,4.3754926652804285,4.394862184181296,4.435809291878824,4.450202316107842,4.450202316107842,4.453441072423333,4.455746639851887,4.495152291501182,4.495138410216589,4.532568208252981,4.693496207860229,4.693925823683914,4.827040809176672,4.848629865538311,4.850089654873884,4.85954627434799,4.882419209625942,4.952341719046713,4.952341719046713,4.952341719046713,4.95548172996091,4.972323969946683,4.972635136335811,,4.503363840719333,4.492241926619624,4.651957455841971,4.493120687692627,"rgba(239, 83, 80, 1.0)",0.08401238647414214,4.474849411745671,-1.128993184533148,37.06619478077187,-7.645591673413463,False,True,False,True,False,0.0,0.0,0.0,0.0,0.0,0,0.9829787234042552,0.9985815602836879,False,False,False,False,-0.06204460416862547,-0.05679328706542232,False,False,False,False,122917.0,123515.86506212952,False,False,False,False,188.05036832104315,False,False,False,False
2025-08-08 19:00:00+00:00,4.38,4.49,4.38,4.41,122.0,,,,,4.4952974137931045,4.536599941211052,4.536599941211052,4.536599941211052,4.540534715085076,4.406787532267012,4.4158727027425355,4.451347062102149,4.473130109097693,4.530767405936223,4.529032536594405,4.529032536594405,4.515901980257615,4.430549775262883,4.438872102743248,4.447947089616553,4.492206771339138,4.651877918512656,4.661920371545827,4.727386727413033,4.727386727413033,4.845189140347155,4.9564616879202035,4.967198125365954,,,4.5307925052517435,4.542355139144498,4.542674004709491,4.41315415461144,4.404713766895052,4.432683247535209,4.432411906424935,4.452652771526509,4.4966481134718315,4.497951864144589,4.530699029343355,4.521738082148466,4.521738082148466,4.521663702985236,4.514398283108803,4.514398283108803,4.375528207434565,4.394882760437107,4.4358038132193816,4.450188568583236,4.450188568583236,4.453425528945061,4.455729821933372,4.495115844544098,4.495101986535512,4.532525854024196,4.693406043769355,4.693835574414209,4.826941148186081,4.848533332708282,4.849993842181801,4.859451958159731,4.8823239992534155,4.952236845189335,4.952236845189335,4.952236845189335,4.955376439375028,4.972216429033759,4.972527555473008,,4.4952974137931045,4.492206771339138,4.651877918512656,4.492072580208054,"rgba(239, 83, 80, 0.5)",0.08535949415995128,4.473404951105721,-0.742799049241189,39.410810425508316,-7.645591673413463,False,True,False,True,True,0.0,0.0,0.0,0.0,0.0,0,0.9950808151791986,0.9831342234715389,False,False,False,False,0.024502657132332885,-0.016145314966544717,False,False,False,False,123039.0,123508.47180535232,False,False,False,False,187.02633160288744,False,False,False,False
2025-08-11 14:00:00+00:00,4.41,4.41,4.41,4.41,0.0,,,,,4.4952974137931045,4.536599941211052,4.536599941211052,4.536599941211052,4.540534715085076,4.406787532267012,4.4158727027425355,4.451347062102149,4.473130109097693,4.530767405936223,4.529032536594405,4.529032536594405,4.515901980257615,4.430549775262883,4.438872102743248,4.447947089616553,4.492206771339138,4.651877918512656,4.661920371545827,4.727386727413033,4.727386727413033,4.845189140347155,4.9564616879202035,4.967198125365954,,,4.5307925052517435,4.542355139144498,4.542674004709491,4.41315415461144,4.404713766895052,4.432683247535209,4.432411906424935,4.452652771526509,4.4966481134718315,4.497951864144589,4.530699029343355,4.521738082148466,4.521738082148466,4.521663702985236,4.514398283108803,4.514398283108803,4.375528207434565,4.394882760437107,4.4358038132193816,4.450188568583236,4.450188568583236,4.453425528945061,4.455729821933372,4.495115844544098,4.495101986535512,4.532525854024196,4.693406043769355,4.693835574414209,4.826941148186081,4.848533332708282,4.849993842181801,4.859451958159731,4.8823239992534155,4.952236845189335,4.952236845189335,4.952236845189335,4.955376439375028,4.972216429033759,4.972527555473008,,4.4952974137931045,4.492206771339138,4.651877918512656,4.492072580208054,"rgba(239, 83, 80, 0.5)",0.08668847611932835,4.473404951105721,-0.7314115317754866,40.97388752199927,-7.645591673413463,False,True,False,True,True,0.0,0.0,0.0,0.0,0.0,0,0.9992947813822286,0.9915373765867418,False,False,False,False,-0.0043232279255207935,-0.010234271446032756,False,False,False,False,123039.0,123501.19317271121,False,False,False,False,184.12669855478066,False,False,False,False
2025-08-11 15:00:00+00:00,4.41,4.41,4.34,4.34,14.0,,,,,4.493723736513346,4.5361731761670185,4.5361731761670185,4.5361731761670185,4.540110788334473,4.406765528549381,4.415847696753355,4.45132537964772,4.4731062253988005,4.530735081864732,4.529006750848488,4.529006750848488,4.515882698106054,4.43054510877381,4.438866943444339,4.4479413974154465,4.492198843488693,4.651866229142602,4.661908365668037,4.727373180268076,4.727373180268076,4.8451761253578844,4.956448145448145,4.967184426295922,,,4.530317251165618,4.541936794080009,4.54226247063323,4.413118775889761,4.4046920879641736,4.432653685716897,4.432382549656478,4.4526311295719445,4.496620600360669,4.4979241917011725,4.530672831085968,4.521714179986564,4.521714179986564,4.521639817967616,4.514380044843049,4.514380044843049,4.375527235571039,4.394880418336976,4.435798830081927,4.450182747103161,4.450182747103161,4.453419527514097,4.45572369034358,4.495107797037983,4.495093943383999,4.532518089337611,4.693393245221902,4.693822767724509,4.826927905815846,4.848520595388333,4.8499812055409075,4.8594395541530595,4.882311557760268,4.952223363252683,4.952223363252683,4.952223363252683,4.955362912504431,4.972202658649905,4.972513780789752,,4.493723736513346,4.492198843488693,4.651866229142602,4.491871527802356,"rgba(239, 83, 80, 1.0)",0.08987413621481867,4.4731266142757375,-1.4812561197532539,39.401688105244276,-7.645591673413463,False,True,False,True,True,0.0,0.0,0.0,0.0,0.0,0,0.9866946778711484,0.9936974789915967,False,False,False,False,-0.0447022912598539,-0.027468281352943328,False,False,False,False,123025.0,123493.8103328242,False,False,False,False,181.4890753213732,False,False,False,False
2025-08-11 16:00:00+00:00,4.34,4.34,4.34,4.34,73.0,,,,,4.484724672547448,4.533685658039488,4.533685658039488,4.533685658039488,4.537645288326301,4.406589709365943,4.415659929462831,4.451182559488248,4.472955421393801,4.530543272122806,4.528853508372485,4.528853508372485,4.515766867844868,4.430512343231052,4.438831745923373,4.447903547073622,4.492150039094416,4.651800364912107,4.661840888163992,4.727298031337023,4.727298031337023,4.845104987104478,4.956374763550979,4.967110245737629,,,4.527541949660406,4.539505826737027,4.53987096425872,4.412849033084023,4.404515848136536,4.432448201482563,4.43217828729505,4.452489009501097,4.496452240710745,4.497755100544157,4.530517329341275,4.521571319849801,4.521571319849801,4.521497051656133,4.51427033688692,4.51427033688692,4.37551247837764,4.394859183049669,4.435764494763771,4.450144253011089,4.450144253011089,4.45338014535907,4.455683660446618,4.495058423559544,4.495044595833463,4.532472031321856,4.693321809352644,4.693751292531304,4.8268553938318295,4.848450996677745,4.849912166343067,4.859371844640549,4.882243777636249,4.952150289565509,4.952150289565509,4.952150289565509,4.955289610067495,4.972128114758471,4.97243921502765,,4.484724672547448,4.492150039094416,4.651800364912107,4.49069325096088,"rgba(239, 83, 80, 1.0)",0.09288891942180573,4.471494033568033,-1.4156051592216552,38.353555160740946,-7.645591673413463,False,True,False,True,True,0.0,0.0,0.0,0.0,0.0,0,0.9865248226950354,1.0134751773049644,False,False,False,False,-0.0852276364534242,-0.05634795890318376,False,False,False,False,123025.0,123486.5419555711,False,False,False,False,179.80707415359998,False,False,False,False
2025-08-11 17:00:00+00:00,4.34,4.355,4.28,4.315,250.0,,,,,4.45665887330216,4.524653737306476,4.524653737306476,4.524653737306476,4.528698785425102,4.405785992635228,4.414827717622793,4.4505941466032155,4.4723513648614555,4.529809219166861,4.528265974060497,4.528265974060497,4.515318835492108,4.430371431164803,4.4386829825475775,4.447746136611158,4.491957542064496,4.651558149081816,4.661593276786865,4.727025401057674,4.727025401057674,4.844850267458727,4.956114079555769,4.966846888211197,,4.316666666666668,4.517511732623033,4.530682610072854,4.531184620174347,4.411649033503011,4.403703813256426,4.431575458803193,4.431310196597127,4.451904606187867,4.495792815923319,4.497093508113033,4.529921718043845,4.521021116171164,4.521021116171164,4.5209471832372286,4.513845503355319,4.513845503355319,4.3754288877272325,4.394755705067467,4.435618489296009,4.449984743467178,4.449984743467178,4.453217768550543,4.455519172882511,4.494864165588618,4.4948504374908405,4.532295363527107,4.693061242843416,4.693490602039142,4.82659533494408,4.848201857619567,4.849665059590345,4.8591296848934,4.8820017992239535,4.951890635487222,4.951890635487222,4.951890635487222,4.955029191690839,4.971863542253634,4.972174569505923,,4.45665887330216,4.491957542064496,4.651558149081816,4.478369486231725,"rgba(239, 83, 80, 1.0)",0.09647279409242432,4.458985161444192,-1.4924949857495493,36.755567479734324,-8.01338002037297,False,True,False,True,False,0.0,0.0,0.0,0.0,0.0,0,0.9751948972360029,1.011339475549256,True,False,False,False,-0.1114195243935417,-0.08388374164836274,False,False,False,False,122775.0,123475.51029734519,False,False,False,False,180.89533656982323,False,False,False,False
2025-08-11 18:00:00+00:00,4.36,4.36,4.34,4.355,1050.0,,,,,4.413375867033111,4.49891526144254,4.49891526144254,4.49891526144254,4.502970934256056,4.403827917714757,4.412673660733617,4.448809433810985,4.47042358226969,4.527277792063083,4.526235808051503,4.526235808051503,4.5137866074586634,4.429964397708057,4.438240207219739,4.447264549052183,4.491314157720184,4.65065057615706,4.660662310639642,4.725981622333561,4.725981622333561,4.8438538353438,4.9550813237001154,4.96580252911735,,4.344935897435898,4.489897187863409,4.50515752308528,4.505964677548836,4.4086624304501765,4.401759087889141,4.42912326591848,4.428873266114932,4.450125324722899,4.493606246688822,4.494895747875858,4.527860648306191,4.519132485077639,4.519132485077639,4.519059837681529,4.512394182938019,4.512394182938019,4.375287960431681,4.394517532546155,4.435188443906717,4.449493737613953,4.449493737613953,4.45271370470869,4.455005627819797,4.494212226456983,4.494198843386167,4.531676434979256,4.692072187533617,4.692500958168688,4.825580746889652,4.847226751478792,4.848697694955101,4.858180439411918,4.881050527068646,4.950862361710718,4.950862361710718,4.950862361710718,4.953997591148806,4.970813901259763,4.9711246102806435,,4.413375867033111,4.491314157720184,4.65065057615706,4.46914281509158,"rgba(239, 83, 80, 0.5)",0.09860869979710177,4.446282442188307,-0.9257037398944575,38.30599120969032,-8.01338002037297,False,True,False,True,False,0.0,0.0,0.0,0.0,0.0,0,0.9801699716713883,1.0028328611898016,False,False,False,False,-0.07362624505138586,-0.07875499334987429,False,False,False,False,123825.0,123480.92874234758,False,False,False,False,194.36982747571744,False,False,False,False
2025-08-11 19:00:00+00:00,4.355,4.355,4.31,4.32,52.0,,,,,4.411674361934078,4.497667510667229,4.497667510667229,4.497667510667229,4.5017230085658015,4.403692888017519,4.412531452658882,4.448701891715595,4.470311266499458,4.527137885488371,4.526123202281822,4.526123202281822,4.5137006568686004,4.429938374646695,4.43821251790591,4.4472350337814746,4.491277149943671,4.650602275849206,4.660612880404406,4.725926868406549,4.725926868406549,4.843802258397804,4.9550282951942135,4.965748939059585,,4.344297337278107,4.4885758100031445,4.503917655519596,4.504737354947294,4.408464837590665,4.4016234427549605,4.428970322166454,4.428721145639355,4.450018354305666,4.4934821643421605,4.494771181199753,4.527746460788955,4.519027167413258,4.519027167413258,4.518954585813992,4.5123126464198995,4.5123126464198995,4.375274173329719,4.3944994202151095,4.435161343029526,4.449463779073271,4.449463779073271,4.452683137199301,4.454974614310153,4.4941748344409165,4.494161470587812,4.53164193462431,4.692020007375048,4.6924487510671495,4.8255281449218135,4.847176290946361,4.84864764057609,4.858131360093676,4.881001432570135,4.950809549757084,4.950809549757084,4.950809549757084,4.9539446184807,4.970760055829459,4.971070749487582,,4.411674361934078,4.491277149943671,4.650602275849206,4.468614997015776,"rgba(239, 83, 80, 1.0)",0.10099281929696181,4.445573986113518,-1.243395193714488,37.90203554204717,-8.01338002037297,False,True,False,True,False,0.0,0.0,0.0,0.0,0.0,0,0.9731827805222302,1.0035285815102328,False,False,False,False,-0.09394355429835029,-0.08634927382411228,False,False,False,False,123773.0,123485.45697890033,False,False,False,False,192.1625433288071,False,False,False,False
2025-08-12 14:00:00+00:00,4.295,4.4,4.295,4.4,112.0,,,,,4.4097460961514825,4.495609795503855,4.495609795503855,4.495609795503855,4.499650606757793,4.40354440066244,4.412359459808735,4.448541274029406,4.470132277139578,4.526892669862489,4.525925982593998,4.525925982593998,4.513552367978204,4.429902580784867,4.438172812305806,4.447191100829182,4.4912154217477465,4.650510124318904,4.660518208003771,4.7258198591698335,4.7258198591698335,4.843699104183618,4.95492079114501,4.965640182844732,,4.345881147540984,4.486436630602781,4.501850867871059,4.5026883128218556,4.408235773887948,4.401478296768104,4.428761925538105,4.428514162799692,4.449857826030766,4.4932747378941205,4.494562482948754,4.527546102409088,4.518844264438743,4.518844264438743,4.518771813598188,4.512172225673846,4.512172225673846,4.375267679788722,4.3944820425158895,4.43512303732555,4.449418820357329,4.449418820357329,4.452636748826181,4.454927192842106,4.494112148587854,4.494098818366215,4.531581060262598,4.691918995941283,4.692347674103462,4.825423238669372,4.847075318415368,4.848547458894566,4.858032995541627,4.880902733658963,4.950702529890555,4.950702529890555,4.950702529890555,4.9538372392102765,4.970650729245394,4.970961388505809,,4.4097460961514825,4.4912154217477465,4.650510124318904,4.467899226706539,#000000,0.10202556648318804,4.4446171385307265,-0.43731331340442225,42.06231966562333,-12.724059010713496,False,True,False,True,True,0.0,0.0,0.0,0.0,0.0,0,0.9741800418702024,0.9951151430565245,False,False,False,False,-0.07652461756916261,-0.08143694569663745,False,False,False,False,123885.0,123491.65144434373,False,False,False,False,190.91971319967828,False,False,False,False
2025-08-12 15:00:00+00:00,4.4,4.4,4.4,4.4,0.0,,,,,4.4097460961514825,4.495609795503855,4.495609795503855,4.495609795503855,4.499650606757793,4.40354440066244,4.412359459808735,4.448541274029406,4.470132277139578,4.526892669862489,4.525925982593998,4.525925982593998,4.513552367978204,4.429902580784867,4.438172812305806,4.447191100829182,4.4912154217477465,4.650510124318904,4.660518208003771,4.7258198591698335,4.7258198591698335,4.843699104183618,4.95492079114501,4.965640182844732,,4.345881147540984,4.486436630602781,4.501850867871059,4.5026883128218556,4.408235773887948,4.401478296768104,4.428761925538105,4.428514162799692,4.449857826030766,4.4932747378941205,4.494562482948754,4.527546102409088,4.518844264438743,4.518844264438743,4.518771813598188,4.512172225673846,4.512172225673846,4.375267679788722,4.3944820425158895,4.43512303732555,4.449418820357329,4.449418820357329,4.452636748826181,4.454927192842106,4.494112148587854,4.494098818366215,4.531581060262598,4.691918995941283,4.692347674103462,4.825423238669372,4.847075318415368,4.848547458894566,4.858032995541627,4.880902733658963,4.950702529890555,4.950702529890555,4.950702529890555,4.9538372392102765,4.970650729245394,4.970961388505809,,4.4097460961514825,4.4912154217477465,4.650510124318904,4.467899226706539,#000000,0.10313216396082468,4.4446171385307265,-0.4326209866756427,44.8358424146741,-10.063266954505359,False,False,False,True,True,0.0,0.0,0.0,0.0,0.0,0,0.9873949579831933,0.9964985994397758,False,False,False,False,-0.015852911147565877,-0.04864492842210166,False,False,False,False,123885.0,123497.74987156321,False,False,False,False,187.9597176461949,False,False,False,False
2025-08-12 16:00:00+00:00,4.4,4.44,4.4,4.44,33.0,,,,,4.409949586977649,4.49529615844132,4.49529615844132,4.49529615844132,4.499326102577922,4.40357051589203,4.41237469743424,4.448528913166326,4.470110521259925,4.526848027570816,4.5258901974494,4.5258901974494,4.513526846115504,4.429902055337136,4.438170973978608,4.44718787060795,4.49120612609153,4.650488845872054,4.660496143446803,4.725793728311526,4.725793728311526,4.84367263326755,4.9548924336748925,4.965611435267499,,4.347661990647963,4.4861333230816545,4.501522726270775,4.502361274062487,4.4082643489155116,4.401507675632369,4.428759916310698,4.428512396295116,4.449844931199107,4.493243068662624,4.494530326080717,4.527509522972341,4.518812024603167,4.518812024603167,4.5187396069538925,4.512148217476388,4.512148217476388,4.375277249620573,4.394487627832294,4.4351216772105655,4.449415252613091,4.449415252613091,4.452632701253926,4.454922804871354,4.494102506339499,4.494089182198205,4.531569769211531,4.691894857356105,4.692323512498566,4.8253964765921875,4.847049380315558,4.84852171238214,4.858007644685379,4.880877135159355,4.950674323890118,4.950674323890118,4.950674323890118,4.953808920743394,4.970621803527522,4.970932452004017,,4.409949586977649,4.49120612609153,4.650488845872054,4.467881630393448,#000000,0.103442241358627,4.444596044079555,-0.044431017920622325,48.635096976734616,-6.520121117302999,True,False,False,False,True,0.0,0.0,0.0,0.0,0.0,0,0.9922861150070129,0.9901823281907433,False,False,False,False,0.007205305962878727,-0.020719811229611466,False,False,False,False,123918.0,123504.26537743045,False,False,False,False,185.5572414036182,False,False,False,False
2025-08-12 17:00:00+00:00,4.44,4.44,4.41,4.41,44.0,,,,,4.410108201817312,4.494842194208459,4.494842194208459,4.494842194208459,4.498858603446737,4.403595220194563,4.412385510329045,4.448507434594396,4.470077101080226,4.5267846094354205,4.5258393209431675,4.5258393209431675,4.513490230273695,4.429899911940218,4.438167103921418,4.4471821665506415,4.4911924562054155,4.650459636035454,4.660465891927165,4.725758117918564,4.725758117918564,4.843636779769895,4.954854151315676,4.965572635855866,,4.349727449707982,4.485688865129066,4.501051062897217,4.501891553251243,4.408288558613468,4.401536389408428,4.428748730301536,4.428501557812697,4.449822821609371,4.493196666234708,4.494483290304074,4.527457570033243,4.518765965711461,4.518765965711461,4.518693593029577,4.512113732627961,4.512113732627961,4.375288349268127,4.394493529685984,4.435118435030068,4.44940910379383,4.44940910379383,4.452625921361419,4.454915576483723,4.494088383750883,4.494075068262244,4.531553761757865,4.691861870597481,4.692290495583859,4.825360202896072,4.847014252785036,4.848486846160488,4.85797332583052,4.880842507418106,4.950636242206196,4.950636242206196,4.950636242206196,4.9537706900621,4.97058276806574,4.970893402258155,,4.410108201817312,4.4911924562054155,4.650459636035454,4.4678272954569564,#000000,0.10411259497501507,4.444527036898153,-0.3316317003378748,49.47174612550627,-5.724837743556222,True,False,False,False,True,0.0,0.0,0.0,0.0,0.0,0,0.9992957746478872,0.9866197183098591,False,False,False,False,0.01297009964994959,-0.0038748557898309385,False,False,False,False,123874.0,123509.9976971602,False,False,False,False,183.36255549038378,False,False,False,False
2025-08-12 18:00:00+00:00,4.41,4.41,4.345,4.345,21.0,,,,,4.409783434199597,4.494474427289703,4.494474427289703,4.494474427289703,4.498487823338231,4.403568737265079,4.412354589371979,4.448478037766836,4.47004419526732,4.526739264313873,4.525802828997406,4.525802828997406,4.513462801021271,4.429893379965764,4.438159836667265,4.447174105135016,4.491181047570851,4.650442471929086,4.6604482547015085,4.7257381608964115,4.7257381608964115,4.843617515996454,4.954834060396685,4.965552309842997,,4.349955185659411,4.485308313032887,4.500681003584229,4.501524474319201,4.408247619047619,4.401510567270845,4.428710917106563,4.428464004087378,4.449793430390759,4.493158418739445,4.494444802913638,4.527420494182325,4.518732135796194,4.518732135796194,4.518659787446571,4.512087758833283,4.512087758833283,4.375287328122003,4.394490457690886,4.435111431063299,4.449400849674446,4.449400849674446,4.45261739848914,4.45490685951709,4.494076794590281,4.494063485329283,4.531542471619464,4.691843041727658,4.69227165436411,4.825340615237159,4.846995395693678,4.848468136461784,4.857954953928267,4.880824069931714,4.950616242204425,4.950616242204425,4.950616242204425,4.953750622572784,4.970562334956848,4.97087296268972,,4.409783434199597,4.491181047570851,4.650442471929086,4.467697455500694,"rgba(239, 83, 80, 0.5)",0.10618168179845625,4.444354532897181,-0.9357031383790526,46.948709876171904,-5.724837743556222,False,False,False,True,False,0.0,0.0,0.0,0.0,0.0,0,0.9992932862190812,0.9858657243816255,False,False,False,False,-0.04181479706326889,-0.022844826426549916,False,False,False,False,123853.0,123515.31556232051,False,False,False,False,180.84530656805225,False,False,False,False
2025-08-12 19:00:00+00:00,4.345,4.405,4.345,4.4,309.0,,,,,4.407162176608939,4.489972251354658,4.489972251354658,4.489972251354658,4.493923593295707,4.403357438947462,4.412068624637264,4.448135538427515,4.469640092101032,4.526144163018273,4.525323838331086,4.525323838331086,4.5131060700154375,4.429822716980762,4.438077963354953,4.447080191254231,4.491035856660495,4.650204973263303,4.660203689158623,4.725458382143329,4.725458382143329,4.843344141865347,4.954546967945627,4.96526170538579,,4.3554676643506145,4.480726334157335,4.496111321151018,4.4969848767350316,4.407892177231943,4.401314635876325,4.428307844884586,4.428064274180451,4.449449579175323,4.4926720979445225,4.493954675231978,4.52693327642935,4.518290454825372,4.518290454825372,4.518218449641857,4.511750322296104,4.511750322296104,4.375301325901527,4.394472363347539,4.4350335931266684,4.4493040146222,4.4493040146222,4.452516465590804,4.454802983121113,4.493928786659863,4.493915559167958,4.531393298892951,4.691580427472381,4.692008849013411,4.8250630559778,4.84672771993282,4.848202521976435,4.8576939486537,4.88056171747047,4.95033050953826,4.95033050953826,4.95033050953826,4.9534638804610465,4.970270129472772,4.970580660534568,,4.407162176608939,4.491035856660495,4.650204973263303,4.4662866107974475,#000000,0.10716103063374073,4.442502919506035,-0.39662663987716645,48.109070526491124,-5.724837743556222,True,False,False,False,False,0.0,0.0,0.0,0.0,0.0,0,1.0114204139900071,0.9800142755174877,False,False,False,False,-0.0447022912598539,-0.033773558843201906,False,False,False,False,124162.0,123525.34167763336,False,False,False,False,182.83220103986537,False,False,False,False
2025-08-13 14:00:00+00:00,4.37,4.37,4.37,4.37,0.0,,,,,4.407162176608939,4.489972251354658,4.489972251354658,4.489972251354658,4.493923593295707,4.403357438947462,4.412068624637264,4.448135538427515,4.469640092101032,4.526144163018273,4.525323838331086,4.525323838331086,4.5131060700154375,4.429822716980762,4.438077963354953,4.447080191254231,4.491035856660495,4.650204973263303,4.660203689158623,4.725458382143329,4.725458382143329,4.843344141865347,4.954546967945627,4.96526170538579,,4.3554676643506145,4.480726334157335,4.496111321151018,4.4969848767350316,4.407892177231943,4.401314635876325,4.428307844884586,4.428064274180451,4.449449579175323,4.4926720979445225,4.493954675231978,4.52693327642935,4.518290454825372,4.518290454825372,4.518218449641857,4.511750322296104,4.511750322296104,4.375301325901527,4.394472363347539,4.4350335931266684,4.4493040146222,4.4493040146222,4.452516465590804,4.454802983121113,4.493928786659863,4.493915559167958,4.531393298892951,4.691580427472381,4.692008849013411,4.8250630559778,4.84672771993282,4.848202521976435,4.8576939486537,4.88056171747047,4.95033050953826,4.95033050953826,4.95033050953826,4.9534638804610465,4.970270129472772,4.970580660534568,,4.407162176608939,4.491035856660495,4.650204973263303,4.4662866107974475,"rgba(239, 83, 80, 0.5)",0.1085682000129552,4.442502919506035,-0.6678099065599625,47.49374071244746,-5.724837743556222,True,False,False,True,False,0.0,0.0,0.0,0.0,0.0,0,1.0194805194805194,0.9682539682539681,False,False,False,False,-0.05047956350745819,-0.04212656117533005,False,False,False,False,124162.0,123535.21234929796,False,False,False,False,179.99759327180544,False,False,False,False
2025-08-13 15:00:00+00:00,4.37,4.37,4.37,4.37,0.0,,,,,4.407162176608939,4.489972251354658,4.489972251354658,4.489972251354658,4.493923593295707,4.403357438947462,4.412068624637264,4.448135538427515,4.469640092101032,4.526144163018273,4.525323838331086,4.525323838331086,4.5131060700154375,4.429822716980762,4.438077963354953,4.447080191254231,4.491035856660495,4.650204973263303,4.660203689158623,4.725458382143329,4.725458382143329,4.843344141865347,4.954546967945627,4.96526170538579,,4.3554676643506145,4.480726334157335,4.496111321151018,4.4969848767350316,4.407892177231943,4.401314635876325,4.428307844884586,4.428064274180451,4.449449579175323,4.4926720979445225,4.493954675231978,4.52693327642935,4.518290454825372,4.518290454825372,4.518218449641857,4.511750322296104,4.511750322296104,4.375301325901527,4.394472363347539,4.4350335931266684,4.4493040146222,4.4493040146222,4.452516465590804,4.454802983121113,4.493928786659863,4.493915559167958,4.531393298892951,4.691580427472381,4.692008849013411,4.8250630559778,4.84672771993282,4.848202521976435,4.8576939486537,4.88056171747047,4.95033050953826,4.95033050953826,4.95033050953826,4.9534638804610465,4.970270129472772,4.970580660534568,,4.407162176608939,4.491035856660495,4.650204973263303,4.4662866107974475,"rgba(239, 83, 80, 0.5)",0.10996326167824358,4.442502919506035,-0.6593376587735371,47.08352083641835,-5.724837743556222,True,False,False,True,False,0.0,0.0,0.0,0.0,0.0,0,1.011860637509266,0.9873980726464047,False,False,False,False,-0.05047956350745819,-0.04630306234139412,False,False,False,False,124162.0,123544.92998729333,False,False,False,False,177.20693291100224,False,False,False,False
2025-08-13 16:00:00+00:00,4.37,4.37,4.37,4.37,0.0,,,,,4.407162176608939,4.489972251354658,4.489972251354658,4.489972251354658,4.493923593295707,4.403357438947462,4.412068624637264,4.448135538427515,4.469640092101032,4.526144163018273,4.525323838331086,4.525323838331086,4.5131060700154375,4.429822716980762,4.438077963354953,4.447080191254231,4.491035856660495,4.650204973263303,4.660203689158623,4.725458382143329,4.725458382143329,4.843344141865347,4.954546967945627,4.96526170538579,,4.3554676643506145,4.480726334157335,4.496111321151018,4.4969848767350316,4.407892177231943,4.401314635876325,4.428307844884586,4.428064274180451,4.449449579175323,4.4926720979445225,4.493954675231978,4.52693327642935,4.518290454825372,4.518290454825372,4.518218449641857,4.511750322296104,4.511750322296104,4.375301325901527,4.394472363347539,4.4350335931266684,4.4493040146222,4.4493040146222,4.452516465590804,4.454802983121113,4.493928786659863,4.493915559167958,4.531393298892951,4.691580427472381,4.692008849013411,4.8250630559778,4.84672771993282,4.848202521976435,4.8576939486537,4.88056171747047,4.95033050953826,4.95033050953826,4.95033050953826,4.9534638804610465,4.970270129472772,4.970580660534568,,4.407162176608939,4.491035856660495,4.650204973263303,4.4662866107974475,"rgba(239, 83, 80, 0.5)",0.11077430183009437,4.442502919506035,-0.6545102817911678,46.810040919065614,-5.724837743556222,False,False,False,True,False,0.0,0.0,0.0,0.0,0.0,0,0.9902767389678383,0.9902767389678383,False,False,False,False,-0.05047956350745819,-0.04839131292442615,False,False,False,False,124162.0,123554.49696423452,False,False,False,False,174.45953860230452,False,False,False,False
2025-08-13 17:00:00+00:00,4.37,4.49,4.37,4.465,103.0,,,,,4.408265549001346,4.4893286767559175,4.4893286767559175,4.4893286767559175,4.493242182554754,4.403490318235392,4.412165522429173,4.448124221527736,4.469596704162716,4.526027470439661,4.525230189868603,4.525230189868603,4.513040849369061,4.4298287057037005,4.438079748822607,4.447077538007663,4.491013712032796,4.650143184668658,4.660139418702472,4.725381107850644,4.725381107850644,4.843264635551687,4.954461100798534,4.965174605430545,,4.359965383316447,4.480149952244507,4.495413660114456,4.4962855915562105,4.408052032595043,4.401459100915304,4.428347281933698,4.428104315518721,4.449436179874198,4.492596922519223,4.493877904960112,4.52683727751362,4.518207227823006,4.518207227823006,4.518135321012254,4.511689151208543,4.511689151208543,4.375339789254135,4.394497862407219,4.435036915291766,4.4493002850947905,4.4493002850947905,4.452511199492331,4.454796631175708,4.493905514364153,4.493892302816852,4.531363205657957,4.691509535809191,4.691937882728526,4.824982821290625,4.846649786617756,4.848125152820305,4.857617701660738,4.880484580382793,4.9502451215272165,4.9502451215272165,4.9502451215272165,4.953378136667116,4.970182466218957,4.970492963150177,,4.408265549001346,4.491013712032796,4.650143184668658,4.466323648369612,#000000,0.11025245395728148,4.44257413261542,0.2034047005726462,51.48949133760266,-3.0096906358280506,True,False,True,False,True,0.0,0.0,0.0,0.0,0.0,0,0.9904341427520236,0.9654157468727004,False,False,False,False,0.018735755493808307,-0.014827778715308923,False,False,False,False,124265.0,123565.51251517663,False,False,False,False,173.35163877901297,False,False,False,False
2025-08-13 18:00:00+00:00,4.465,4.465,4.465,4.465,0.0,,,,,4.408265549001346,4.4893286767559175,4.4893286767559175,4.4893286767559175,4.493242182554754,4.403490318235392,4.412165522429173,4.448124221527736,4.469596704162716,4.526027470439661,4.525230189868603,4.525230189868603,4.513040849369061,4.4298287057037005,4.438079748822607,4.447077538007663,4.491013712032796,4.650143184668658,4.660139418702472,4.725381107850644,4.725381107850644,4.843264635551687,4.954461100798534,4.965174605430545,,4.359965383316447,4.480149952244507,4.495413660114456,4.4962855915562105,4.408052032595043,4.401459100915304,4.428347281933698,4.428104315518721,4.449436179874198,4.492596922519223,4.493877904960112,4.52683727751362,4.518207227823006,4.518207227823006,4.518135321012254,4.511689151208543,4.511689151208543,4.375339789254135,4.394497862407219,4.435036915291766,4.4493002850947905,4.4493002850947905,4.452511199492331,4.454796631175708,4.493905514364153,4.493892302816852,4.531363205657957,4.691509535809191,4.691937882728526,4.824982821290625,4.846649786617756,4.848125152820305,4.857617701660738,4.880484580382793,4.9502451215272165,4.9502451215272165,4.9502451215272165,4.953378136667116,4.970182466218957,4.970492963150177,,4.408265549001346,4.491013712032796,4.650143184668658,4.466323648369612,#000000,0.11026176879434008,4.44257413261542,0.2033875170858991,54.60912494996069,-0.06931303480279638,True,False,True,False,True,0.0,0.0,0.0,0.0,0.0,0,1.0141158989598813,0.9673105497771175,False,False,False,False,0.059151794474841306,0.02216200787976619,False,False,False,False,124265.0,123576.3572823832,False,False,False,False,170.6640164723616,False,False,False,False
2025-08-13 19:00:00+00:00,4.465,4.57,4.465,4.52,213.0,,,,,4.415092700446516,4.490106369587109,4.490106369587109,4.490106369587109,4.493901010848126,4.404308211849672,4.412879452775584,4.448377306548884,4.46975252676874,4.526005554218264,4.525214260929911,4.525214260929911,4.513050822466397,4.429921152560437,4.4381622337602185,4.447149685313358,4.491039029880077,4.650062471071542,4.6600532281705895,4.725264586960743,4.725264586960743,4.84313168800168,4.95431015647131,4.965020942647877,,4.375389422344155,4.481280643217943,4.496005332686947,4.496847267073316,4.409120970800151,4.402318025509205,4.428893304465907,4.428650257080364,4.449680601821013,4.492675126372504,4.4939519322779,4.526817524191733,4.5182075104428625,4.5182075104428625,4.518135764677831,4.5117011222015435,4.5117011222015435,4.375510965861298,4.394636071638163,4.435123099068643,4.449369927266815,4.449369927266815,4.452577199796006,4.4548601008324535,4.493927988320564,4.493914779219809,4.531354174801504,4.691408008961836,4.691836171945043,4.8248501701896025,4.8465192101461625,4.847995410884101,4.857489160395321,4.880353004254636,4.950095238405569,4.950095238405569,4.950095238405569,4.9532274653082125,4.97002755798632,4.970337979152019,,4.415092700446516,4.491039029880077,4.650062471071542,4.467636092494438,"rgba(38, 166, 154, 0.5)",0.10998394641249833,4.44439255441293,0.6874407407013844,58.853793286434886,3.8233021401615517,True,False,True,False,True,2.11375179823618,0.0,0.0,0.0,0.0,0,1.013899049012436,0.9429407461594732,False,False,False,False,0.12018221261836985,0.07117211024906803,False,False,False,False,124478.0,123590.33623924546,False,False,False,False,171.32038830999937,False,False,False,False
2025-08-14 14:00:00+00:00,4.52,4.58,4.52,4.58,4.0,,,,,4.415261295326741,4.4901415450427775,4.4901415450427775,4.4901415450427775,4.493933587974372,4.404329031826691,4.41289802918863,4.448384862279237,4.469757945084857,4.5260073725406285,4.525215769614435,4.525215769614435,4.513052483825499,4.429923704114175,4.438164585363972,4.447151831042156,4.49104023001008,4.650061435409438,4.660052086157113,4.725262840379361,4.725262840379361,4.84312951252558,4.954307593648466,4.965018327053005,,4.3757264567168725,4.481324394423602,4.496036341611144,4.496877465630603,4.409148429561551,4.4023397845010965,4.428908242420792,4.428665180219844,4.449687951058118,4.49267896796527,4.493955686608878,4.526818971596405,4.518209269293493,4.518209269293493,4.518137526121653,4.5117027563495276,4.5117027563495276,4.375515113196766,4.394639537442626,4.435125525417583,4.449372023118833,4.449372023118833,4.452579222548083,4.454862073170159,4.493929129845114,4.493915920479633,4.531354547643524,4.691406562223031,4.691834721450526,4.8248480186678995,4.846517070198407,4.847993283219134,4.857487043851991,4.88035081854059,4.95009269622802,4.95009269622802,4.95009269622802,4.953224907793581,4.970024918182309,4.970335337872381,,4.415261295326741,4.49104023001008,4.650061435409438,4.467672217607441,"rgba(38, 166, 154, 1.0)",0.1101788881201214,4.449961986145488,1.1802443832319263,63.52488848971969,8.003193445602506,True,False,True,False,True,4.349369812284046,0.0,0.0,0.0,0.0,0,1.0218978102189782,0.9481751824817518,False,False,False,False,0.15838541016477023,0.11477876020691913,False,False,False,False,124482.0,123604.16048359824,False,False,False,False,168.7262737625575,False,False,False,False
2025-08-14 15:00:00+00:00,4.58,4.58,4.53,4.53,4.0,,,,,4.4154140034863465,4.490169978202548,4.490169978202548,4.490169978202548,4.493959564860427,4.404348063466595,4.412914917568832,4.448391514515688,4.469762562286128,4.52600847752253,4.525216699916154,4.525216699916154,4.5130536732659845,4.429925994033754,4.438166679533824,4.447153723175015,4.491041198061916,4.6500602464479215,4.660050791983987,4.7252609529244545,4.7252609529244545,4.843127234635441,4.9543049441993645,4.965015625386804,,4.3760379650721335,4.481360690644817,4.496060862897041,4.496901262596088,4.409173452213073,4.402359697837258,4.428921657979933,4.428678585290583,4.449694411137761,4.492682048356038,4.493958682657421,4.526819837306176,4.518210466881995,4.518210466881995,4.5181387264389095,4.511703939281161,4.511703939281161,4.375518960617589,4.394642723659024,4.435127692611593,4.4493738663004105,4.4493738663004105,4.4525809941644345,4.454863795316234,4.493930040974521,4.493916831443794,4.531354746937034,4.691404968724129,4.691833124292874,4.824845758868126,4.84651483069968,4.847991057081754,4.857484832476911,4.880348541885924,4.950090067193335,4.950090067193335,4.950090067193335,4.953222263594029,4.970022192571326,4.970332610802774,,4.4154140034863465,4.491041198061916,4.6500602464479215,4.467704082360672,"rgba(38, 166, 154, 0.5)",0.10960568144673992,4.4545860291189285,0.6880480088773245,63.3144183258561,8.003193445602506,True,False,True,False,True,2.3323693418255225,0.0,0.0,0.0,0.0,0,1.0204828090709583,0.9539136795903439,False,False,False,False,0.1643009750445322,0.13953986762572568,False,False,False,False,124478.0,123617.70838307733,False,False,False,False,166.17237804530853,False,False,False,False
2025-08-14 16:00:00+00:00,4.53,4.53,4.45,4.45,2.0,,,,,4.4154495741385995,4.490166582851395,4.490166582851395,4.490166582851395,4.493955306574735,4.404352897920984,4.4129189416653505,4.448392471389819,4.469762769523239,4.5260071580110885,4.525215647158316,4.525215647158316,4.513053029498838,4.42992645243968,4.438167051069252,4.4471540037456405,4.491041072984964,4.650059249506244,4.660049745423268,4.725259639324012,4.725259639324012,4.8431258267799215,4.954303392007093,4.965014048541603,,4.376129570626612,4.481359387292332,4.496056167534196,4.496896428144785,4.40917959214616,4.402364823693074,4.428924377486023,4.428681310879506,4.44969530946434,4.492681591472083,4.493958191239438,4.526818743548365,4.518209592744948,4.518209592744948,4.518137854022481,4.51170334658434,4.51170334658434,4.375520097485495,4.394643583187501,4.435128096149427,4.449374124819835,4.449374124819835,4.452581220922478,4.454863999812413,4.493929891848936,4.493916682496648,4.531354391045451,4.691403786661079,4.691831940654833,4.824844344661472,4.8465134495586355,4.847989685453748,4.857483477789657,4.88034716477364,4.950088524602632,4.950088524602632,4.950088524602632,4.953220713872647,4.970020604447194,4.970331021993934,,4.4154495741385995,4.491041072984964,4.650059249506244,4.46770900993466,#000000,0.10908183554948839,4.452659754349961,-0.024383109585225167,59.03001227740875,8.003193445602506,True,False,True,False,False,0.0,0.0,0.0,0.0,0.0,0,1.0258112094395282,0.9542772861356932,False,False,False,False,0.08813132629034602,0.11383559695803586,False,False,False,False,124476.0,123631.01522985133,False,False,False,False,163.62706985855957,False,False,False,False
2025-08-14 17:00:00+00:00,4.45,4.45,4.44,4.44,2.0,,,,,4.415465757399885,4.490154809787162,4.490154809787162,4.490154809787162,4.4939428442474965,4.4043555035650614,4.4129208613416635,4.44839230018669,4.46976197622764,4.526004947185451,4.525213871662547,4.525213871662547,4.513051796024038,4.429926583925451,4.438167100924811,4.447153967424028,4.491040657869741,4.650058060924192,4.660048508644515,4.725258149601262,4.725258149601262,4.843124290876867,4.9543017315011495,4.965012364075891,,4.376190692739124,4.481348831829748,4.496043406349589,4.496883633902623,4.409182698867513,4.402367649594757,4.428925198158434,4.428682143026174,4.4496950975821,4.492680183713931,4.493956752583667,4.5268169229091715,4.518208017281587,4.518208017281587,4.518136280449324,4.511702190044431,4.511702190044431,4.375520859676038,4.394644093401796,4.435128175859905,4.449374067601553,4.449374067601553,4.452581133857724,4.454863891663579,4.493929454786279,4.493916245736737,4.531353818237818,4.69140242112312,4.691830573663017,4.824842795076127,4.846511943950168,4.847988190706973,4.857482004535553,4.8803456739584705,4.950086873409855,4.950086873409855,4.950086873409855,4.953219055764314,4.970018909032775,4.970329325916047,,4.415465757399885,4.491040657869741,4.650058060924192,4.4677087036551555,#000000,0.10858417252307662,4.450870988010421,-0.1001157697095349,55.71882020359699,11.902818580002887,True,False,True,False,False,0.0,0.0,0.0,0.0,0.0,0,1.0273871206513692,0.9481865284974091,False,False,False,False,0.030809680714803934,0.0723226388364199,False,False,False,False,124474.0,123644.08476117146,False,False,False,False,161.1212238142408,False,False,False,False
2025-08-14 18:00:00+00:00,4.44,4.51,4.44,4.5,304.0,,,,,4.420967555555556,4.489903753026634,4.489903753026634,4.489903753026634,4.493560156620788,4.4051498808893585,4.413589968011835,4.448571107931436,4.469823612605078,4.525832201418665,4.525076291333478,4.525076291333478,4.512972092339362,4.430006079657385,4.438233254960156,4.447206171327678,4.491030477746351,4.649912482012415,4.659895350152184,4.725063996121064,4.725063996121064,4.842914314967683,4.95406920852802,4.964776073923229,,4.389203622319883,4.481429173880232,4.49559238940119,4.496408897084246,4.410193949725599,4.403207731776965,4.4293921812210035,4.4291498916073095,4.449864526034423,4.492639829766284,4.493911061750753,4.526673259866254,4.5180968361001295,4.5180968361001295,4.518025354721464,4.511629434658388,4.511629434658388,4.3757047336935075,4.3947851321378515,4.435199251463125,4.449422889877815,4.449422889877815,4.452625077754955,4.454904421165022,4.493915560271576,4.493902374526089,4.5313063653148475,4.691228474235072,4.691656383803175,4.8246320843176855,4.8463059140035805,4.847783563639768,4.85727980838914,4.880139918635573,4.949855818212515,4.949855818212515,4.949855818212515,4.9529869104828315,4.96978089494197,4.970091207132731,,4.420967555555556,4.491030477746351,4.649912482012415,4.468524867012554,#000000,0.10736953113530362,4.449191763678503,0.4732090732283226,56.130795038793295,11.902818580002887,True,False,True,False,False,1.1614808955095484,0.0,0.0,0.0,0.0,0,1.0288888888888892,0.9437037037037038,False,False,False,False,0.05883484478413644,0.06557874181027817,False,False,False,False,124778.0,123661.6648423936,False,False,False,False,163.3363986388262,False,False,False,False
2025-08-14 19:00:00+00:00,4.5,4.545,4.5,4.54,113.0,,,,,4.424108206057469,4.49042238942633,4.49042238942633,4.49042238942633,4.494020216211997,4.405608717627539,4.413993842927152,4.448722543320232,4.46992222106221,4.525835959418671,4.525080263636005,4.525080263636005,4.512987390896886,4.430060453022488,4.438282282050913,4.447249660415789,4.491048783312345,4.64987303433159,4.659852979736074,4.725005326654553,4.725005326654553,4.8428460870138235,4.953991092614728,4.964696505485207,,4.395213430173292,4.482124551736202,4.496018625192011,4.496819302237391,4.410789814318871,4.403688460492314,4.429706837029533,4.429464432719653,4.450011162744551,4.492697019538894,4.493966005132189,4.526675296058703,4.5181089522013895,4.5181089522013895,4.518037552490758,4.5116453432673955,4.5116453432673955,4.375801431561635,4.394864027910658,4.435250267015041,4.449465036915196,4.449465036915196,4.4526652697780325,4.454943257166572,4.4939323279312395,4.493919141380843,4.531305273669988,4.691177869966386,4.6916056800563295,4.8245641453320065,4.846238877238549,4.847716944570045,4.8572137433750076,4.8800721588158735,4.949778269637584,4.949778269637584,4.949778269637584,4.952908940487027,4.969700660795906,4.970010932467958,,4.424108206057469,4.491048783312345,4.64987303433159,4.46915693167005,"rgba(38, 166, 154, 0.5)",0.10744569128901958,4.45122587753391,0.8262231961195627,57.894349019986905,11.902818580002887,True,False,True,False,False,2.63972168851382,0.0,0.0,0.0,0.0,0,1.0333333333333334,0.9385185185185186,False,False,False,False,0.11354087585110195,0.08955980883069006,False,False,False,False,124891.0,123680.72430220144,False,False,False,False,162.5559893576041,False,False,False,False
2025-08-15 14:00:00+00:00,4.54,4.54,4.54,4.54,0.0,,,,,4.424108206057469,4.49042238942633,4.49042238942633,4.49042238942633,4.494020216211997,4.405608717627539,4.413993842927152,4.448722543320232,4.46992222106221,4.525835959418671,4.525080263636005,4.525080263636005,4.512987390896886,4.430060453022488,4.438282282050913,4.447249660415789,4.491048783312345,4.64987303433159,4.659852979736074,4.725005326654553,4.725005326654553,4.8428460870138235,4.953991092614728,4.964696505485207,,4.395213430173292,4.482124551736202,4.496018625192011,4.496819302237391,4.410789814318871,4.403688460492314,4.429706837029533,4.429464432719653,4.450011162744551,4.492697019538894,4.493966005132189,4.526675296058703,4.5181089522013895,4.5181089522013895,4.518037552490758,4.5116453432673955,4.5116453432673955,4.375801431561635,4.394864027910658,4.435250267015041,4.449465036915196,4.449465036915196,4.4526652697780325,4.454943257166572,4.4939323279312395,4.493919141380843,4.531305273669988,4.691177869966386,4.6916056800563295,4.8245641453320065,4.846238877238549,4.847716944570045,4.8572137433750076,4.8800721588158735,4.949778269637584,4.949778269637584,4.949778269637584,4.952908940487027,4.969700660795906,4.970010932467958,,4.424108206057469,4.491048783312345,4.64987303433159,4.46915693167005,"rgba(38, 166, 154, 0.5)",0.10627632689200527,4.45122587753391,0.8353141763762607,59.07005167411598,11.902818580002887,True,False,True,False,True,2.63972168851382,0.0,0.0,0.0,0.0,0,1.034918276374443,0.9398216939078753,False,False,False,False,0.13526329855550243,0.11241155369309624,False,False,False,False,124891.0,123699.48826650839,False,False,False,False,160.03574146058696,False,False,False,False
2025-08-15 15:00:00+00:00,4.54,4.54,4.54,4.54,0.0,,,,,4.424108206057469,4.49042238942633,4.49042238942633,4.49042238942633,4.494020216211997,4.405608717627539,4.413993842927152,4.448722543320232,4.46992222106221,4.525835959418671,4.525080263636005,4.525080263636005,4.512987390896886,4.430060453022488,4.438282282050913,4.447249660415789,4.491048783312345,4.64987303433159,4.659852979736074,4.725005326654553,4.725005326654553,4.8428460870138235,4.953991092614728,4.964696505485207,,4.395213430173292,4.482124551736202,4.496018625192011,4.496819302237391,4.410789814318871,4.403688460492314,4.429706837029533,4.429464432719653,4.450011162744551,4.492697019538894,4.493966005132189,4.526675296058703,4.5181089522013895,4.5181089522013895,4.518037552490758,4.5116453432673955,4.5116453432673955,4.375801431561635,4.394864027910658,4.435250267015041,4.449465036915196,4.449465036915196,4.4526652697780325,4.454943257166572,4.4939323279312395,4.493919141380843,4.531305273669988,4.691177869966386,4.6916056800563295,4.8245641453320065,4.846238877238549,4.847716944570045,4.8572137433750076,4.8800721588158735,4.949778269637584,4.949778269637584,4.949778269637584,4.952908940487027,4.969700660795906,4.970010932467958,,4.424108206057469,4.491048783312345,4.64987303433159,4.46915693167005,"rgba(38, 166, 154, 0.5)",0.10498163717595008,4.45122587753391,0.8456157177021679,59.853853443535364,11.902818580002887,True,False,True,False,True,2.63972168851382,0.0,0.0,0.0,0.0,0,1.0381165919282511,0.9394618834080719,False,False,False,False,0.13526329855550243,0.12383742612429934,False,False,False,False,124891.0,123717.96131664002,False,False,False,False,157.5545671743763,False,False,False,False
2025-08-15 16:00:00+00:00,4.54,4.565,4.54,4.565,4.0,,,,,4.424245323678995,4.490454020930325,4.490454020930325,4.490454020930325,4.494049541642286,4.405628632323697,4.41401161704248,4.4487297973858455,4.469927395741679,4.525837599110059,4.525081627220106,4.525081627220106,4.51298893070232,4.430062931245413,4.438284562280403,4.447251736629967,4.491049923135049,4.649871963836891,4.6598518034014,4.725003549599374,4.725003549599374,4.842843889930654,4.9539885119994835,4.964693872282896,,4.395459923664122,4.482163650668765,4.496046560724704,4.49684652414525,4.410815854456741,4.40370926253286,4.42972112787033,4.429478710667116,4.450018217496519,4.492700647478615,4.493969547592481,4.526676598177235,4.518110567623996,4.518110567623996,4.518039170514955,4.511646861014892,4.511646861014892,4.375805487654459,4.394867411469689,4.435252621220863,4.449467063698384,4.449467063698384,4.452667224158829,4.454945161582217,4.493933409786265,4.493920222996958,4.5313056033030765,4.691176390809454,4.691604197173363,4.824561970949793,4.846236716219648,4.847714796038579,4.857211606705935,4.880069953888673,4.949775709592239,4.949775709592239,4.949775709592239,4.952906365160765,4.969698003470968,4.970008273672837,,4.424245323678995,4.491049923135049,4.649871963836891,4.469186896690198,"rgba(38, 166, 154, 1.0)",0.10267757634792195,4.451323027048419,1.1071255964046922,61.463479519232216,11.902818580002887,True,False,True,False,True,3.5890766914321333,0.0,0.0,0.0,0.0,0,1.0343283582089555,0.9358208955223881,False,False,False,False,0.15085618552711783,0.13734680582570857,False,False,False,False,124895.0,123736.20997839753,False,False,False,False,155.17387621043247,False,False,False,False
2025-08-15 17:00:00+00:00,4.565,4.565,4.56,4.56,2.0,,,,,4.42431636081675,4.4904710188168835,4.4904710188168835,4.4904710188168835,4.4940653640653645,4.405638917268122,4.41402081386899,4.44873359205251,4.4699301319812115,4.52583855184609,4.525082416890607,4.525082416890607,4.512989788694123,4.430064219255664,4.438285750514833,4.447252822145164,4.491050536457701,4.649871457311623,4.659851243744217,4.725002687476788,4.725002687476788,4.842842810594878,4.953987237941837,4.964692571828072,,4.395586702262904,4.482184495717533,4.4960616701205005,4.496861262695165,4.4108293172690765,4.40372000135971,4.429728553473278,4.429486129038293,4.450021909880121,4.492702603073782,4.4939714599134675,4.5266773577328445,4.518111480022903,4.518111480022903,4.518040084189363,4.511647704128214,4.511647704128214,4.3758075716971465,4.394869155474699,4.435253846762873,4.449468124326472,4.449468124326472,4.452668248300918,4.4549461605666325,4.493933993811967,4.493920806884636,4.531305800609787,4.691175678734369,4.691603483217158,4.824560904063018,4.846235654379219,4.8477137402396595,4.857210556155893,4.880068868480892,4.94977444586267,4.94977444586267,4.94977444586267,4.952905093758568,4.969696690905448,4.97000696036905,,4.42431636081675,4.491050536457701,4.649871457311623,4.46920258258762,"rgba(38, 166, 154, 1.0)",0.1002448354132304,4.451374451298726,1.0836024444899954,62.13411701568248,7.068085694526779,True,False,True,False,True,3.3792149636295683,0.0,0.0,0.0,0.0,0,1.0396409872849663,0.9341810022438296,False,False,False,False,0.1617702789240465,0.14955854237487753,False,False,False,False,124893.0,123754.14470741461,False,False,False,False,152.79908743197615,False,False,False,False
2025-08-15 18:00:00+00:00,4.56,4.57,4.56,4.565,0.0,,,,,4.42431636081675,4.4904710188168835,4.4904710188168835,4.4904710188168835,4.4940653640653645,4.405638917268122,4.41402081386899,4.44873359205251,4.4699301319812115,4.52583855184609,4.525082416890607,4.525082416890607,4.512989788694123,4.430064219255664,4.438285750514833,4.447252822145164,4.491050536457701,4.649871457311623,4.659851243744217,4.725002687476788,4.725002687476788,4.842842810594878,4.953987237941837,4.964692571828072,,4.395586702262904,4.482184495717533,4.4960616701205005,4.496861262695165,4.4108293172690765,4.40372000135971,4.429728553473278,4.429486129038293,4.450021909880121,4.492702603073782,4.4939714599134675,4.5266773577328445,4.518111480022903,4.518111480022903,4.518040084189363,4.511647704128214,4.511647704128214,4.3758075716971465,4.394869155474699,4.435253846762873,4.449468124326472,4.449468124326472,4.452668248300918,4.4549461605666325,4.493933993811967,4.493920806884636,4.531305800609787,4.691175678734369,4.691603483217158,4.824560904063018,4.846235654379219,4.8477137402396595,4.857210556155893,4.880068868480892,4.94977444586267,4.94977444586267,4.94977444586267,4.952905093758568,4.969696690905448,4.97000696036905,,4.42431636081675,4.491050536457701,4.649871457311623,4.46920258258762,"rgba(38, 166, 154, 1.0)",0.09776087760033551,4.451374451298726,1.1622803670584534,62.83160776172876,8.090573709426202,True,False,True,False,True,3.5738415988766867,0.0,0.0,0.0,0.0,0,1.039759939984996,0.9347336834208552,False,False,False,False,0.16250548703819445,0.156032014706536,False,False,False,False,124893.0,123771.80137861749,False,False,False,False,150.43010933225557,False,False,False,False
2025-08-15 19:00:00+00:00,4.565,4.595,4.54,4.54,732.0,,,,,4.445637904803305,4.495923242966378,4.495923242966378,4.495923242966378,4.499135323490319,4.409235773665861,4.41723732821793,4.450065028102324,4.47088475666426,4.52615175455922,4.52534303805149,4.52534303805149,4.51328042953506,4.430522046250967,4.4387074046528,4.4476372073967285,4.491263736898001,4.649679467710376,4.65963989727195,4.724681333684524,4.724681333684524,4.842443652879119,4.953517530714434,4.964213236388173,,4.431105645000994,4.488852073365232,4.500901642245346,4.501583928071648,4.415494987468671,4.407473797678274,4.432324051098246,4.432079369443681,4.451317251294792,4.493376740008982,4.4946300774933725,4.526926883109892,4.518417508592495,4.518417508592495,4.51834658270204,4.511933948699047,4.511933948699047,4.3765535814656396,4.395492313968528,4.435689019196805,4.449843479161958,4.449843479161958,4.453030372548286,4.455299156063036,4.494136586658646,4.494123354168011,4.531369933470989,4.690908889711958,4.691336011149943,4.824166060525013,4.845843006176961,4.847323343648005,4.856822224786114,4.879667951926192,4.949308505160232,4.949308505160232,4.949308505160232,4.952436354971025,4.969212938493269,4.969522938731894,,4.445637904803305,4.491263736898001,4.649679467710376,4.474051505175078,"rgba(38, 166, 154, 0.5)",0.09552661060318164,4.461856110397709,0.818032683342044,61.076660147351944,8.090573709426202,True,False,True,False,True,2.499344724230511,0.0,0.0,0.0,0.0,0,1.0344311377245508,0.9348802395209581,False,False,False,False,0.16571845467906823,0.16087523469280213,False,False,False,False,124161.0,123777.8354657707,False,False,False,False,159.44669678446866,False,False,False,False
2025-08-18 14:00:00+00:00,4.54,4.54,4.52,4.52,6.0,,,,,4.445743433904928,4.495943475558481,4.495943475558481,4.495943475558481,4.499153114342129,4.409258442993038,4.417257316528655,4.450072654962225,4.470889693626187,4.526151795236402,4.525343123083897,4.525343123083897,4.513281132796881,4.43052485900499,4.438709936935512,4.447639448932675,4.491264656398892,4.649677352961952,4.659637628194543,4.7246782043042375,4.7246782043042375,4.842440021568151,4.953513377121856,4.96420900590808,,4.43127628968254,4.488879193561241,4.500918046123373,4.501599713306762,4.415523803352341,4.407497512932749,4.432339655235786,4.432094971043179,4.451324636923534,4.493379542584538,4.494632764412885,4.526926866298416,4.518418023018134,4.518418023018134,4.518347101426686,4.51193468908004,4.51193468908004,4.376558610267405,4.395496412718749,4.435691655758796,4.449845650228441,4.449845650228441,4.453032441002881,4.455301153306778,4.494137425455506,4.4941241929456055,4.531369841995328,4.690906186069513,4.691333302260194,4.824162443987449,4.845839438180201,4.847319797861777,4.856818708665109,4.879664346413912,4.949304381597253,4.949304381597253,4.949304381597253,4.952432209102048,4.969208672774605,4.969518670868458,,4.445743433904928,4.491264656398892,4.649677352961952,4.474074165716491,"rgba(38, 166, 154, 0.5)",0.0930933852557576,4.461883179713346,0.6242851747950522,58.26877629619673,8.090573709426202,True,False,True,False,False,1.6437505288705552,0.0,0.0,0.0,0.0,0,1.0322097378277153,0.9400749063670415,False,False,False,False,0.10136608079071484,0.1311206577417585,False,False,False,False,124155.0,123783.68297792929,False,False,False,False,157.0676782296707,False,False,False,False
2025-08-18 15:00:00+00:00,4.52,4.575,4.52,4.575,54.0,,,,,4.447028534649218,4.496301021335369,4.496301021335369,4.496301021335369,4.499485669414998,4.409514105240618,4.417486120397948,4.450168086964215,4.470957964243079,4.526173475429247,4.525361223172216,4.525361223172216,4.513301636895646,4.430558063279128,4.438740492009051,4.447667273171233,4.491279940681244,4.6496629644271685,4.659621816599736,4.72465431074591,4.72465431074591,4.842410448099663,4.953478625506906,4.964173545573736,,4.433259617262253,4.489313935075218,4.501235668565801,4.50190985259352,4.415852297215757,4.407764150943395,4.432524451784569,4.43227962302132,4.45141748412686,4.493427457798217,4.494679554332594,4.526944148506862,4.51843947798507,4.51843947798507,4.518368591041738,4.511954911662355,4.511954911662355,4.376612896623836,4.395541724152893,4.435723200589759,4.449872812717788,4.449872812717788,4.45305863429003,4.455326677609286,4.494151933088433,4.494138697416738,4.53137426929014,4.690886301188229,4.691313367234571,4.824133180989114,4.845810347761185,4.847290874647339,4.856789942141136,4.879634657611198,4.949269907211694,4.949269907211694,4.949269907211694,4.9523975287686515,4.969172887320365,4.969482865598326,,4.447028534649218,4.491279940681244,4.6496629644271685,4.474379487436051,"rgba(38, 166, 154, 1.0)",0.09342034232627759,4.462394482962864,1.2053639949621764,59.69390239243046,8.090573709426202,True,False,True,False,False,3.8480137057231403,0.0,0.0,0.0,0.0,0,1.0324283559577676,0.9457013574660632,False,False,False,False,0.11285497055260117,0.12198781414717982,False,False,False,False,124209.0,123790.27704028698,False,False,False,False,155.4697297299859,False,False,False,False
2025-08-18 16:00:00+00:00,4.575,4.595,4.575,4.595,40.0,,,,,4.448230872863931,4.496700683964825,4.496700683964825,4.496700683964825,4.499864591107794,4.4097435445068145,4.417693572541636,4.450259653831714,4.471027123504257,4.52620617178425,4.525388165705791,4.525388165705791,4.513327894477447,4.430588821090664,4.438769190187287,4.447693859711297,4.491296738609944,4.649655937417636,4.659613708910032,4.724639951722615,4.724639951722615,4.8423909730299775,4.953454941456653,4.9641493234857075,,4.435055491217911,4.4897821118991335,4.501601702038243,4.502268903199003,4.416149140923042,4.408002920110191,4.43269581156631,4.432450781464217,4.4515068154261925,4.493480653177139,4.494731850776412,4.526970562398037,4.518468507289114,4.518468507289114,4.5183976428494805,4.511980480442781,4.511980480442781,4.376660156177338,4.39558186502876,4.435752671819608,4.449898887654346,4.449898887654346,4.453083955724439,4.455351481640341,4.494168116502355,4.4941548761549,4.531381652499938,4.690875049714048,4.69130207633796,4.824114074695283,4.8457911626237715,4.847271787794085,4.856770885095007,4.879614825342257,4.949246433952248,4.949246433952248,4.949246433952248,4.952373898900609,4.969148418178833,4.969458381377883,,4.448230872863931,4.491296738609944,4.649655937417636,4.474682766597256,"rgba(38, 166, 154, 1.0)",0.0923835034609006,4.462969603647311,1.4291555462449839,61.62699592094965,8.090573709426202,True,False,True,False,True,4.632597042447173,0.0,0.0,0.0,0.0,0,1.0272727272727271,0.9484848484848483,False,False,False,False,0.16743920252153655,0.1447135083343582,False,False,False,False,124249.0,123797.38902415849,False,False,False,False,153.67950136207912,False,False,False,False
2025-08-18 17:00:00+00:00,4.595,4.62,4.585,4.62,120.0,,,,4.608333333333333,4.4522159994468655,4.498136319794234,4.498136319794234,4.498136319794234,4.501234866828088,4.410505032752834,4.418385508035406,4.450573312829336,4.471269403639823,4.526335565329656,4.525494493168538,4.525494493168538,4.5134275322420425,4.430692712595306,4.4388667225883776,4.447784892918705,4.491357476891497,4.649641738348575,4.659596218417322,4.724603210747527,4.724603210747527,4.842337163686616,4.95338779869891,4.964080542073352,,4.440873437791456,4.491440170940171,4.502930587258767,4.503574579400903,4.417136303969409,4.408794479200965,4.433273408239701,4.433027603170266,4.451813182042646,4.49367345606476,4.494921838343577,4.527075450752897,4.518580339735347,4.518580339735347,4.5185095367941575,4.512077149888105,4.512077149888105,4.376815192377043,4.395714672146072,4.4358525974140885,4.4499883464142105,4.4499883464142105,4.453171087996308,4.455437021229009,4.494226938021942,4.494213679248659,4.531411565011478,4.690847890761016,4.691274794832088,4.8240616348609375,4.845738094085195,4.8472189655246565,4.856717988526144,4.879559428798325,4.949179933786322,4.949179933786322,4.949179933786322,4.95230692128571,4.969078883905083,4.969388801114101,,4.4522159994468655,4.491357476891497,4.649641738348575,4.479311418603626,"rgba(0, 255, 255, 0.75)",0.09175530522010457,4.473744893757849,1.5939689360883411,64.0622970077286,9.620276183583975,True,False,True,False,True,5.608578957789955,0.0,0.0,0.0,0.0,0,1.0302800908402723,0.9401968205904616,False,False,False,False,0.19323446137149658,0.1689739848529274,False,False,False,False,124369.0,123806.25120983046,False,False,False,False,153.15733855026394,False,False,False,False
2025-08-18 18:00:00+00:00,4.62,4.62,4.61,4.61,4.0,,,4.613333333333333,4.608494623655914,4.452349568221072,4.49818568112837,4.49818568112837,4.49818568112837,4.501282051282051,4.410530954130588,4.418409090909089,4.450584077380957,4.471277758989969,4.52634013400027,4.525498246363653,4.525498246363653,4.513431024688661,4.430696270968497,4.438870067600064,4.44778802002906,4.491359586908388,4.649641322482847,4.659595692451689,4.724602039097165,4.724602039097165,4.842335408783946,4.9533855934813875,4.964078282035052,,4.441066238121856,4.49149697110904,4.502976388024614,4.503619599398414,4.417169890724415,4.408821415245494,4.43329314407848,4.433047311945493,4.451823699218097,4.493680151447329,4.494928439037307,4.5270791572223015,4.51858427009015,4.51858427009015,4.518513469147962,4.512080536071097,4.512080536071097,4.376820468208027,4.395719200231658,4.43585602277388,4.449991420738289,4.449991420738289,4.453174084259364,4.455439964090903,4.49422898356583,4.494215724142274,4.531412626480209,4.690847040608621,4.6912739405597215,4.824059927809041,4.845736362789835,4.847217242029393,4.85671626118102,4.879557616670131,4.949177750071527,4.949177750071527,4.949177750071527,4.952304721594029,4.969076598676384,4.969386514346272,,4.452349568221072,4.491359586908388,4.649641322482847,4.482866371488994,"rgba(38, 166, 154, 1.0)",0.0909379057527784,4.482821416431111,1.398521139409496,64.69937293169248,10.337613246230092,True,False,True,False,True,5.1548110705812995,0.0,0.0,0.0,0.0,0,1.0380517503805176,0.9383561643835615,False,False,False,False,0.20224797658096325,0.18561098071694532,False,False,False,False,124365.0,123814.91398177107,False,False,False,False,150.84482167351564,False,False,False,False
2025-08-18 19:00:00+00:00,4.61,4.615,4.56,4.615,35.0,,,4.598376068376069,4.6058909853249475,4.453388888888891,4.498553539665599,4.498553539665599,4.498553539665599,4.501632068218354,4.410738867258142,4.418597575098434,4.450668567021955,4.471342253769511,4.526372434517873,4.525524844278342,4.525524844278342,4.513456476789563,4.430724560045063,4.438896535418984,4.44781262295753,4.491375524105616,4.649636013899575,4.659589432939139,4.724590252753501,4.724590252753501,4.842318937057399,4.953365353387818,4.9640575683186885,,4.442573576898237,4.491924043779248,4.503315249216354,4.5039523517591356,4.417438357335157,4.409037620441316,4.433449679250277,4.433203654663427,4.451906175771976,4.49373054821526,4.494978038407251,4.527105311197974,4.518612599818246,4.518612599818246,4.5185418178049535,4.512105280020505,4.512105280020505,4.376863369332299,4.395755779079162,4.435883174940103,4.450015571853993,4.450015571853993,4.453197569023915,4.455462991864313,4.494244374899835,4.494231110863186,4.5314200237951745,4.6908380032753465,4.691264868231657,4.824043811012691,4.845720128743513,4.8472010879576795,4.856700113015602,4.879540769012186,4.949157695606501,4.949157695606501,4.949157695606501,4.952284529211154,4.969055667429985,4.969365569818069,,4.453388888888891,4.491375524105616,4.649636013899575,4.482432311147397,"rgba(38, 166, 154, 1.0)",0.09119566134771522,4.482422081186986,1.4537744104680048,65.39153155159457,11.186393520317097,True,False,True,False,True,5.354837497678865,0.0,0.0,0.0,0.0,0,1.0235383447228552,0.9453302961275628,False,False,False,False,0.15864309536059087,0.1721270380387681,False,False,False,False,124400.0,123823.98508282888,False,False,False,False,149.04877792663942,False,False,False,False
2025-08-19 14:00:00+00:00,4.615,4.615,4.52,4.52,4.0,,,4.594031007751939,4.604560327198365,4.453469709429826,4.498576203683948,4.498576203683948,4.498576203683948,4.5016530426884644,4.410756855361965,4.418613653526656,4.450675242485835,4.471346975263288,4.526373762159703,4.525525960806088,4.525525960806088,4.513457812063182,4.430726915903325,4.438898697132927,4.4478145843366494,4.491376566884738,4.649634891912955,4.659588206094457,4.72458843208839,4.72458843208839,4.842316709896669,4.9533627485786855,4.964054911246419,,4.442694221730716,4.491951756929143,4.503335227077091,4.503971844891566,4.417461297443566,4.409056379399159,4.433462622834151,4.433216589777888,4.451912667425849,4.493733788173231,4.494981196724052,4.527106366148385,4.518613970346875,4.518613970346875,4.51854319094106,4.512106602590889,4.512106602590889,4.376867267689185,4.395759022526413,4.435885409129066,4.450017484683262,4.450017484683262,4.45319941081574,4.455464784576802,4.4942453609103055,4.494232096678226,4.53142028609986,4.690836477056296,4.691263338338055,4.8240416047347665,4.845717938356283,4.847198910331043,4.8566979482876,4.879538537410976,4.9491551112360925,4.9491551112360925,4.9491551112360925,4.952281929657506,4.969052986385668,4.969362887312979,,4.453469709429826,4.491376566884738,4.649634891912955,4.482224764251151,#000000,0.0903771875864398,4.482165565642022,0.4186281446497896,58.393870164694505,13.030330954732534,True,False,True,False,False,1.127932916905447,0.0,0.0,0.0,0.0,0,1.0188253012048192,0.9442771084337349,False,False,False,False,0.11183885936616841,0.14198294870246825,False,False,False,False,124396.0,123832.85353115712,False,False,False,False,146.7999596642109,False,False,False,False
2025-08-19 15:00:00+00:00,4.52,4.52,4.52,4.52,0.0,,,4.594031007751939,4.604560327198365,4.453469709429826,4.498576203683948,4.498576203683948,4.498576203683948,4.5016530426884644,4.410756855361965,4.418613653526656,4.450675242485835,4.471346975263288,4.526373762159703,4.525525960806088,4.525525960806088,4.513457812063182,4.430726915903325,4.438898697132927,4.4478145843366494,4.491376566884738,4.649634891912955,4.659588206094457,4.72458843208839,4.72458843208839,4.842316709896669,4.9533627485786855,4.964054911246419,,4.442694221730716,4.491951756929143,4.503335227077091,4.503971844891566,4.417461297443566,4.409056379399159,4.433462622834151,4.433216589777888,4.451912667425849,4.493733788173231,4.494981196724052,4.527106366148385,4.518613970346875,4.518613970346875,4.51854319094106,4.512106602590889,4.512106602590889,4.376867267689185,4.395759022526413,4.435885409129066,4.450017484683262,4.450017484683262,4.45319941081574,4.455464784576802,4.4942453609103055,4.494232096678226,4.53142028609986,4.690836477056296,4.691263338338055,4.8240416047347665,4.845717938356283,4.847198910331043,4.8566979482876,4.879538537410976,4.9491551112360925,4.9491551112360925,4.9491551112360925,4.952281929657506,4.969052986385668,4.969362887312979,,4.453469709429826,4.491376566884738,4.649634891912955,4.482224764251151,#000000,0.09044026449231526,4.482165565642022,0.4183361754895364,53.7287625734278,8.922322256597738,False,False,True,False,False,1.127932916905447,0.0,0.0,0.0,0.0,0,1.0192604006163328,0.9745762711864409,False,False,False,False,0.03301189598425982,0.08749742234336404,False,False,False,False,124396.0,123841.58448416243,False,False,False,False,144.5239912973239,False,False,False,False
2025-08-19 16:00:00+00:00,4.52,4.52,4.52,4.52,0.0,,,4.594031007751939,4.604560327198365,4.453469709429826,4.498576203683948,4.498576203683948,4.498576203683948,4.5016530426884644,4.410756855361965,4.418613653526656,4.450675242485835,4.471346975263288,4.526373762159703,4.525525960806088,4.525525960806088,4.513457812063182,4.430726915903325,4.438898697132927,4.4478145843366494,4.491376566884738,4.649634891912955,4.659588206094457,4.72458843208839,4.72458843208839,4.842316709896669,4.9533627485786855,4.964054911246419,,4.442694221730716,4.491951756929143,4.503335227077091,4.503971844891566,4.417461297443566,4.409056379399159,4.433462622834151,4.433216589777888,4.451912667425849,4.493733788173231,4.494981196724052,4.527106366148385,4.518613970346875,4.518613970346875,4.51854319094106,4.512106602590889,4.512106602590889,4.376867267689185,4.395759022526413,4.435885409129066,4.450017484683262,4.450017484683262,4.45319941081574,4.455464784576802,4.4942453609103055,4.494232096678226,4.53142028609986,4.690836477056296,4.691263338338055,4.8240416047347665,4.845717938356283,4.847198910331043,4.8566979482876,4.879538537410976,4.9491551112360925,4.9491551112360925,4.9491551112360925,4.952281929657506,4.969052986385668,4.969362887312979,,4.453469709429826,4.491376566884738,4.649634891912955,4.482224764251151,#000000,0.09032364231118481,4.482165565642022,0.4188763139957237,50.61869084591666,6.272058606115337,False,False,False,False,False,1.127932916905447,0.0,0.0,0.0,0.0,0,1.0046692607003893,0.975875486381323,False,False,False,False,0.03301189598425982,0.060254659163811924,False,False,False,False,124396.0,123850.18007355527,False,False,False,False,142.28330926170648,False,False,False,False
2025-08-19 17:00:00+00:00,4.52,4.52,4.39,4.425,29.0,,,4.534004629629631,4.580460069444444,4.453419510865864,4.498410968130738,4.498410968130738,4.498410968130738,4.50148138473862,4.410788514468495,4.4186367477515525,4.450672524278263,4.471335752091934,4.5263428081727595,4.525501033627589,4.525501033627589,4.513440472343288,4.430728931325959,4.438899544954329,4.447814199008312,4.4913707522697806,4.6496179024716,4.6595705219285675,4.724567091819268,4.724567091819268,4.842294638564256,4.953338850290008,4.964030666071785,,4.442712561711464,4.491794382801664,4.5031610024030195,4.503797691785471,4.417495377087423,4.409090620414776,4.433471773972978,4.433225910570436,4.451909407741052,4.493714037490451,4.494961016359207,4.5270808062375005,4.518591848013817,4.518591848013817,4.518521095144854,4.512090341663951,4.512090341663951,4.376878281955515,4.395766448092548,4.435886684063035,4.450016800253378,4.450016800253378,4.4531982990780055,4.455463370970046,4.494239231054284,4.494225971102542,4.531412169653156,4.690816932902375,4.69124377312106,4.824019346591039,4.845696298820527,4.847177425544394,4.856676767103329,4.879517095951264,4.949131347805456,4.949131347805456,4.949131347805456,4.952258066085944,4.969028582668949,4.969338473986882,,4.453419510865864,4.4913707522697806,4.6496179024716,4.478811618721473,"rgba(239, 83, 80, 0.5)",0.08954902024603886,4.477700377392744,-0.5885086988997573,43.764827574765675,0.1717241209698983,False,True,False,True,False,0.0,0.0,0.0,0.0,0.0,0,0.9869130100076982,0.9730561970746727,False,False,False,False,-0.07438696572262085,-0.0070661532794044635,False,False,False,False,124367.0,123858.19278559317,False,False,False,False,140.526978885556,False,False,False,False
2025-08-19 18:00:00+00:00,4.425,4.44,4.34,4.44,1276.0,,,4.413468100890209,4.429397138964579,4.443749121953856,4.487448731154602,4.487448731154602,4.487448731154602,4.490327740389048,4.410627393315564,4.4181928702896425,4.4497642770876515,4.470145964001636,4.524372728875586,4.52390421129119,4.52390421129119,4.512263616915295,4.430580355702663,4.4387036666619055,4.447567819317421,4.490906033583289,4.64873362694536,4.6586567981214175,4.723503026264928,4.723503026264928,4.841232454137278,4.952210418412437,4.96288749313509,,4.433367872138697,4.480853310502283,4.491953395230293,4.492627974044701,4.416936193174154,4.408993105912519,4.432567833042621,4.432332621645844,4.45098977830878,4.492188987441419,4.49341981185848,4.525453743218298,4.517131197839961,4.517131197839961,4.517061711605777,4.510978187480192,4.510978187480192,4.3770886700688925,4.395838296751265,4.4357079452282475,4.449758165320069,4.449758165320069,4.452922344611762,4.455175055565846,4.493762214357982,4.493749230149961,4.530898792149776,4.689826432237945,4.690252434526449,4.822943780080663,4.844655600223425,4.846144474398818,4.855660367561854,4.878492717009795,4.948008633292679,4.948008633292679,4.948008633292679,4.951131106743984,4.967878681774893,4.968188166168394,,4.443749121953856,4.490906033583289,4.64873362694536,4.463519214681634,#000000,0.08857571708801498,4.452238233964672,-0.13816691941100345,40.46071939590498,-2.5759906788093474,False,True,False,True,False,0.0,0.0,0.0,0.0,0.0,0,0.9778963414634148,0.9832317073170733,False,False,False,False,-0.18353338829751714,-0.0952997707884608,False,False,False,False,125643.0,123885.86421527389,False,False,False,False,158.13121177105123,False,False,False,False
2025-08-19 19:00:00+00:00,4.44,4.47,4.4,4.425,418.0,,,4.417775575688941,4.42990014139272,4.442982389555186,4.485347541377549,4.485347541377549,4.485347541377549,4.488151057848794,4.410893399070404,4.418354580605642,4.449642738558106,4.4699154400699435,4.523875479590919,4.523499970293328,4.523499970293328,4.511973657408603,4.430582548574557,4.438689685712159,4.447536690380183,4.490799755930769,4.648475121132165,4.6583884624739005,4.723183382420238,4.723183382420238,4.840905575381027,4.951858665545823,4.962530810455398,,4.433234706616729,4.47886606740125,4.489743657196305,4.490414857275201,4.41718123209169,4.409288025889967,4.432557986546774,4.432325364132514,4.450861962559149,4.491843617747441,4.493068707862368,4.525040431835196,4.516767385651534,4.516767385651534,4.516698280338434,4.510705044230045,4.510705044230045,4.377214653604588,4.3959154935627485,4.435699863328503,4.4497228755424905,4.4497228755424905,4.45288113041838,4.455129641953741,4.493651608706092,4.493638694728056,4.530765192679123,4.689531972971022,4.689957682389302,4.822613731682622,4.84433515186841,4.845826335572987,4.8553468903329895,4.878175838457053,4.947658795637439,4.947658795637439,4.947658795637439,4.95077984698775,4.967519746742063,4.967829094697384,,4.442982389555186,4.490799755930769,4.648475121132165,4.463018400558449,#000000,0.08765077100434443,4.4510338653037556,-0.29701809813475977,37.608746318587364,-5.065206282794506,False,True,False,True,False,0.0,0.0,0.0,0.0,0.0,0,0.984825493171472,0.9817905918057662,False,False,False,False,-0.1076641344998628,-0.1014819526441618,False,False,False,False,125225.0,123906.62601038592,False,False,False,False,162.16018523196516,False,False,False,False
2025-08-20 14:00:00+00:00,4.425,4.425,4.425,4.425,0.0,,,4.417775575688941,4.42990014139272,4.442982389555186,4.485347541377549,4.485347541377549,4.485347541377549,4.488151057848794,4.410893399070404,4.418354580605642,4.449642738558106,4.4699154400699435,4.523875479590919,4.523499970293328,4.523499970293328,4.511973657408603,4.430582548574557,4.438689685712159,4.447536690380183,4.490799755930769,4.648475121132165,4.6583884624739005,4.723183382420238,4.723183382420238,4.840905575381027,4.951858665545823,4.962530810455398,,4.433234706616729,4.47886606740125,4.489743657196305,4.490414857275201,4.41718123209169,4.409288025889967,4.432557986546774,4.432325364132514,4.450861962559149,4.491843617747441,4.493068707862368,4.525040431835196,4.516767385651534,4.516767385651534,4.516698280338434,4.510705044230045,4.510705044230045,4.377214653604588,4.3959154935627485,4.435699863328503,4.4497228755424905,4.4497228755424905,4.45288113041838,4.455129641953741,4.493651608706092,4.493638694728056,4.530765192679123,4.689531972971022,4.689957682389302,4.822613731682622,4.84433515186841,4.845826335572987,4.8553468903329895,4.878175838457053,4.947658795637439,4.947658795637439,4.947658795637439,4.95077984698775,4.967519746742063,4.967829094697384,,4.442982389555186,4.490799755930769,4.648475121132165,4.463018400558449,#000000,0.08791186208637519,4.4510338653037556,-0.2961359785346934,35.707430933708956,-6.837267242197022,False,True,False,True,False,0.0,0.0,0.0,0.0,0.0,0,0.9876733436055467,0.9984591679506931,False,False,False,False,-0.1243876260829145,-0.11293478936353815,False,False,False,False,125225.0,123927.06591720165,False,False,False,False,159.64607383301995,False,False,False,False
2025-08-20 15:00:00+00:00,4.425,4.425,4.37,4.37,11.0,,,4.41759332207841,4.429659110876825,4.442891280185917,4.485251470411715,4.485251470411715,4.485251470411715,4.4880536833392455,4.410885895420092,4.41834510175378,4.44963190528971,4.469902580343156,4.523856350448623,4.523484383081032,4.523484383081032,4.511961952873544,4.43058030432536,4.438687053038153,4.447533640547242,4.49079491856398,4.648466968656657,4.658380061556435,4.723173731222823,4.723173731222823,4.840896070247522,4.951848644742652,4.962520664874053,,4.433142403289105,4.47876991406778,4.48964593371295,4.490317425885755,4.417168609199517,4.409280855652678,4.432545273995872,4.432312751409633,4.450851080100421,4.491828075874841,4.493053039575684,4.525024579564703,4.5167529996775455,4.5167529996775455,4.5166839054716235,4.5106939547222025,4.5106939547222025,4.377215328970981,4.395915063673038,4.4356973706871825,4.449719724437436,4.449719724437436,4.452877836995394,4.455126246405007,4.493646672234488,4.493633760964074,4.530760146523917,4.6895229324587016,4.68994863502416,4.822604091834891,4.844325840923817,4.8458170948175106,4.855337804096501,4.878166696922042,4.947648823175687,4.947648823175687,4.947648823175687,4.950769838637929,4.967509544246231,4.967818888762584,,4.442891280185917,4.49079491856398,4.648466968656657,4.462959918655234,"rgba(239, 83, 80, 0.5)",0.0888726693159921,4.450932349149577,-0.910655095345643,32.198756782110635,-10.210563219294698,False,True,False,True,False,0.0,0.0,0.0,0.0,0.0,0,0.9898039215686273,0.9984313725490194,False,False,False,False,-0.17076580259948576,-0.14185029598151194,False,False,False,False,125214.0,123947.01838360161,False,False,False,False,157.34148354103513,False,False,False,False
2025-08-20 16:00:00+00:00,4.37,4.37,4.37,4.37,0.0,,,4.41759332207841,4.429659110876825,4.442891280185917,4.485251470411715,4.485251470411715,4.485251470411715,4.4880536833392455,4.410885895420092,4.41834510175378,4.44963190528971,4.469902580343156,4.523856350448623,4.523484383081032,4.523484383081032,4.511961952873544,4.43058030432536,4.438687053038153,4.447533640547242,4.49079491856398,4.648466968656657,4.658380061556435,4.723173731222823,4.723173731222823,4.840896070247522,4.951848644742652,4.962520664874053,,4.433142403289105,4.47876991406778,4.48964593371295,4.490317425885755,4.417168609199517,4.409280855652678,4.432545273995872,4.432312751409633,4.450851080100421,4.491828075874841,4.493053039575684,4.525024579564703,4.5167529996775455,4.5167529996775455,4.5166839054716235,4.5106939547222025,4.5106939547222025,4.377215328970981,4.395915063673038,4.4356973706871825,4.449719724437436,4.449719724437436,4.452877836995394,4.455126246405007,4.493646672234488,4.493633760964074,4.530760146523917,4.6895229324587016,4.68994863502416,4.822604091834891,4.844325840923817,4.8458170948175106,4.855337804096501,4.878166696922042,4.947648823175687,4.947648823175687,4.947648823175687,4.950769838637929,4.967509544246231,4.967818888762584,,4.442891280185917,4.49079491856398,4.648466968656657,4.462959918655234,"rgba(239, 83, 80, 0.5)",0.08887043915134682,4.450932349149577,-0.9106779478353694,29.85964068104509,-12.532752878517066,False,True,False,True,False,0.0,0.0,0.0,0.0,0.0,0,0.9850980392156862,0.9850980392156862,False,False,False,False,-0.2178836756408887,-0.1798669858112003,False,False,False,False,125214.0,123966.66150943724,False,False,False,False,154.9020806954377,False,False,False,False
2025-08-20 17:00:00+00:00,4.37,4.37,4.35,4.35,17.0,,,4.417015979189894,4.42901079763149,4.4426696900982625,4.485054981273408,4.485054981273408,4.485054981273408,4.487855898934443,4.410858039429013,4.418315019891361,4.4496065253466135,4.4698750017908075,4.5238198925076,4.523454658211485,4.523454658211485,4.511939236185806,4.43057423699569,4.438680426514083,4.447526406898028,4.490785133306441,4.648452836764258,4.65836555700719,4.723157406339948,4.723157406339948,4.8408803534664075,4.9518322885144315,4.962504121350553,,4.43290021112767,4.478569821990875,4.48944818637742,4.490120574135043,4.417127723008427,4.409253046884714,4.432511580120504,4.4322792482979025,4.450825754100699,4.491796719342777,4.493021514587046,4.524994413937754,4.5167252923649155,4.5167252923649155,4.516656216601354,4.510672386004507,4.510672386004507,4.37721340017963,4.395911624894561,4.4356909437361995,4.449712343340272,4.449712343340272,4.452870250982502,4.455118511809592,4.493636750334118,4.493623844224211,4.530750614866507,4.689507492971776,4.6899331859078615,4.822588108445506,4.844310452784896,4.84580182590382,4.855322810288048,4.878151656476276,4.947632539350662,4.947632539350662,4.947632539350662,4.95075350106979,4.9674929154049465,4.967802254776392,,4.4426696900982625,4.490785133306441,4.648452836764258,4.462819809630481,"rgba(239, 83, 80, 1.0)",0.0899580983539431,4.450696245409867,-1.1193683198334736,27.55812932679596,-14.897584432179158,False,True,False,True,False,0.0,0.0,0.0,0.0,0.0,0,0.9850980392156865,0.9850980392156865,False,False,False,False,-0.2352456044845295,-0.2075562951478649,False,False,False,False,125197.0,123985.7365247948,False,False,False,False,152.76406394046967,False,False,False,False
2025-08-20 18:00:00+00:00,4.35,4.36,4.35,4.36,56.0,,,4.41518918918919,4.426954314720814,4.44194773397292,4.484411948841785,4.484411948841785,4.484411948841785,4.487208564631246,4.410766480615476,4.418216133898562,4.449523018750874,4.469784249729211,4.523699908137323,4.523356815872451,4.523356815872451,4.511864451726284,4.430554257541089,4.4386586055351005,4.447502586549942,4.49075290961252,4.648406294327747,4.6583177871774035,4.723103640539304,4.723103640539304,4.840828587755485,4.951778415531966,4.962449631427272,,4.43211313913471,4.477915308405241,4.488800922701949,4.489476202793585,4.416993429054947,4.409161649079246,4.432400799860894,4.4321690946930286,4.450742423524087,4.491693530058819,4.492917770561889,4.524895121223295,4.516634089012801,4.516634089012801,4.516565073939566,4.5106013788144494,4.5106013788144494,4.377207049074156,4.39590030141433,4.435669779994678,4.4496880374174745,4.4496880374174745,4.45284527022223,4.455093041734808,4.493604076590491,4.493591187470285,4.530719223846182,4.689456643614182,4.689882304829664,4.822535465035335,4.844259769312816,4.845751535047056,4.855273425295488,4.8781021176138,4.947578904861463,4.947578904861463,4.947578904861463,4.950699689552847,4.9674381444482005,4.967747466872435,,4.44194773397292,4.49075290961252,4.648406294327747,4.462366465885404,"rgba(239, 83, 80, 0.5)",0.09040364937223504,4.449933619614374,-0.9948007656645995,27.240453856481203,-15.52578873272774,False,True,False,True,False,0.0,0.0,0.0,0.0,0.0,0,0.9851213782302273,0.9835552075176194,False,False,False,False,-0.27179482776838737,-0.23967556145812613,False,False,False,False,125253.0,124005.38402053442,False,False,False,False,151.263845894881,False,False,False,False
2025-08-20 19:00:00+00:00,4.36,4.36,4.16,4.3,267.0,,,4.39729806329712,4.408618685739832,4.435458825790335,4.479488993710692,4.479488993710692,4.479488993710692,4.48229252754821,4.409668232970189,4.417116508902089,4.448771454742015,4.469036254824789,4.5228459714025355,4.522659462226309,4.522659462226309,4.511317953514449,4.430351876939493,4.438449146349566,4.447285151866539,4.4905041319362615,4.64812126257666,4.658027372426026,4.722789261589173,4.722789261589173,4.840539473650734,4.95148574181398,4.962154245612685,4.273333333333333,4.424663796637967,4.472808887226949,4.483906848149723,4.484612305099031,4.415487983568167,4.408045320692379,4.431300714032862,4.431073449246907,4.449996983717324,4.490901391738338,4.492124091873111,4.524189600358538,4.515974884570501,4.515974884570501,4.515906210264318,4.510080934463758,4.510080934463758,4.377054188368653,4.395731919403969,4.435462757759864,4.449468663178673,4.449468663178673,4.452623300560215,4.454869122267901,4.493353834960134,4.493341066907111,4.530498127557713,4.689153758498663,4.689579308127773,4.8222397639827665,4.843976987229077,4.84547106662018,4.854998768524428,4.877828325988628,4.947287272847055,4.947287272847055,4.947287272847055,4.950407284652221,4.967141527955614,4.9674507766023455,4.273333333333333,4.435458825790335,4.4905041319362615,4.64812126257666,4.448480728480953,"rgba(239, 83, 80, 1.0)",0.0921384093984947,4.436359127235793,-1.4799379338756078,24.879878934168648,-18.13839491059032,False,True,False,True,False,0.0,1.0,4.36,4.16,0.0,0,0.9561875480399695,0.9961568024596467,True,False,False,False,-0.34282825441539394,-0.29125190793676003,False,False,False,False,124986.0,124020.58736905325,True,False,False,False,153.05820487325494,False,False,False,False
2025-08-21 14:00:00+00:00,4.3,4.53,4.3,4.53,473.0,,,4.407531531531532,4.416423124231243,4.436599649170154,4.47845119257333,4.47845119257333,4.47845119257333,4.481159456254998,4.410277753184791,4.417597002505702,4.448805669193125,4.468931045228553,4.5224284807313815,4.522318600291752,4.522318600291752,4.511083559095584,4.430404164301679,4.438482478359335,4.4472984985265205,4.490428937606743,4.647859380892005,4.657754191378532,4.722456017186974,4.722456017186974,4.8401903274039295,4.951105334052307,4.961768161184879,4.388387387387388,4.4268637789314305,4.471984183825724,4.4827242121906,4.4834131679904905,4.416177751233045,4.408695236650485,4.431567383145685,4.431342181385061,4.45002163487824,4.490661500661502,4.4918772895004695,4.523839299712571,4.5156756515650365,4.5156756515650365,4.5156073747236,4.509861275917848,4.509861275917848,4.377252530583224,4.395871765259422,4.435503039603003,4.44947716094722,4.44947716094722,4.4526248525121455,4.454865777785963,4.493273452373373,4.493260744073519,4.5303808795673115,4.6888500705608935,4.689275270835875,4.821888225627839,4.843634518055023,4.845130985711486,4.854663213762166,4.877488148888591,4.946909073495533,4.946909073495533,4.946909073495533,4.9500274453355075,4.966752847689465,4.967061938888855,4.388387387387388,4.436599649170154,4.490428937606743,4.647859380892005,4.453706491889767,"rgba(38, 166, 154, 0.5)",0.09228398199758975,4.442923662160475,0.9435693600846049,36.905296160906104,-20.83840266724701,False,True,False,True,True,2.14827475930554,0.0,0.0,0.0,0.0,0,0.9694713328369325,0.9709605361131797,False,False,False,False,-0.09781078071918217,-0.1945313443279711,False,False,False,False,125459.0,124042.88834007567,False,False,False,False,158.01854278219673,False,False,False,False
2025-08-21 15:00:00+00:00,4.53,4.53,4.53,4.53,0.0,,,4.407531531531532,4.416423124231243,4.436599649170154,4.47845119257333,4.47845119257333,4.47845119257333,4.481159456254998,4.410277753184791,4.417597002505702,4.448805669193125,4.468931045228553,4.5224284807313815,4.522318600291752,4.522318600291752,4.511083559095584,4.430404164301679,4.438482478359335,4.4472984985265205,4.490428937606743,4.647859380892005,4.657754191378532,4.722456017186974,4.722456017186974,4.8401903274039295,4.951105334052307,4.961768161184879,4.388387387387388,4.4268637789314305,4.471984183825724,4.4827242121906,4.4834131679904905,4.416177751233045,4.408695236650485,4.431567383145685,4.431342181385061,4.45002163487824,4.490661500661502,4.4918772895004695,4.523839299712571,4.5156756515650365,4.5156756515650365,4.5156073747236,4.509861275917848,4.509861275917848,4.377252530583224,4.395871765259422,4.435503039603003,4.44947716094722,4.44947716094722,4.4526248525121455,4.454865777785963,4.493273452373373,4.493260744073519,4.5303808795673115,4.6888500705608935,4.689275270835875,4.821888225627839,4.843634518055023,4.845130985711486,4.854663213762166,4.877488148888591,4.946909073495533,4.946909073495533,4.946909073495533,4.9500274453355075,4.966752847689465,4.967061938888855,4.388387387387388,4.436599649170154,4.490428937606743,4.647859380892005,4.453706491889767,"rgba(38, 166, 154, 0.5)",0.09251369511473384,4.442923662160475,0.9412264609205635,44.92224097873107,-13.801066888742156,False,True,False,True,True,2.1482747593055613,0.0,0.0,0.0,0.0,0,1.001494768310912,0.9738415545590435,False,False,False,False,0.0751410089585519,-0.059695167684709595,False,False,False,False,125459.0,124064.84355960939,False,False,False,False,155.56864289410066,False,False,False,False
2025-08-21 16:00:00+00:00,4.53,4.605,4.5,4.55,600.0,,,4.434641588296761,4.440938569989931,4.445217825489953,4.481959641136225,4.481959641136225,4.481959641136225,4.48449339322773,4.412737760378907,4.419815964176688,4.449775050000529,4.469628284899647,4.522649549492785,4.522500507914864,4.522500507914864,4.511290596401131,4.43075313118523,4.43880309074743,4.44758983305807,4.490585677436602,4.647695610515534,4.657574897610815,4.72218850397674,4.72218850397674,4.839860687167045,4.950718782997102,4.961373811969759,4.461497512437811,4.437934407648335,4.4760461625601815,4.485948835879846,4.486578425310455,4.4192394169930695,4.411251340882002,4.433383400537635,4.4331570303335015,4.450965458006412,4.491151672603585,4.4923559683136975,4.524012723967802,4.515892425732967,4.515892425732967,4.515824509990868,4.510065541774907,4.510065541774907,4.377825921786076,4.396350091680526,4.43583424015916,4.4497613970349645,4.4497613970349645,4.452898698322289,4.455132444452606,4.493421849961529,4.493409111115818,4.530421827291271,4.688626338130889,4.689050991257727,4.821561982068629,4.843310191013624,4.844808499220703,4.854342463699078,4.8771572760815145,4.946525572607557,4.946525572607557,4.946525572607557,4.949641678556291,4.96635492077999,4.966663793911358,4.461497512437811,4.445217825489953,4.490585677436602,4.647695610515534,4.461171970593438,"rgba(38, 166, 154, 1.0)",0.09293866038733696,4.453560089497579,1.0376726983205071,50.95979072160819,-8.645289590618688,False,False,True,False,True,2.9425988335467537,0.0,0.0,0.0,0.0,0,0.9948491537895514,0.9617365710080943,False,False,False,False,0.1091816800383465,0.02474325617681845,False,False,False,False,126059.0,124095.76071372397,False,False,False,False,162.4590515314014,False,False,False,False
2025-08-21 17:00:00+00:00,4.52,4.53,4.52,4.53,200.0,,,4.440070796460177,4.445823361823363,4.447201721268219,4.482662526530934,4.482662526530934,4.482662526530934,4.4851478004499965,4.41339469511316,4.420402218442517,4.450015840457629,4.469788062990511,4.522659648461231,4.522509097844353,4.522509097844353,4.511316699346129,4.430845049051083,4.438885975048937,4.447663343326595,4.490616434658325,4.647626964590567,4.657501191756414,4.722086473064404,4.722086473064404,4.839741457144071,4.950582036985683,4.961234520034972,4.4699610389610385,4.4404827206586255,4.476891952102479,4.486573917715689,4.487188689298219,4.420042551335725,4.411935080963665,4.433851220327651,4.433624812406204,4.451199042432289,4.491246538629342,4.492447289390452,4.524018225792521,4.515914013504579,4.515914013504579,4.515846228837185,4.5100925361323165,4.5100925361323165,4.377988849238493,4.396483322683707,4.435920483983019,4.449832633980815,4.449832633980815,4.4529666240028485,4.455198071577325,4.493449988362007,4.4934372483907605,4.53041942088517,4.688538339287403,4.688962819172755,4.821443352260495,4.843192988560207,4.844692007062091,4.854226879368832,4.877038674765389,4.946389821146627,4.946389821146627,4.946389821146627,4.949505188333219,4.966214461678859,4.966523263749158,4.4699610389610385,4.447201721268219,4.490616434658325,4.647626964590567,4.46247819220294,"rgba(38, 166, 154, 0.5)",0.09315902320012687,4.455449444591584,0.800250505506749,53.79741557143552,-6.271558377927349,False,False,True,False,True,2.084965815209312,0.0,0.0,0.0,0.0,0,0.9947722180731889,0.9887976101568333,False,False,False,False,0.06760270603801738,0.04617298110741792,False,False,False,False,125859.0,124123.09775692204,False,False,False,False,163.0410817402169,False,False,False,False
2025-08-21 18:00:00+00:00,4.53,4.53,4.53,4.53,0.0,,,4.440070796460177,4.445823361823363,4.447201721268219,4.482662526530934,4.482662526530934,4.482662526530934,4.4851478004499965,4.41339469511316,4.420402218442517,4.450015840457629,4.469788062990511,4.522659648461231,4.522509097844353,4.522509097844353,4.511316699346129,4.430845049051083,4.438885975048937,4.447663343326595,4.490616434658325,4.647626964590567,4.657501191756414,4.722086473064404,4.722086473064404,4.839741457144071,4.950582036985683,4.961234520034972,4.4699610389610385,4.4404827206586255,4.476891952102479,4.486573917715689,4.487188689298219,4.420042551335725,4.411935080963665,4.433851220327651,4.433624812406204,4.451199042432289,4.491246538629342,4.492447289390452,4.524018225792521,4.515914013504579,4.515914013504579,4.515846228837185,4.5100925361323165,4.5100925361323165,4.377988849238493,4.396483322683707,4.435920483983019,4.449832633980815,4.449832633980815,4.4529666240028485,4.455198071577325,4.493449988362007,4.4934372483907605,4.53041942088517,4.688538339287403,4.688962819172755,4.821443352260495,4.843192988560207,4.844692007062091,4.854226879368832,4.877038674765389,4.946389821146627,4.946389821146627,4.946389821146627,4.949505188333219,4.966214461678859,4.966523263749158,4.4699610389610385,4.447201721268219,4.490616434658325,4.647626964590567,4.46247819220294,"rgba(38, 166, 154, 0.5)",0.09337577863682969,4.455449444591584,0.7983928647960096,55.689165471320415,-4.463116437823466,True,False,True,False,True,2.084965815209312,0.0,0.0,0.0,0.0,0,0.9871698113207549,0.9886792452830188,False,False,False,False,0.0751410089585519,0.06065699503298491,False,False,False,False,125859.0,124150.010969993,False,False,False,False,160.51331303106625,False,False,False,False
2025-08-21 19:00:00+00:00,4.53,4.53,4.53,4.53,0.0,,,4.440070796460177,4.445823361823363,4.447201721268219,4.482662526530934,4.482662526530934,4.482662526530934,4.4851478004499965,4.41339469511316,4.420402218442517,4.450015840457629,4.469788062990511,4.522659648461231,4.522509097844353,4.522509097844353,4.511316699346129,4.430845049051083,4.438885975048937,4.447663343326595,4.490616434658325,4.647626964590567,4.657501191756414,4.722086473064404,4.722086473064404,4.839741457144071,4.950582036985683,4.961234520034972,4.4699610389610385,4.4404827206586255,4.476891952102479,4.486573917715689,4.487188689298219,4.420042551335725,4.411935080963665,4.433851220327651,4.433624812406204,4.451199042432289,4.491246538629342,4.492447289390452,4.524018225792521,4.515914013504579,4.515914013504579,4.515846228837185,4.5100925361323165,4.5100925361323165,4.377988849238493,4.396483322683707,4.435920483983019,4.449832633980815,4.449832633980815,4.4529666240028485,4.455198071577325,4.493449988362007,4.4934372483907605,4.53041942088517,4.688538339287403,4.688962819172755,4.821443352260495,4.843192988560207,4.844692007062091,4.854226879368832,4.877038674765389,4.946389821146627,4.946389821146627,4.946389821146627,4.949505188333219,4.966214461678859,4.966523263749158,4.4699610389610385,4.447201721268219,4.490616434658325,4.647626964590567,4.46247819220294,"rgba(38, 166, 154, 0.5)",0.09358895176189382,4.455449444591584,0.7965743178541603,56.95033207124367,-2.975292315786625,True,False,True,False,True,2.084965815209312,0.0,0.0,0.0,0.0,0,0.9800918836140887,0.9992343032159263,False,False,False,False,0.0751410089585519,0.0678990019957684,False,False,False,False,125859.0,124176.5069239466,False,False,False,False,158.02473453446058,False,False,False,False
2025-08-22 14:00:00+00:00,4.51,4.635,4.51,4.635,900.0,,,4.472223776223777,4.475927437641724,4.461636849229871,4.489975038543426,4.489975038543426,4.489975038543426,4.492209007179636,4.417945623155823,4.424569010137787,4.452007406149321,4.471326034736344,4.5234502309779785,4.523160182224902,4.523160182224902,4.511938503311966,4.4315427763517405,4.4395388300495515,4.448270175194985,4.491008953314255,4.647488741733085,4.657339023394857,4.721784833576279,4.721784833576279,4.839320055384431,4.950064371935567,4.960704799112204,4.515467213114754,4.457975796880299,4.485034706034707,4.4934725014359564,4.493993802535974,4.425682711316842,4.416645364493172,4.437370933464118,4.437140900195695,4.453145583841831,4.492459066874302,4.493641316974169,4.52465887890458,4.516605820210886,4.516605820210886,4.516538483173021,4.510697205474439,4.510697205474439,4.37904441346056,4.397384811092737,4.436590196069164,4.450428308750052,4.450428308750052,4.453545848578494,4.455766004878895,4.4938289803748,4.493816129009604,4.530600325242729,4.688306128809324,4.688729724971892,4.821031162348988,4.842777506793096,4.8442785148926895,4.853813411634883,4.876607322251132,4.945876881312524,4.945876881312524,4.945876881312524,4.948988737766267,4.965679202560027,4.965987666428534,4.515467213114754,4.461636849229871,4.491008953314255,4.647488741733085,4.471516370685157,"rgba(0, 255, 255, 0.75)",0.09541634702333511,4.46866163154355,1.7432900508732536,61.80303073821062,1.9342222741175306,True,False,True,False,True,6.301493739704945,0.0,0.0,0.0,0.0,0,0.9719484457922671,0.9833206974981047,False,False,False,False,0.13965070449787823,0.10377485324682331,False,False,False,False,126759.0,124216.5455762885,False,False,False,False,169.5282270222984,False,False,False,False
2025-08-22 15:00:00+00:00,4.635,4.8,4.635,4.795,108.0,,,4.478881309686222,4.482319610447101,4.464936905665836,4.4919680967295506,4.4919680967295506,4.4919680967295506,4.494160610203641,4.418930182388703,4.425488031678233,4.4524923955154145,4.471731763460169,4.523744998738048,4.523402799742882,4.523402799742882,4.5121488286104645,4.431703353647875,4.439692850067835,4.448417602346488,4.491124607075054,4.647518013381359,4.657365095005221,4.7217908898650505,4.7217908898650505,4.839300360900178,4.95002843098116,4.960667247837274,4.525125588697017,4.461841654122763,4.487184209174501,4.495395055571388,4.495897426834441,4.426918527857828,4.41766015684921,4.438179090849802,4.437947692007418,4.453621698949239,4.492816126793356,4.493995438886775,4.524901145156935,4.516848679903994,4.516848679903994,4.516781359590411,4.510899815867639,4.510899815867639,4.379258565757292,4.3975748221305695,4.43674672059243,4.450574138784142,4.450574138784142,4.453689274857553,4.455907812428657,4.49394253338559,4.493929640035441,4.530673703709614,4.688322229838274,4.688745691674126,4.821014318204168,4.842757667336607,4.84425859190209,4.853792404785464,4.876583010724358,4.9458415755024685,4.9458415755024685,4.9458415755024685,4.948952959855844,4.965640908697071,4.965949326960076,4.525125588697017,4.464936905665836,4.491124607075054,4.647518013381359,4.473602956388907,"rgba(0, 255, 0, 1.0)",0.10228286163273934,4.47171775150181,3.16066878984066,68.24210043121468,8.160499527064722,True,False,True,False,True,11.969056200997919,0.0,0.0,0.0,0.0,0,0.9911111111111113,0.9533333333333338,False,False,False,False,0.3428280925230633,0.2233014728849433,False,False,False,False,126867.0,124257.63789293518,False,False,False,False,168.5743010219527,False,False,False,False
2025-08-22 16:00:00+00:00,4.795,4.795,4.795,4.795,0.0,,,4.478881309686222,4.482319610447101,4.464936905665836,4.4919680967295506,4.4919680967295506,4.4919680967295506,4.494160610203641,4.418930182388703,4.425488031678233,4.4524923955154145,4.471731763460169,4.523744998738048,4.523402799742882,4.523402799742882,4.5121488286104645,4.431703353647875,4.439692850067835,4.448417602346488,4.491124607075054,4.647518013381359,4.657365095005221,4.7217908898650505,4.7217908898650505,4.839300360900178,4.95002843098116,4.960667247837274,4.525125588697017,4.461841654122763,4.487184209174501,4.495395055571388,4.495897426834441,4.426918527857828,4.41766015684921,4.438179090849802,4.437947692007418,4.453621698949239,4.492816126793356,4.493995438886775,4.524901145156935,4.516848679903994,4.516848679903994,4.516781359590411,4.510899815867639,4.510899815867639,4.379258565757292,4.3975748221305695,4.43674672059243,4.450574138784142,4.450574138784142,4.453689274857553,4.455907812428657,4.49394253338559,4.493929640035441,4.530673703709614,4.688322229838274,4.688745691674126,4.821014318204168,4.842757667336607,4.84425859190209,4.853792404785464,4.876583010724358,4.9458415755024685,4.9458415755024685,4.9458415755024685,4.948952959855844,4.965640908697071,4.965949326960076,4.525125588697017,4.464936905665836,4.491124607075054,4.647518013381359,4.473602956388907,"rgba(0, 255, 0, 1.0)",0.10848456526575238,4.47171775150181,2.9799838134231544,72.53481355988406,12.291018217396768,True,False,True,False,True,11.969056200997919,0.0,0.0,0.0,0.0,0,1.014814814814815,0.9540740740740743,False,False,False,False,0.34282811597475066,0.283064794429847,False,False,False,False,126867.0,124298.0931194013,False,False,False,False,165.96074596734877,False,False,False,False
2025-08-22 17:00:00+00:00,4.795,4.88,4.795,4.88,107.0,,,4.4877354790973,4.490864504504505,4.469373972406893,4.49474980726607,4.49474980726607,4.49474980726607,4.496892197467391,4.420223556797019,4.42670189261852,4.453149689909363,4.472292402177113,4.524179951241685,4.523760786551974,4.523760786551974,4.512454299312179,4.431917529753252,4.439899677817921,4.448617119824904,4.491288258326158,4.647579765906291,4.657423440059335,4.72182704390243,4.72182704390243,4.8393028742050905,4.950011491681409,4.960648595353779,4.538285624607659,4.467004579774724,4.490164692395874,4.49809045699875,4.498568254636451,4.428549419265319,4.418991732377538,4.439258324185878,4.439024901650647,4.4542676798317515,4.493321423714837,4.494497298644078,4.525259418656285,4.517203623525838,4.517203623525838,4.517136293698906,4.511193599329637,4.511193599329637,4.379533545856612,4.397821786791367,4.436956379040029,4.45077188609203,4.45077188609203,4.453884328751311,4.4561010708130055,4.494103758617303,4.494090803194254,4.530783361855012,4.688369568357656,4.6887928767988365,4.8210209003968245,4.842759427907606,4.844260040171652,4.853792004412331,4.876578508442331,4.945825314474293,4.945825314474293,4.945825314474293,4.948936194542468,4.965621464377509,4.9659298338463715,4.538285624607659,4.469373972406893,4.491288258326158,4.647579765906291,4.476437874990312,"rgba(0, 255, 0, 1.0)",0.11769605074240531,4.4758706184664785,3.4336698553974125,76.56017239402765,16.21978854128959,True,False,True,False,True,14.71992329889676,0.0,0.0,0.0,0.0,0,1.0222057735011103,0.9459659511472984,False,False,False,False,0.3428281261630209,0.3129464602964339,False,False,False,False,126974.0,124339.58004778267,False,False,False,False,165.04662587483173,False,False,False,False
2025-08-22 18:00:00+00:00,4.88,4.92,4.87,4.915,210.0,,,4.506171438670909,4.50870699758704,4.4788938408836705,4.500833570648821,4.500833570648821,4.500833570648821,4.502872402795367,4.423031195038415,4.429342192339253,4.454594499240698,4.473532310259163,4.525160072535443,4.524567899978982,4.524567899978982,4.513140360596294,4.432387236392898,4.440354215493267,4.449056628324173,4.491653513772396,4.647730519697607,4.657567296698192,4.721925244094275,4.721925244094275,4.839327739867776,4.949995157104499,4.960628793014141,4.564920884235021,4.478016648570394,4.496664535539677,4.503995215866602,4.504421166655143,4.432088067338627,4.4218807657593455,4.4416149739109345,4.441377032643345,4.455688165865365,4.494446799389319,4.495615486216458,4.526067655078394,4.518001871937093,4.518001871937093,4.517934500392095,4.511853171602772,4.511853171602772,4.380129351801035,4.398359016670899,4.437416779106085,4.451207755820396,4.451207755820396,4.4543146384657275,4.456527688489485,4.494463948040292,4.494450852543611,4.53103186226025,4.6884908189413945,4.688913808184089,4.821054873946991,4.842782266029863,4.844282058025651,4.853809694740887,4.876587402474266,4.945810354979476,4.945810354979476,4.945810354979476,4.948920212586119,4.965600057698624,4.965908328167505,4.564920884235021,4.4788938408836705,4.491653513772396,4.647730519697607,4.482464122334601,"rgba(0, 255, 0, 1.0)",0.12673989111561745,4.4846856754696045,3.3952555958711117,79.6484281409773,19.351017421093317,True,False,True,False,True,15.805401045206455,0.0,0.0,0.0,0.0,0,1.0422535211267607,0.9280948851000743,False,False,False,False,0.34282813777642246,0.3278872990364282,False,False,False,False,127184.0,124383.67958192556,False,False,False,False,165.74357741165605,False,False,False,False
2025-08-22 19:00:00+00:00,4.915,4.98,4.915,4.925,395.0,,4.94,4.539706131767776,4.541280752071383,4.497234081831304,4.512845947879879,4.512845947879879,4.512845947879879,4.514691514363292,4.42864038822506,4.434626427748086,4.457517915408781,4.476052308856584,4.5271762124474515,4.5262301165236725,4.5262301165236725,4.514550953309184,4.433340153221744,4.4412776023268705,4.449950837310464,4.4924028510015335,4.648056328514949,4.657879846546637,4.722148994752966,4.722148994752966,4.839403184709749,4.949988808921994,4.960615774093409,4.610367586912067,4.499030400736988,4.509456172388606,4.515672859596781,4.516001031991744,4.439134471293434,4.427649004133784,4.4463472355769245,4.446100199840129,4.458563305629454,4.496744544829448,4.49789918426291,4.527732742671896,4.519643516056387,4.519643516056387,4.519576034764,4.513209185596189,4.513209185596189,4.381328458802351,4.399443149475961,4.438351604108101,4.452094900919282,4.452094900919282,4.4551909584235485,4.457396839339408,4.495203341526098,4.495189957233553,4.5315466285552795,4.68875945630472,4.689181819819568,4.821149049855441,4.842853109272845,4.844351061493437,4.853869558591668,4.876629658996337,4.94580665495172,4.94580665495172,4.94580665495172,4.9489145433365325,4.965583950442266,4.965892030144161,4.610367586912067,4.497234081831304,4.4924028510015335,4.648056328514949,4.510337182942065,"rgba(0, 255, 0, 1.0)",0.1357640043047623,4.526837421734658,2.932755116529624,81.82411719054538,21.748536799526548,True,False,True,False,True,16.114545201601313,0.0,0.0,0.0,0.0,0,1.0488527017024425,0.918578830495929,False,False,False,False,0.3428281466833969,0.33535772285991255,False,False,False,False,127579.0,124433.21943336858,False,False,False,False,169.2979405525606,False,False,False,False
2025-08-25 14:00:00+00:00,4.925,4.925,4.85,4.85,1.0,,4.939835858585859,4.539771734168134,4.54134454852482,4.497272117062694,4.512871024327194,4.512871024327194,4.512871024327194,4.514716176135068,4.428652648830778,4.434637964005971,4.457524280726368,4.47605776507381,4.527180491986154,4.526233649372313,4.526233649372313,4.5145539688117005,4.433342252215859,4.441279631570412,4.4499527972726645,4.492404469850513,4.648056968985435,4.657880454830274,4.722149391788158,4.722149391788158,4.83940325224538,4.949988688346668,4.9606156373025225,4.610448737606052,4.499073690270581,4.5094828719596824,4.515697222410559,4.516025192363775,4.439149779323101,4.427661612318329,4.446357539482225,4.446110484960393,4.458569564259025,4.496749483212569,4.497904090341383,4.527736279142397,4.519647015760776,4.519647015760776,4.519579534340272,4.513212086467069,4.513212086467069,4.381331135558941,4.399445559237752,4.438353660259371,4.452096844104427,4.452096844104427,4.455192876034039,4.457398739928607,4.495204937203105,4.495191552296643,4.5315477229901795,4.688759959907982,4.689182321954867,4.821149157796972,4.842853168578214,4.844351117429913,4.85386959574664,4.876629656247069,4.945806540801015,4.945806540801015,4.945806540801015,4.948914424408982,4.965583806152975,4.965891885392498,4.610448737606052,4.497272117062694,4.492404469850513,4.648056968985435,4.510353477063557,"rgba(0, 255, 0, 1.0)",0.14159843613937212,4.526861948740718,2.282073588307317,78.31547407842378,21.748536799526548,True,False,True,False,True,12.612821982742599,0.0,0.0,0.0,0.0,0,1.0308596620132255,0.9309331373989717,False,False,False,False,0.2794542619709115,0.307405992415412,False,False,False,False,127578.0,124481.97572122332,False,False,False,False,166.68867015639685,False,False,False,False
2025-08-25 15:00:00+00:00,4.85,4.85,4.85,4.85,0.0,,4.939835858585859,4.539771734168134,4.54134454852482,4.497272117062694,4.512871024327194,4.512871024327194,4.512871024327194,4.514716176135068,4.428652648830778,4.434637964005971,4.457524280726368,4.47605776507381,4.527180491986154,4.526233649372313,4.526233649372313,4.5145539688117005,4.433342252215859,4.441279631570412,4.4499527972726645,4.492404469850513,4.648056968985435,4.657880454830274,4.722149391788158,4.722149391788158,4.83940325224538,4.949988688346668,4.9606156373025225,4.610448737606052,4.499073690270581,4.5094828719596824,4.515697222410559,4.516025192363775,4.439149779323101,4.427661612318329,4.446357539482225,4.446110484960393,4.458569564259025,4.496749483212569,4.497904090341383,4.527736279142397,4.519647015760776,4.519647015760776,4.519579534340272,4.513212086467069,4.513212086467069,4.381331135558941,4.399445559237752,4.438353660259371,4.452096844104427,4.452096844104427,4.455192876034039,4.457398739928607,4.495204937203105,4.495191552296643,4.5315477229901795,4.688759959907982,4.689182321954867,4.821149157796972,4.842853168578214,4.844351117429913,4.85386959574664,4.876629656247069,4.945806540801015,4.945806540801015,4.945806540801015,4.948914424408982,4.965583806152975,4.965891885392498,4.610448737606052,4.497272117062694,4.492404469850513,4.648056968985435,4.510353477063557,"rgba(0, 255, 0, 1.0)",0.14701161319573772,4.526861948740718,2.1980443873440203,75.97637867034271,21.748536799526548,True,False,True,False,False,12.612821982742599,0.0,0.0,0.0,0.0,0,1.030619865571322,0.9544436146377895,False,False,False,False,0.24095747194110567,0.2741817321782588,False,False,False,False,127578.0,124529.97609763846,False,False,False,False,164.10434968885582,False,False,False,False
2025-08-25 16:00:00+00:00,4.85,4.85,4.78,4.78,100.0,,4.912315188172044,4.544829527282031,4.546258988307384,4.500322966507179,4.5148684270847665,4.5148684270847665,4.5148684270847665,4.516678223430773,4.4296790025383945,4.435601294210887,4.458050730484474,4.47650475292961,4.5275198461462836,4.526514052201603,4.526514052201603,4.514795358543981,4.433518007426233,4.441448945297644,4.450115670965345,4.49253597474754,4.64810077803702,4.657921193483055,4.722170474090724,4.722170474090724,4.83939641022139,4.949965111262948,4.9605905118522,4.616187642566698,4.502537089736293,4.511613612742611,4.5176342963611456,4.517945829712325,4.440424351660658,4.428717433461679,4.447213576013366,4.4469650646316286,4.459086932380928,4.497149227459418,4.498300937234725,4.52801665378042,4.519926127437959,4.519926127437959,4.519858649249474,4.513444521890539,4.513444521890539,4.381559827091315,4.399650115305789,4.4385254461189945,4.452258157852437,4.452258157852437,4.45535182758584,4.457556109536612,4.495334339845568,4.49532090623636,4.531634301526722,4.688790932716247,4.689213160577333,4.821145587419918,4.842845879207195,4.844343632760612,4.853860711202843,4.8766172930923135,4.945783575734231,4.945783575734231,4.945783575734231,4.9488910043666285,4.9655579657288245,4.9658660009734366,4.616187642566698,4.500322966507179,4.49253597474754,4.64810077803702,4.5110456718089935,"rgba(0, 255, 255, 0.75)",0.1503605876096032,4.5280409510263775,1.6756987517753668,70.3913118396357,29.979063613739854,True,False,True,False,False,9.458387476987792,0.0,0.0,0.0,0.0,0,1.0051736881005173,0.9534368070953438,False,False,False,False,0.20565085056565466,0.23991629137195675,False,False,False,False,127478.0,124575.68189457429,False,False,False,False,163.1104838022069,False,False,False,False
2025-08-25 17:00:00+00:00,4.78,4.8,4.78,4.8,5.0,,4.911127744510979,4.5450677402862985,4.546490504747626,4.500468931619676,4.514964139226874,4.514964139226874,4.514964139226874,4.516772227885378,4.429728803191732,4.435648022362714,4.458076249771667,4.47652638742836,4.527536177568064,4.526527551512577,4.526527551512577,4.514806999506844,4.433526553296599,4.441457173008607,4.4501235802634165,4.492542335605894,4.648102826774695,4.657923089777907,4.722171398077304,4.722171398077304,4.8393959733453205,4.94996385222578,4.960589175917305,4.616450782333136,4.502702502844142,4.511715714699914,4.5177270993222916,4.518037846386883,4.440486096531131,4.428768663706701,4.447255071212776,4.44700649029645,4.45911200976347,4.497168535419384,4.49832010289857,4.528030148896418,4.519939576692509,4.519939576692509,4.519872098780004,4.513455733318379,4.513455733318379,4.381570984208872,4.399660084442893,4.438533795836532,4.452265990018678,4.452265990018678,4.455359543072119,4.457563746808111,4.495340597147392,4.49532716119346,4.531638469730896,4.688792345753093,4.689214566994713,4.821145308737225,4.842845422585873,4.844343167362801,4.8538601791557685,4.8766165907079655,4.945782347081545,4.945782347081545,4.945782347081545,4.948889753126542,4.965556594293034,4.965864627353821,4.616450782333136,4.500468931619676,4.492542335605894,4.648102826774695,4.511083444898719,"rgba(0, 255, 255, 0.75)",0.15376248209787657,4.528102852269924,1.7682931754249502,67.36980043953182,26.871005162209627,True,False,True,False,False,10.139222480917525,0.0,0.0,0.0,0.0,0,1.0194319880418534,0.9603886397608371,False,False,False,False,0.18074270640801252,0.21032949888998465,False,False,False,False,127483.0,124620.75659388321,False,False,False,False,160.65915847194012,False,False,False,False
2025-08-25 18:00:00+00:00,4.8,4.82,4.735,4.735,12.0,,4.907670565302145,4.545568732466208,4.54697706307654,4.50078283079577,4.515168853172151,4.515168853172151,4.515168853172151,4.5169731332473235,4.429838412324654,4.4357507182031854,4.458132001095827,4.476573382490159,4.527570941809082,4.526556301999549,4.526556301999549,4.5148319250474325,4.433545351775503,4.44147523454585,4.450140901975426,4.49255607808641,4.648106727868424,4.657926632423663,4.722172680720224,4.722172680720224,4.839394242022461,4.949960251880102,4.960585394685348,4.616972567594238,4.503057827766417,4.511934385863269,4.517925355397102,4.518234397257834,4.440621604290544,4.4288814446504485,4.447345989740641,4.447097262741723,4.459166779186362,4.497210171376925,4.498361413855368,4.528058869800198,4.519968308150363,4.519968308150363,4.519900831702383,4.513479753274322,4.513479753274322,4.381595808091207,4.399682185185749,4.438552139270237,4.4522831324932355,4.4522831324932355,4.455376415266619,4.457580437287724,4.4953541018394505,4.495340660893609,4.531647326145005,4.688794763736487,4.689216969723156,4.821143918488782,4.842843662735583,4.844341393557541,4.853858269400711,4.876614297826313,4.945778818132587,4.945778818132587,4.945778818132587,4.9488861711061025,4.9655527296065864,4.965860757538607,4.616972567594238,4.50078283079577,4.49255607808641,4.648106727868424,4.511126141601929,"rgba(38, 166, 154, 1.0)",0.15528764359166247,4.528186659587144,1.3318080925787226,62.10906691795008,21.700906690966093,True,False,True,False,False,7.30390004535974,0.0,0.0,0.0,0.0,0,1.0118606375092665,0.9488510007412901,False,False,False,False,0.16837318997354567,0.18935134443176516,False,False,False,False,127471.0,124664.94641413308,False,False,False,False,158.35436531733637,False,False,False,False
2025-08-25 19:00:00+00:00,4.735,4.8,4.7,4.7,117.0,,4.875293650793651,4.549678827564702,4.5509667581579745,4.5034592432290665,4.5169081039338606,4.5169081039338606,4.5169081039338606,4.518678478397557,4.430807541848616,4.436657249980471,4.458621184728282,4.47698292707311,4.5278662945241885,4.526800783513211,4.526800783513211,4.515045380157977,4.433711861912472,4.44163482419654,4.450293520651008,4.492675157351009,4.648134850463317,4.657951333574103,4.722176070506072,4.722176070506072,4.839370709403848,4.9499195141434935,4.960542929333263,4.620867906533143,4.506078596255187,4.513794614003592,4.519607443992079,4.519901830870823,4.441814598065512,4.429878809090484,4.448145810923869,4.4478958705933795,4.4596471824517305,4.497569754476391,4.498717995278737,4.528302871753193,4.520213596271441,4.520213596271441,4.520146141957117,4.513685615276266,4.513685615276266,4.381818664269507,4.399879761784257,4.43871436903799,4.4524340620587015,4.4524340620587015,4.455524806417318,4.457727116360623,4.495470968870237,4.495457485490528,4.531722464220358,4.688808845651479,4.689230909107267,4.821123334749143,4.842820035737273,4.844317699762967,4.853833484197361,4.876586027987873,4.945738761532577,4.945738761532577,4.945738761532577,4.94884560823363,4.96550946773074,4.965817446760415,4.620867906533143,4.5034592432290665,4.492675157351009,4.648134850463317,4.511346275225365,"rgba(38, 166, 154, 1.0)",0.15644568467123413,4.528705740767453,1.0949120111079877,57.09282780335778,16.86062432912884,False,False,True,False,False,5.824972318208356,0.0,0.0,0.0,0.0,0,1.0022140221402214,0.9623616236162363,False,False,False,False,0.14133352633741073,0.16534243538458793,False,False,False,False,127354.0,124706.63716740234,False,False,False,False,157.71321236668,False,False,False,False
2025-08-26 14:00:00+00:00,4.7,4.795,4.7,4.795,203.0,,4.848009203681474,4.557496395097332,4.55857268877911,4.508546950847078,4.520270179447544,4.520270179447544,4.520270179447544,4.521979132052901,4.432639714464076,4.438374816541482,4.4595580647441375,4.4777732082568615,4.528451266424354,4.527285016992911,4.527285016992911,4.515465509145421,4.434029208481148,4.441939740303401,4.450585956015336,4.492907206248382,4.648200766117203,4.658011193626125,4.722197748072647,4.722197748072647,4.839341448680837,4.949858654073784,4.960479011163003,4.6286884802596004,4.511803515310971,4.51738014345036,4.5228654681943885,4.523132518305439,4.4440722356739295,4.431763414815227,4.4496678402080665,4.449415491955006,4.46056764962051,4.4982701128535325,4.499412901083643,4.52878659610205,4.520697566093983,4.520697566093983,4.5206301368967665,4.514090541062417,4.514090541062417,4.3822376027320695,4.4002528023136485,4.43902403989994,4.452723473592822,4.452723473592822,4.455809658400195,4.45800890261628,4.495699005674077,4.495685438176564,4.531872078407659,4.688849705471655,4.689271511202632,4.821099840385155,4.842790291997088,4.844287719829337,4.85380120519326,4.876547271456301,4.945679108509152,4.945679108509152,4.945679108509152,4.948785057973954,4.965444138647516,4.965752030967684,4.6286884802596004,4.508546950847078,4.492907206248382,4.648200766117203,4.513170070038485,"rgba(0, 255, 255, 0.75)",0.15980844389060858,4.547988585396829,1.5456718593183614,57.47812672497109,16.86062432912884,False,False,True,False,False,9.104503438157359,0.0,0.0,0.0,0.0,0,1.0051357300073367,0.9581804842259725,False,False,False,False,0.13888610261703127,0.1521142690008096,False,False,False,False,127557.0,124750.82883922556,False,False,False,False,158.41533310518108,False,False,False,False
2025-08-26 15:00:00+00:00,4.795,4.8,4.75,4.75,633.0,,4.812886539336063,4.578917650865555,4.579477860657038,4.523397867054477,4.530324909747293,4.530324909747293,4.530324909747293,4.5318571428571435,4.438281700288183,4.443670251170058,4.462474483800155,4.480238156215742,4.530282446425245,4.528803461199295,4.528803461199295,4.516783980917953,4.435024832336416,4.442896660242267,4.451504019528672,4.493637126927231,4.648411759409573,4.6582033086691395,4.722270662857144,4.722270662857144,4.839254346602239,4.949672520111186,4.960283331047164,4.648854767951975,4.528341534255938,4.528070365603054,4.532621214994626,4.532810283131395,4.450984271513838,4.437563358959626,4.45437033738761,4.454110729232425,4.463433592671483,4.500457649305779,4.501583604930668,4.530303511104844,4.522214961650538,4.522214961650538,4.522147608283316,4.5153615739710204,4.5153615739710204,4.383549435127234,4.4014217603419095,4.439995767582496,4.453632122417567,4.453632122417567,4.456704107251898,4.458893805510139,4.496416415013847,4.496402583484543,4.532344071542894,4.688982517539073,4.689403517942685,4.821030922473794,4.84270157194665,4.844198221352755,4.853704402802715,4.876430143143984,4.945496742902545,4.945496742902545,4.945496742902545,4.948599891205242,4.965244053828281,4.965551675418836,4.648854767951975,4.523397867054477,4.493637126927231,4.648411759409573,4.520226421513998,"rgba(38, 166, 154, 1.0)",0.1620697491933727,4.5578945700705455,1.1853256445793894,55.769621964024296,14.93424566948913,False,False,True,False,False,7.220399615203807,0.0,0.0,0.0,0.0,0,1.011070110701107,0.9638376383763839,False,False,False,False,0.16590551718421265,0.15900989309251112,False,False,False,False,126924.0,124784.5214153616,False,False,False,False,165.77323491750383,False,False,False,False
2025-08-26 16:00:00+00:00,4.775,4.885,4.75,4.85,22.0,,4.813114919354839,4.579802246224944,4.580343718698929,4.524006410256413,4.530746963649629,4.530746963649629,4.530746963649629,4.53227253428438,4.438510542784503,4.443885776136507,4.462595194888949,4.480341351120695,4.530362054033928,4.528869480567189,4.528869480567189,4.516840802825311,4.435065742504977,4.44293613185122,4.451542055503051,4.493668139375231,4.648422895958231,4.658213762681621,4.7222767067368006,4.7222767067368006,4.8392538917099275,4.9496682353772075,4.960278701074996,4.649761850065089,4.529016569499848,4.528517215720761,4.533031900342991,4.5332178755772885,4.451265065674502,4.437798421421995,4.454563043121824,4.454303118111218,4.463552294346694,4.500550499654596,4.501675817127611,4.530369547847341,4.522280581240886,4.522280581240886,4.522213227606003,4.515416302360704,4.515416302360704,4.383602179807139,4.401469090261612,4.440035792255009,4.45366981061628,4.45366981061628,4.456741267640844,4.458930613107504,4.496446954235467,4.496433111211445,4.532364749716847,4.688990782979419,4.689411753083218,4.821031243791438,4.842700989967764,4.844197585619851,4.8537034232299,4.8764283613397055,4.945492594744307,4.945492594744307,4.945492594744307,4.948595641510376,4.965239264349979,4.965546876117831,4.649761850065089,4.524006410256413,4.493668139375231,4.648422895958231,4.520589172375896,"rgba(0, 255, 255, 0.75)",0.1662148018690261,4.558468567674668,1.753943866894916,57.83811490544835,14.93424566948913,False,False,True,False,False,10.497024600359431,0.0,0.0,0.0,0.0,0,0.9978260869565216,0.9521739130434783,False,False,False,False,0.20815506701997388,0.1835824800562425,False,False,False,False,126946.0,124818.03271124746,False,False,False,False,163.54419251568206,False,False,False,False
2025-08-26 17:00:00+00:00,4.85,4.85,4.85,4.85,0.0,,4.813114919354839,4.579802246224944,4.580343718698929,4.524006410256413,4.530746963649629,4.530746963649629,4.530746963649629,4.53227253428438,4.438510542784503,4.443885776136507,4.462595194888949,4.480341351120695,4.530362054033928,4.528869480567189,4.528869480567189,4.516840802825311,4.435065742504977,4.44293613185122,4.451542055503051,4.493668139375231,4.648422895958231,4.658213762681621,4.7222767067368006,4.7222767067368006,4.8392538917099275,4.9496682353772075,4.960278701074996,4.649761850065089,4.529016569499848,4.528517215720761,4.533031900342991,4.5332178755772885,4.451265065674502,4.437798421421995,4.454563043121824,4.454303118111218,4.463552294346694,4.500550499654596,4.501675817127611,4.530369547847341,4.522280581240886,4.522280581240886,4.522213227606003,4.515416302360704,4.515416302360704,4.383602179807139,4.401469090261612,4.440035792255009,4.45366981061628,4.45366981061628,4.456741267640844,4.458930613107504,4.496446954235467,4.496433111211445,4.532364749716847,4.688990782979419,4.689411753083218,4.821031243791438,4.842700989967764,4.844197585619851,4.8537034232299,4.8764283613397055,4.945492594744307,4.945492594744307,4.945492594744307,4.948595641510376,4.965239264349979,4.965546876117831,4.649761850065089,4.524006410256413,4.493668139375231,4.648422895958231,4.520589172375896,"rgba(0, 255, 255, 0.75)",0.16808612657190167,4.558468567674668,1.734416981764551,59.21711019973105,14.93424566948913,False,False,True,False,False,10.497024600359431,0.0,0.0,0.0,0.0,0,1.0211988304093567,0.9568713450292399,False,False,False,False,0.24095747194110567,0.2122699759986741,False,False,False,False,126946.0,124851.02445215835,False,False,False,False,161.00862363946993,False,False,False,False
2025-08-26 18:00:00+00:00,4.85,4.9,4.85,4.9,100.0,,4.8175367338371125,4.584617906816859,4.585060978774196,4.5272366055375795,4.53300221738945,4.53300221738945,4.53300221738945,4.5344941568577815,4.43969364505204,4.44500211693975,4.463225240469812,4.48088366303324,4.530790064024832,4.529224249521255,4.529224249521255,4.517144381675009,4.435277582184586,4.443141036378076,4.451740072213206,4.493832187517981,4.648488969081918,4.658276622241573,4.722318412559475,4.722318412559475,4.839262235758967,4.949657589719643,4.9602664306521245,4.655007111310726,4.532603860821439,4.530901251987727,4.535229387533194,4.53539914439391,4.4527215573908645,4.439013306792463,4.455565006737863,4.455303351751257,4.464172080318916,4.50104259066425,4.502164770592054,4.530724685072646,4.522632035769793,4.522632035769793,4.522564669015318,4.515708508723163,4.515708508723163,4.383871401044782,4.401711796566235,4.440243373260787,4.453866159111995,4.453866159111995,4.4569350718185206,4.4591227244264395,4.496608690623505,4.496594785799057,4.532476164777834,4.689043165286634,4.68946398813371,4.821043702166174,4.842708469474099,4.844204712665451,4.853708622344505,4.876429523884889,4.945482592980556,4.945482592980556,4.945482592980556,4.94858516098952,4.965226242449489,4.965533807866895,4.655007111310726,4.5272366055375795,4.493832187517981,4.648488969081918,4.522666847352248,"rgba(0, 255, 255, 0.75)",0.17232111759029167,4.5618998077213,1.9620357446993975,61.57271977805655,14.93424566948913,True,False,True,False,True,12.080569459966,0.0,0.0,0.0,0.0,0,1.0211062590975257,0.9439592430858808,False,False,False,False,0.2665373630620321,0.23940366953035308,False,False,False,False,127046.0,124885.05508080707,False,False,False,False,160.06275350552465,False,False,False,False
2025-08-26 19:00:00+00:00,4.9,4.96,4.9,4.96,596.0,,4.850956196581198,4.615319128376092,4.615199696063066,4.54822696245734,4.547948038611625,4.547948038611625,4.547948038611625,4.549232629995528,4.447500698189941,4.452384783497242,4.467442795299942,4.484536685979762,4.53372622315323,4.531660050409578,4.531660050409578,4.51922171392461,4.436695161394201,4.444515026942091,4.453070955329732,4.494948885818633,4.648976830362942,4.658744686070457,4.722653853678372,4.722653853678372,4.839375760268748,4.9496483612388,4.960247186977572,4.688648577276028,4.555788058181356,4.546653099898788,4.549817479994355,4.549884764021545,4.462318660982782,4.447025007378786,4.4622193028955115,4.46194593268796,4.468322673652786,4.504380286541724,4.505482547593619,4.533164356297008,4.525039454031053,4.525039454031053,4.524971940009675,4.5177074473411025,4.5177074473411025,4.3856513279310345,4.403322871366352,4.441634243910036,4.455186603045262,4.455186603045262,4.458239522875315,4.460416578258718,4.497710678998963,4.4976963493730855,4.533245745222415,4.68944566438107,4.689865552937961,4.8211853060583145,4.8428150913097205,4.8443085743080045,4.853798770900564,4.87649324950509,4.945477340230639,4.945477340230639,4.945477340230639,4.948576951811633,4.965202361778664,4.965509640757711,4.688648577276028,4.54822696245734,4.494948885818633,4.648976830362942,4.536434252261338,"rgba(0, 255, 0, 1.0)",0.1779277107992738,4.583613800687093,2.115388309230374,64.63427449093324,14.93424566948913,True,False,True,False,True,13.916801507485179,0.0,0.0,0.0,0.0,0,1.029710144927536,0.9355072463768117,False,False,False,False,0.32408942457021517,0.2817465470502841,False,False,False,False,127642.0,124927.79841288757,False,False,False,False,166.821470505439,False,False,False,False
2025-08-27 14:00:00+00:00,4.86,4.965,4.86,4.965,12.0,,4.851388129933213,4.6158655283847,4.61573697435168,4.548617456529154,4.548230308254321,4.548230308254321,4.548230308254321,4.549511070485477,4.447652244848103,4.452528164844602,4.4675251655858474,4.484608038121681,4.533783463334776,4.5317076029791155,4.5317076029791155,4.519262340794957,4.436723056020233,4.444542056392748,4.453097128344907,4.494970808365423,4.648986299356889,4.658753759697152,4.72266028665661,4.72266028665661,4.83937781647576,4.949647983219103,4.960246608718559,4.6892208390963575,4.556216340804325,4.546950057022357,4.550093157693314,4.550158572943554,4.462504046510091,4.447180467262143,4.462348640200304,4.462075048083186,4.468403743159007,4.504445436571209,4.505547306688362,4.53321197847914,4.525086479128563,4.525086479128563,4.525018962481375,4.517746552532711,4.517746552532711,4.3856864040151295,4.403354607507392,4.441661608190688,4.455212568642198,4.455212568642198,4.4582651709759915,4.460442015802725,4.497732310048818,4.497717972123579,4.5332608300751716,4.68945343221676,4.689873302210166,4.821187914011993,4.8428170150119145,4.844310444877796,4.853800373700071,4.876494329429616,4.9454770416761145,4.9454770416761145,4.9454770416761145,4.948576594166513,4.965201690825094,4.965508964079634,4.6892208390963575,4.548617456529154,4.494970808365423,4.648986299356889,4.536682032688656,"rgba(0, 255, 0, 1.0)",0.1826652774984987,4.583981166113764,2.085885391597575,66.79506847585053,9.401271853150469,True,False,True,False,True,14.0680116101959,0.0,0.0,0.0,0.0,0,1.0244956772334297,0.9394812680115278,False,False,False,False,0.30556812931381055,0.2936573381820473,False,False,False,False,127654.0,124970.06510416063,False,False,False,False,164.42113762938567,False,False,False,False
2025-08-27 15:00:00+00:00,4.965,4.965,4.89,4.945,411.0,,4.864306993990539,4.633685696075753,4.633276896891516,4.561638804249364,4.557734742488842,4.557734742488842,4.557734742488842,4.558889285218874,4.452821339479158,4.457421462295297,4.4703489532631275,4.487056312973755,4.5357504162324656,4.533343026231923,4.533343026231923,4.520660229609372,4.437682989537186,4.445472345837947,4.453998076779705,4.495726067211627,4.649314070022895,4.659067979952657,4.722883913751653,4.722883913751653,4.8394507736420715,4.94963723985371,4.960228997870296,4.707556042884989,4.57044129344102,4.55693644405316,4.559380404874213,4.559384397578598,4.468810617911615,4.452481561073967,4.466766943607536,4.466485850488857,4.471183217210434,4.506682232317335,4.507770766150278,4.534849811268139,4.52670372690763,4.52670372690763,4.526636119221761,4.519092235291647,4.519092235291647,4.386892377482498,4.40444613151464,4.442603371968207,4.456106410851235,4.456106410851235,4.459148133409307,4.461317764140091,4.498477571907685,4.498462948399475,4.533781129790827,4.6897228606167385,4.690142093354134,4.82127989500453,4.842885367747755,4.844376952929739,4.853857628537701,4.876533593177498,4.945469023928173,4.945469023928173,4.945469023928173,4.948566549626973,4.965180900680685,4.965487977574929,4.707556042884989,4.561638804249364,4.495726067211627,4.649314070022895,4.544891206389135,"rgba(0, 255, 255, 0.75)",0.18692911890739658,4.595927121985353,1.8674077107675,66.9936597517549,10.040851960077447,True,False,True,False,True,13.177071268650607,0.0,0.0,0.0,0.0,0,1.0193548387096771,0.945519713261649,False,False,False,False,0.32143060291197656,0.30754397054701194,False,False,False,False,127243.0,125005.3044048713,False,False,False,False,168.24406572815488,False,False,False,False
2025-08-27 16:00:00+00:00,4.945,4.945,4.945,4.945,0.0,,4.864306993990539,4.633685696075753,4.633276896891516,4.561638804249364,4.557734742488842,4.557734742488842,4.557734742488842,4.558889285218874,4.452821339479158,4.457421462295297,4.4703489532631275,4.487056312973755,4.5357504162324656,4.533343026231923,4.533343026231923,4.520660229609372,4.437682989537186,4.445472345837947,4.453998076779705,4.495726067211627,4.649314070022895,4.659067979952657,4.722883913751653,4.722883913751653,4.8394507736420715,4.94963723985371,4.960228997870296,4.707556042884989,4.57044129344102,4.55693644405316,4.559380404874213,4.559384397578598,4.468810617911615,4.452481561073967,4.466766943607536,4.466485850488857,4.471183217210434,4.506682232317335,4.507770766150278,4.534849811268139,4.52670372690763,4.52670372690763,4.526636119221761,4.519092235291647,4.519092235291647,4.386892377482498,4.40444613151464,4.442603371968207,4.456106410851235,4.456106410851235,4.459148133409307,4.461317764140091,4.498477571907685,4.498462948399475,4.533781129790827,4.6897228606167385,4.690142093354134,4.82127989500453,4.842885367747755,4.844376952929739,4.853857628537701,4.876533593177498,4.945469023928173,4.945469023928173,4.945469023928173,4.948566549626973,4.965180900680685,4.965487977574929,4.707556042884989,4.561638804249364,4.495726067211627,4.649314070022895,4.544891206389135,"rgba(0, 255, 255, 0.75)",0.1911689503229221,4.595927121985353,1.8259914982270615,67.12605393569116,10.72035188914164,True,False,True,False,True,13.177071268650607,0.0,0.0,0.0,0.0,0,1.025806451612903,0.9440860215053763,False,False,False,False,0.3401372320052114,0.3238406012761117,False,False,False,False,127243.0,125039.99735983452,False,False,False,False,165.63563060058658,False,False,False,False
2025-08-27 17:00:00+00:00,4.945,4.945,4.945,4.945,0.0,,4.864306993990539,4.633685696075753,4.633276896891516,4.561638804249364,4.557734742488842,4.557734742488842,4.557734742488842,4.558889285218874,4.452821339479158,4.457421462295297,4.4703489532631275,4.487056312973755,4.5357504162324656,4.533343026231923,4.533343026231923,4.520660229609372,4.437682989537186,4.445472345837947,4.453998076779705,4.495726067211627,4.649314070022895,4.659067979952657,4.722883913751653,4.722883913751653,4.8394507736420715,4.94963723985371,4.960228997870296,4.707556042884989,4.57044129344102,4.55693644405316,4.559380404874213,4.559384397578598,4.468810617911615,4.452481561073967,4.466766943607536,4.466485850488857,4.471183217210434,4.506682232317335,4.507770766150278,4.534849811268139,4.52670372690763,4.52670372690763,4.526636119221761,4.519092235291647,4.519092235291647,4.386892377482498,4.40444613151464,4.442603371968207,4.456106410851235,4.456106410851235,4.459148133409307,4.461317764140091,4.498477571907685,4.498462948399475,4.533781129790827,4.6897228606167385,4.690142093354134,4.82127989500453,4.842885367747755,4.844376952929739,4.853857628537701,4.876533593177498,4.945469023928173,4.945469023928173,4.945469023928173,4.948566549626973,4.965180900680685,4.965487977574929,4.707556042884989,4.561638804249364,4.495726067211627,4.649314070022895,4.544891206389135,"rgba(0, 255, 255, 0.75)",0.19505254547299802,4.595927121985353,1.789635080988835,67.214316724982,11.40616415824725,True,False,True,False,True,13.177071268650607,0.0,0.0,0.0,0.0,0,1.0260303687635577,0.9522776572668114,False,False,False,False,0.3401372320052114,0.33198891664066155,False,False,False,False,127243.0,125074.152439527,False,False,False,False,163.06763632770927,False,False,False,False
2025-08-27 18:00:00+00:00,4.94,5.0,4.94,4.98,915.0,,4.892631554041265,4.671415159240824,4.67050935343624,4.590487057742383,4.579380502428659,4.579380502428659,4.579380502428659,4.580270448052925,4.464869009072817,4.468851747822787,4.477046822774926,4.49289209642726,4.540494241842608,4.537295888644516,4.537295888644516,4.524037065118734,4.439978193102653,4.447699535495694,4.456158117870956,4.497551013022085,4.650143459266399,4.6598665935317145,4.723474372617165,4.723474372617165,4.8396818198392575,4.949671928104004,4.960248060191562,4.745631230102813,4.601653402195694,4.579592277655548,4.580570163170163,4.580444351774627,4.483419886705275,4.4648259383013436,4.477129996050112,4.476831522668631,4.477778694878275,4.512038233338767,4.5130963037046286,4.53880958725647,4.5306082421694605,4.5306082421694605,4.530540367568392,4.522343311640229,4.522343311640229,4.389753370122542,4.4070426626494825,4.444856944856948,4.4582501891185515,4.4582501891185515,4.4612669425817435,4.463420058724369,4.5002793858666985,4.500264070932925,4.535050092971205,4.690418688875652,4.690836446202291,4.821557035366731,4.8431043032033925,4.84459108066419,4.854048802368509,4.876682231698296,4.945509920860894,4.945509920860894,4.945509920860894,4.948602829385698,4.965192723853001,4.965499353187239,4.745631230102813,4.590487057742383,4.497551013022085,4.650143459266399,4.5632248399314355,"rgba(0, 255, 255, 0.75)",0.19849837179081414,4.621977570081013,1.8036542400271502,68.52825662325601,13.203467836444709,True,False,True,False,True,14.305913039211632,0.0,0.0,0.0,0.0,0,1.043414275202355,0.9433406916850626,False,False,False,False,0.34282815009743833,0.33740853336904997,False,False,False,False,128158.0,125121.96402961185,False,False,False,False,174.72550243115563,False,False,False,False
2025-08-27 19:00:00+00:00,4.98,4.98,4.975,4.98,210.0,,4.897454001429082,4.679045420464859,4.6780549394965165,4.596625716008443,4.584093073836578,4.584093073836578,4.584093073836578,4.584928489171218,4.46758219683626,4.471429288427409,4.478574181816425,4.4942254819891705,4.5415809223278,4.538203390882308,4.538203390882308,4.524813526169008,4.440507100941439,4.44821288174738,4.456656100610654,4.497972268001809,4.650336147806426,4.6600522239955495,4.723612199139699,4.723612199139699,4.839736713937561,4.949681554316254,4.960254096050588,4.753038754989642,4.608233785320135,4.584510091814962,4.585188922679937,4.585036640102593,4.4866872583231165,4.467604013705335,4.479472224076671,4.479169941751597,4.479283066662853,4.5132633146088486,4.514314505403158,4.539718660126857,4.531504759634485,4.531504759634485,4.531436824343647,4.523091104794332,4.523091104794332,4.390411649313416,4.407640479298926,4.445376328632319,4.45874445062927,4.45874445062927,4.461755489466494,4.463904826376281,4.500695339863218,4.500679865977506,4.535343608047401,4.690580719563779,4.690998137792624,4.821622589564589,4.843156372255118,4.844642029169543,4.85409442755578,4.8767180425333505,4.9455209738086,4.9455209738086,4.9455209738086,4.948612821313023,4.9651970962136724,4.965503622689057,4.753038754989642,4.596625716008443,4.497972268001809,4.650336147806426,4.56710329515663,"rgba(0, 255, 255, 0.75)",0.20151949808420277,4.627325177549958,1.750077912077179,69.40421655543868,14.514176146032568,True,False,True,False,True,14.305913039211621,0.0,0.0,0.0,0.0,0,1.0497737556561086,0.9434389140271494,False,False,False,False,0.3428281511878698,0.3401183422784599,False,False,False,False,128158.0,125169.03435473413,False,False,False,False,175.2723938663315,False,False,False,False
2025-08-28 14:00:00+00:00,4.98,5.0,4.98,4.99,300.0,,4.90433986441799,4.6897103768911235,4.688609074846809,4.605323555424531,4.590829000258141,4.590829000258141,4.590829000258141,4.591588658701451,4.471496220634999,4.475150286620902,4.480790609094282,4.496163261849546,4.5431652181081565,4.539527556875541,4.539527556875541,4.525946579739329,4.441277234553137,4.448960614369224,4.457381731987317,4.498587366739592,4.650620802197538,4.660326742009281,4.72381784207415,4.72381784207415,4.839821653558638,4.94970088981464,4.9602682714770765,4.763345899183219,4.6175292860428,4.591530751620786,4.591794488260357,4.591605388843832,4.491389797253107,4.471610425134852,4.482857911296801,4.482550161384006,4.481466426311742,4.515045929877478,4.51608724637681,4.541045201901171,4.5328125663576575,4.5328125663576575,4.532744538869559,4.524182404392021,4.524182404392021,4.391368108544032,4.408509750458584,4.4461327574020775,4.459464728771509,4.459464728771509,4.462467540442461,4.464611440177771,4.501302789410671,4.501287083457431,4.5357732668880075,4.690821247889055,4.691238176537532,4.821723108190751,4.843237100958479,4.844721091087102,4.854165663487362,4.876775025695975,4.945542360457772,4.945542360457772,4.945542360457772,4.948632682550985,4.965208880372068,4.965515258946335,4.763345899183219,4.605323555424531,4.498587366739592,4.650620802197538,4.572625513558,"rgba(0, 255, 255, 0.75)",0.20393122847162734,4.634901041478695,1.74126817742732,70.37354697214703,15.860414098985643,True,False,True,False,True,14.633824775307538,0.0,0.0,0.0,0.0,0,1.0287226001511718,0.9417989417989419,False,False,False,False,0.3428281529554641,0.34147324761696196,False,False,False,False,128458.0,125220.0260701646,False,False,False,False,177.2061552017372,False,False,False,False
2025-08-28 15:00:00+00:00,4.99,4.99,4.95,4.95,14.0,,4.9045439940682165,4.690147623939428,4.689042149908042,4.605692583321064,4.591117252560985,4.591117252560985,4.591117252560985,4.59187367652428,4.471668122961187,4.475313702986394,4.480888181174808,4.496248458559123,4.543234482569137,4.539585514919444,4.539585514919444,4.52599629004238,4.441311377385375,4.448993740780611,4.4574138535676955,4.498614478163583,4.650633031554964,4.660338506351174,4.723826470353617,4.723826470353617,4.839824911631482,4.949701194900696,4.960268339639549,4.7637510249360915,4.61792176732874,4.591830920938817,4.592077196224432,4.591886559691681,4.49159548194959,4.47178635012309,4.483006563390865,4.482698580700169,4.481562541555064,4.515124140652584,4.516165014780038,4.541103250659493,4.532869865987254,4.532869865987254,4.532801835025155,4.524230298828369,4.524230298828369,4.391410683808401,4.4085483956563,4.446166277799385,4.459496606939771,4.459496606939771,4.462499045257063,4.464642697789498,4.50132955539188,4.5013138392771,4.535792121830648,4.690831463462082,4.6912483699307215,4.8217270532362235,4.843240182002434,4.844724101692011,4.854168333738092,4.876777057543656,4.945542759651959,4.945542759651959,4.945542759651959,4.948633011761812,4.965208838788557,4.965515210579403,4.7637510249360915,4.605692583321064,4.498614478163583,4.650633031554964,4.572856435038632,"rgba(0, 255, 255, 0.75)",0.2057030353172749,4.635210274592827,1.530311523705245,67.33662001613004,15.860414098985643,True,False,True,False,False,12.699882508521483,0.0,0.0,0.0,0.0,0,1.0281368821292776,0.9460076045627379,False,False,False,False,0.32266841547444136,0.33207083154570166,False,False,False,False,128444.0,125270.01016210004,False,False,False,False,174.67582721411338,False,False,False,False
2025-08-28 16:00:00+00:00,4.95,4.99,4.95,4.985,306.0,,4.909497931985294,4.699761038197124,4.698566815427596,4.613829685099848,4.597502083559808,4.597502083559808,4.597502083559808,4.598188265287803,4.475484077432568,4.478943127062117,4.483062349913006,4.4981492029305175,4.544784607502657,4.540883133030769,4.540883133030769,4.527108909367715,4.442073181540415,4.449733124475561,4.458131088991739,4.499221124035041,4.6509100554942995,4.660605305328872,4.724024083591936,4.724024083591936,4.839902803565847,4.949713563760527,4.960275496789684,4.772707958061982,4.626565540700895,4.598475094916984,4.598341530784995,4.598117370892019,4.496156886326025,4.475690890956884,4.486311214522468,4.485998057983077,4.483704452388385,4.5168711334020255,4.517902251917842,4.542403004020153,4.534152313695751,4.534152313695751,4.53408420048396,4.525302275517976,4.525302275517976,4.3923586272792425,4.40940946107507,4.446914357566179,4.460208477179431,4.460208477179431,4.463202679480796,4.4653408828425265,4.501928563359951,4.501912619661371,4.536215056402765,4.691064106817338,4.691480522906565,4.821820325374632,4.843314023658781,4.844796335556043,4.854232899165952,4.8768274268483545,4.945557199313738,4.945557199313738,4.945557199313738,4.948645911441892,4.965213581321729,4.965519803821341,4.772707958061982,4.613829685099848,4.499221124035041,4.6509100554942995,4.577984629374862,"rgba(0, 255, 255, 0.75)",0.20730158211153982,4.642088937440397,1.65416519771228,67.00027377192,15.860414098985643,True,False,True,False,False,13.877368096528045,0.0,0.0,0.0,0.0,0,1.0158730158730163,0.9463340891912323,False,False,False,False,0.32266841547444136,0.3273696235100715,False,False,False,False,128750.0,125323.96349292019,False,False,False,False,176.71186090071626,False,False,False,False
2025-08-28 17:00:00+00:00,4.985,4.99,4.975,4.98,105.0,,4.9111981153242095,4.702988261375198,4.701765855933418,4.61658984254032,4.599682123619594,4.599682123619594,4.599682123619594,4.60034483066431,4.4767974728379505,4.480192972486622,4.483814036296809,4.498807015725349,4.545322154126188,4.54133342413953,4.54133342413953,4.527495084673083,4.4423373477685155,4.449989569798178,4.458379909804297,4.499431842762064,4.651006956845229,4.660698688827322,4.7240936197120025,4.7240936197120025,4.839930828420972,4.949718923426407,4.960279062273298,4.775704497860328,4.629490820649616,4.6007416065795415,4.600481304270778,4.600245947850599,4.497723817134895,4.477034461247956,4.487450286890633,4.487135359759918,4.484445058239732,4.517476215863254,4.518503985171455,4.542854050741433,4.534597285353534,4.534597285353534,4.53452914295813,4.525674372374378,4.525674372374378,4.392686906467187,4.409707797312574,4.447173798533431,4.460455451007989,4.460455451007989,4.463446816811969,4.465583144162824,4.502136647981155,4.502120625272703,4.536362195468502,4.691145719938188,4.691561966800039,4.821853696151975,4.8433406241874515,4.84482237138087,4.854256260198942,4.876845871410017,4.945563272000415,4.945563272000415,4.945563272000415,4.948651453874072,4.965216315452125,4.965522486542256,4.775704497860328,4.61658984254032,4.499431842762064,4.651006956845229,4.579732011587514,"rgba(0, 255, 255, 0.75)",0.20977963555954907,4.644424442675072,1.5996574521156068,66.32102231654156,15.860414098985643,True,False,True,False,False,13.633171891525688,0.0,0.0,0.0,0.0,0,1.019607843137255,0.946455505279035,False,False,False,False,0.3352375732779355,0.3313035983940035,False,False,False,False,128645.0,125375.45243101445,False,False,False,False,175.60004910380593,False,False,False,False
2025-08-28 18:00:00+00:00,4.98,5.09,4.98,5.08,1326.0,,4.94302438180875,4.746819235409919,4.7452541282099565,4.654105468155016,4.629795669642108,4.629795669642108,4.629795669642108,4.6301614408828,4.494983928728096,4.4975383379247,4.494392030884551,4.508117020147337,4.553044051863731,4.547812132796715,4.547812132796715,4.533041410834223,4.446071143918964,4.453620470390301,4.461909618017907,4.502452011781936,4.6524777006202775,4.662123410041408,4.725200656816124,4.725200656816124,4.84045396070006,4.949930895630886,4.9604675220783365,4.817762295713844,4.6691152643547476,4.631966925254221,4.63008310157595,4.6297023280318745,4.519351644024415,4.495624857264037,4.503325423512387,4.502985650979727,4.494871556019004,4.526089405804525,4.527072436809278,4.5493461925863,4.5409888458684815,4.5409888458684815,4.540920173789998,4.531018177625764,4.531018177625764,4.397278706747588,4.413895706832799,4.450844757036775,4.463960648127392,4.463960648127392,4.466914203557578,4.4690256245094995,4.505121273498412,4.505104112338112,4.538495883000993,4.692413942141534,4.6928279081866755,4.822453608499559,4.843841187409128,4.845314075929575,4.854708371509164,4.877229726868048,4.945784604860652,4.945784604860652,4.945784604860652,4.948865824634393,4.965393868419934,4.965699363970545,4.817762295713844,4.654105468155016,4.502452011781936,4.6524777006202775,4.604191116891408,"rgba(0, 255, 255, 0.75)",0.21443829831395728,4.67738466234446,1.8775346606513088,69.56467421438413,15.860414098985643,True,False,True,False,True,16.891475098045746,0.0,0.0,0.0,0.0,0,1.0230654761904763,0.9322916666666667,False,False,False,False,0.3428281588466848,0.33706587862034415,False,False,False,False,129971.0,125446.7012305336,False,False,False,False,193.43570725723526,False,False,False,False
2025-08-28 19:00:00+00:00,5.08,5.09,5.04,5.05,2409.0,,4.977423095703125,4.805272203713746,4.8034580742560316,4.709261149969916,4.6763988817939275,4.6763988817939275,4.6763988817939275,4.676375896337292,4.525777189569099,4.5270140747025165,4.5129596773094605,4.524547873874319,4.566754947308542,4.5593957202851465,4.5593957202851465,4.543011277959289,4.452848779392425,4.460214408452656,4.468322806408445,4.507953611731216,4.655188626709183,4.664751303457753,4.727254065283855,4.727254065283855,4.841442758909508,4.950351965394202,4.960845902689672,4.870538874317927,4.726250227534738,4.67995555452134,4.676020995046944,4.675457662031929,4.555261701912561,4.5270406143371,4.530473409316357,4.530095325642632,4.513186114922738,4.541330256385948,4.542236888731395,4.560952398923189,4.552424322799957,4.552424322799957,4.552354758377682,4.540634649923783,4.540634649923783,4.405584055143713,4.421482964645629,4.457510219932961,4.470330041860557,4.470330041860557,4.473216029534359,4.475282936077134,4.510559180728907,4.510539976360111,4.542402129053251,4.694758980999889,4.695168818302749,4.823583004727449,4.844788216123223,4.846244721562422,4.855566205903256,4.877962868914473,4.946222672973653,4.946222672973653,4.946222672973653,4.949291249870893,4.965752442612379,4.966056711125936,4.870538874317927,4.709261149969916,4.507953611731216,4.655188626709183,4.641035538113098,"rgba(38, 166, 154, 1.0)",0.21839706792739097,4.724490897568769,1.490446302783931,69.28050504777065,15.860414098985643,True,False,True,False,True,15.421783979427342,0.0,0.0,0.0,0.0,0,1.0317577548005907,0.9298375184638111,False,False,False,False,0.34282816240825115,0.33994702051429765,False,False,False,False,127562.0,125479.49656029277,False,False,False,False,227.78554125324712,False,False,False,False
2025-08-29 14:00:00+00:00,5.05,5.14,5.05,5.14,9.0,,4.97756858919644,4.805484541137607,4.803669709522348,4.709464490424913,4.676574294661454,4.676574294661454,4.676574294661454,4.676550003717749,4.5258961193669744,4.527128191743877,4.513032891868325,4.524612986007274,4.566809832250048,4.559442238430945,4.559442238430945,4.543051351924424,4.4528758821372945,4.460240805689844,4.468348511082133,4.507975805262469,4.655199929678057,4.664762289898294,4.727262835233427,4.727262835233427,4.841447277649299,4.950354247058268,4.960848021044894,4.8707336285318386,4.726459672528807,4.680135606624489,4.676194171026574,4.675630221202495,4.555399323740743,4.52716182291426,4.530578978261751,4.530200750077433,4.513258365504039,4.541390896524486,4.542297239839845,4.560999015732556,4.552470216320358,4.552470216320358,4.5524006479712025,4.5406733170845825,4.5406733170845825,4.405617034447601,4.421513169973989,4.457536892449825,4.4703555787201354,4.4703555787201354,4.473241306764053,4.475308042673137,4.510581127459957,4.510561914869683,4.542418012186107,4.694768877613613,4.695178698868976,4.823588092113268,4.84479255704159,4.8462489930643695,4.855570177873066,4.877966346191209,4.94622501974221,4.94622501974221,4.94622501974221,4.949293548212821,4.965754485139219,4.966058748950016,4.8707336285318386,4.709464490424913,4.507975805262469,4.655199929678057,4.641175236639867,"rgba(0, 255, 255, 0.75)",0.22397208642037936,4.724668143473198,1.8543911572411476,71.65347511008609,17.814311216452296,True,False,True,False,True,18.202613578238033,0.0,0.0,0.0,0.0,0,1.054315476190476,0.9218750000000001,False,False,False,False,0.34282816571389635,0.341387593114097,False,False,False,False,127571.0,125511.9229702107,False,False,False,False,224.39351735784794,False,False,False,False
2025-08-29 15:00:00+00:00,5.14,5.18,5.11,5.18,300.0,,4.983888954240678,4.813456290355124,4.811610552889421,4.71690257064183,4.6829621826998435,4.6829621826998435,4.6829621826998435,4.682890967789274,4.530147454187354,4.531209213881325,4.515653123812627,4.526947498450767,4.568789638364602,4.561119411135136,4.561119411135136,4.544493602952125,4.4538420968332435,4.461182596243859,4.46926638692691,4.508771927312597,4.655615000754131,4.665166546133243,4.727590552703472,4.727590552703472,4.841623974423894,4.950452486389541,4.960940680733072,4.878280690949615,4.7341465157832054,4.686694576986604,4.6825012397538,4.681914445799222,4.560330708804928,4.531494669542208,4.534357723413674,4.533974186510328,4.51584430779399,4.5435701495474206,4.5444663936259095,4.562680093947062,4.554123375044081,4.554123375044081,4.554053650292855,4.542064627361226,4.542064627361226,4.4067872947115845,4.422586642719352,4.458488231798866,4.471267660435312,4.471267660435312,4.4741444006906645,4.4762052440144915,4.51136864929581,4.511349140271006,4.542990430423835,4.695135539790935,4.695544803227541,4.823785181970892,4.844962620100993,4.84641647587926,4.855726777112057,4.878105495512592,4.946325485840144,4.946325485840144,4.946325485840144,4.949392357857358,4.965844552358161,4.9661486552352,4.878280690949615,4.71690257064183,4.508771927312597,4.655615000754131,4.646318336848938,"rgba(0, 255, 255, 0.75)",0.22905652553877295,4.731287323024148,1.9589604614861633,74.09614417977,20.161932076589878,True,False,True,False,True,19.379974116493795,0.0,0.0,0.0,0.0,0,1.063622754491018,0.9109281437125751,False,False,False,False,0.3428281707252799,0.34210788191968844,False,False,False,False,127871.0,125548.49780788184,False,False,False,False,225.56571088718363,False,False,False,False
2025-08-29 16:00:00+00:00,5.18,5.25,5.18,5.25,1775.0,,5.025824575061632,4.862382207102038,4.860364745329009,4.762573440339189,4.722641298687061,4.722641298687061,4.722641298687061,4.722303048863482,4.556857941206124,4.556898285920407,4.532376314592251,4.541911732812839,4.58159989468603,4.571997170095086,4.571997170095086,4.5538502096662885,4.46006903621659,4.467258790366822,4.475195424248574,4.513947251566019,4.6583979876576,4.667883588363734,4.7298340259821305,4.7298340259821305,4.842896784750753,4.951228485582318,4.961682560829321,4.92533838114806,4.781236376694498,4.727356850932644,4.721718976274582,4.720999905681987,4.591169139311137,4.558697118670223,4.558227663280306,4.55781104799571,4.532354942552804,4.55759150043365,4.558425923791077,4.573585162293201,4.564837565107087,4.564837565107087,4.564766739649323,4.551092760169791,4.551092760169791,4.414276839123939,4.42947401227002,4.464623511007524,4.47716104432675,4.47716104432675,4.479982291898855,4.482006862570032,4.51649036961737,4.516468934982825,4.546739373325338,4.69762033749806,4.698026119311314,4.825190757447699,4.846190159988071,4.847626478117767,4.856864745562931,4.87913213671158,4.947115121662749,4.947115121662749,4.947115121662749,4.9501718486279245,4.966570564792254,4.966873681333301,4.92533838114806,4.762573440339189,4.513947251566019,4.6583979876576,4.6784777563496345,"rgba(0, 255, 0, 1.0)",0.23662082413519175,4.772540001595308,2.0178274678474546,76.96623900073787,22.84155504547853,True,False,True,False,True,20.0,0.0,0.0,0.0,0.0,0,1.057037037037037,0.9014814814814818,False,False,False,False,0.3428281768596329,0.3424680293896607,False,False,False,False,129646.0,125612.0249736511,False,False,False,False,249.5879479276924,False,False,False,False
2025-08-29 17:00:00+00:00,5.25,5.255,5.235,5.235,116.0,,5.028233897870157,4.865294565433242,4.863269521245156,4.765362220661047,4.725104959489322,4.725104959489322,4.725104959489322,4.724751483378039,4.558569889228912,4.558547336807212,4.533464888489036,4.542888362169229,4.58243879101294,4.572711694475615,4.572711694475615,4.554466190064442,4.460480382860506,4.467660303398712,4.475587339439839,4.514289937145217,4.658583693578703,4.668064979719379,4.729984345080001,4.729984345080001,4.84298291247578,4.951281800520428,4.961733636428451,4.928106283472881,4.784095426725908,4.729875529474677,4.72415639523136,4.723429893381614,4.593130659318759,4.560439196370326,4.559764165875278,4.559345513279301,4.533430022386566,4.558507908828091,4.559338379768208,4.574301457902001,4.56554148921863,4.56554148921863,4.5654705922778565,4.551687401952781,4.551687401952781,4.414770485619991,4.429928403314333,4.465028879854413,4.477550633847472,4.477550633847472,4.4803682598066,4.482390464001672,4.516829548570234,4.516807987253071,4.546988317367374,4.697786497003772,4.69819205003525,4.825285692669869,4.846273259391162,4.847708405028205,4.856941877899066,4.879201906130225,4.947169331854647,4.947169331854647,4.947169331854647,4.9502253927786315,4.966620598734174,4.9669236505082495,4.928106283472881,4.765362220661047,4.514289937145217,4.658583693578703,4.680470208355036,"rgba(0, 255, 255, 0.75)",0.24244750523112418,4.775051600141426,1.897105104959144,77.75006682963297,23.59008546436378,True,False,True,False,True,20.0,0.0,0.0,0.0,0.0,0,1.0649926144756279,0.9010339734121127,False,False,False,False,0.3428281792217371,0.3426481043056989,False,False,False,False,129530.0,125672.76877250923,False,False,False,False,247.51681695206923,False,False,False,False
2025-08-29 18:00:00+00:00,5.21,5.225,5.2,5.22,903.0,,5.04316526486646,4.8850187382885695,4.882960322380657,4.784853503592403,4.7425618562803376,4.7425618562803376,4.7425618562803376,4.742105923399586,4.5711004122185805,4.570627071785674,4.5415111480096595,4.550112100328901,4.588635729138412,4.5780025268880955,4.5780025268880955,4.559039198247864,4.46355895545093,4.470664500189199,4.478518824226728,4.516849176367173,4.659959355269706,4.669407642313546,4.731090662995513,4.731090662995513,4.843607342390655,4.951658109785137,4.962092782463633,4.946401836158191,4.803964035266886,4.747690389047039,4.74143773393637,4.74066290084634,4.607393282874463,4.57318323271525,4.571034222222223,4.57060133079848,4.5413778727653895,4.565283371812161,4.566084530686811,4.579604641214844,4.570757350717728,4.570757350717728,4.570685956316707,4.5561040405455575,4.5561040405455575,4.418469941158804,4.433332661048286,4.468062208207736,4.480464496894703,4.480464496894703,4.483254721770183,4.485258995238963,4.519362332523154,4.5193398322724905,4.5488459797300385,4.699013251382259,4.699417070257634,4.825976001836052,4.846875405396938,4.848301910145674,4.857499712450329,4.879704218158129,4.9475524987193555,4.9475524987193555,4.9475524987193555,4.9506034579996925,4.966971763690331,4.96727431947019,4.946401836158191,4.784853503592403,4.516849176367173,4.659959355269706,4.694515620879181,"rgba(0, 255, 255, 0.75)",0.24716150754276903,4.792416196708631,1.7299773235012308,77.10762035646036,23.59008546436378,True,False,True,False,True,19.869304326912623,0.0,0.0,0.0,0.0,0,1.0720118782479586,0.903489235337788,False,False,False,False,0.3185809941428628,0.33061454922428085,False,False,False,False,128627.0,125718.57080704397,False,False,False,False,257.6793469218046,False,False,False,False
2025-08-29 19:00:00+00:00,5.22,5.23,5.19,5.2,938.0,,5.055702198969999,4.902820588466682,4.900750136708069,4.803028924923822,4.759127567005342,4.759127567005342,4.759127567005342,4.758582573952938,4.583457876444942,4.582556788642271,4.5495695779086605,4.55736121083711,4.59486163765174,4.58333621264061,4.58333621264061,4.563663383294388,4.466695192844161,4.473725017326249,4.48150524187848,4.519456393849527,4.661359806031335,4.670774187221141,4.732214831484451,4.732214831484451,4.844239254878749,4.952035535421819,4.962452514798702,4.962571422263434,4.822370383003607,4.764554998433094,4.757851814238071,4.757036572270503,4.621338170842636,4.585740979472223,4.582191511658372,4.581745364663106,4.549340116959066,4.57208653730173,4.5728585923495775,4.5849501664652115,4.576018454817009,4.576018454817009,4.575946583891096,4.5605727728754,4.5605727728754,4.422236913168864,4.436800377341054,4.471152369100669,4.4834329533305475,4.4834329533305475,4.486195267810714,4.488181263315485,4.521942615591304,4.521919167470154,4.550740732779574,4.700260926373774,4.700662969295929,4.8266751774105,4.847484699238487,4.848902427405035,4.858063866668507,4.880211482119805,4.94793699219146,4.94793699219146,4.94793699219146,4.95098269350403,4.967323269197401,4.967625313792492,4.962571422263434,4.803028924923822,4.519456393849527,4.661359806031335,4.707830427159107,"rgba(0, 255, 255, 0.75)",0.250732835813259,4.808522016347371,1.5613351254248726,75.11239162358422,23.59008546436378,True,False,True,False,False,18.867959832740215,0.0,0.0,0.0,0.0,0,1.067158671586716,0.895940959409594,False,False,False,False,0.316731075407655,0.3236728123159679,False,False,False,False,127689.0,125749.12009685725,False,False,False,False,268.2269539462728,False,False,False,False
2025-09-01 14:00:00+00:00,5.2,5.2,5.2,5.2,0.0,,5.055702198969999,4.902820588466682,4.900750136708069,4.803028924923822,4.759127567005342,4.759127567005342,4.759127567005342,4.758582573952938,4.583457876444942,4.582556788642271,4.5495695779086605,4.55736121083711,4.59486163765174,4.58333621264061,4.58333621264061,4.563663383294388,4.466695192844161,4.473725017326249,4.48150524187848,4.519456393849527,4.661359806031335,4.670774187221141,4.732214831484451,4.732214831484451,4.844239254878749,4.952035535421819,4.962452514798702,4.962571422263434,4.822370383003607,4.764554998433094,4.757851814238071,4.757036572270503,4.621338170842636,4.585740979472223,4.582191511658372,4.581745364663106,4.549340116959066,4.57208653730173,4.5728585923495775,4.5849501664652115,4.576018454817009,4.576018454817009,4.575946583891096,4.5605727728754,4.5605727728754,4.422236913168864,4.436800377341054,4.471152369100669,4.4834329533305475,4.4834329533305475,4.486195267810714,4.488181263315485,4.521942615591304,4.521919167470154,4.550740732779574,4.700260926373774,4.700662969295929,4.8266751774105,4.847484699238487,4.848902427405035,4.858063866668507,4.880211482119805,4.94793699219146,4.94793699219146,4.94793699219146,4.95098269350403,4.967323269197401,4.967625313792492,4.962571422263434,4.803028924923822,4.519456393849527,4.661359806031335,4.707830427159107,"rgba(0, 255, 255, 0.75)",0.2552996296528941,4.808522016347371,1.5334059990015771,73.78223913500014,23.59008546436378,True,False,True,False,False,18.867959832740205,0.0,0.0,0.0,0.0,0,1.0895410082769001,0.8984198645598195,False,False,False,False,0.3093521969964632,0.31651250465621555,False,False,False,False,127689.0,125779.19575427032,False,False,False,False,264.06839652074916,False,False,False,False
2025-09-01 15:00:00+00:00,5.2,5.2,5.2,5.2,0.0,,5.055702198969999,4.902820588466682,4.900750136708069,4.803028924923822,4.759127567005342,4.759127567005342,4.759127567005342,4.758582573952938,4.583457876444942,4.582556788642271,4.5495695779086605,4.55736121083711,4.59486163765174,4.58333621264061,4.58333621264061,4.563663383294388,4.466695192844161,4.473725017326249,4.48150524187848,4.519456393849527,4.661359806031335,4.670774187221141,4.732214831484451,4.732214831484451,4.844239254878749,4.952035535421819,4.962452514798702,4.962571422263434,4.822370383003607,4.764554998433094,4.757851814238071,4.757036572270503,4.621338170842636,4.585740979472223,4.582191511658372,4.581745364663106,4.549340116959066,4.57208653730173,4.5728585923495775,4.5849501664652115,4.576018454817009,4.576018454817009,4.575946583891096,4.5605727728754,4.5605727728754,4.422236913168864,4.436800377341054,4.471152369100669,4.4834329533305475,4.4834329533305475,4.486195267810714,4.488181263315485,4.521942615591304,4.521919167470154,4.550740732779574,4.700260926373774,4.700662969295929,4.8266751774105,4.847484699238487,4.848902427405035,4.858063866668507,4.880211482119805,4.94793699219146,4.94793699219146,4.94793699219146,4.95098269350403,4.967323269197401,4.967625313792492,4.962571422263434,4.803028924923822,4.519456393849527,4.661359806031335,4.707830427159107,"rgba(0, 255, 255, 0.75)",0.2594112009362267,4.808522016347371,1.5091020828698494,72.89547080927741,26.824965076674886,True,False,True,False,False,18.867959832740194,0.0,0.0,0.0,0.0,0,1.0875856816450877,0.8926123381568928,False,False,False,False,0.3093521969964632,0.3129323508263394,False,False,False,False,127689.0,125808.80512242117,False,False,False,False,259.9743128537608,False,False,False,False
2025-09-01 16:00:00+00:00,5.2,5.2,5.2,5.2,0.0,,5.055702198969999,4.902820588466682,4.900750136708069,4.803028924923822,4.759127567005342,4.759127567005342,4.759127567005342,4.758582573952938,4.583457876444942,4.582556788642271,4.5495695779086605,4.55736121083711,4.59486163765174,4.58333621264061,4.58333621264061,4.563663383294388,4.466695192844161,4.473725017326249,4.48150524187848,4.519456393849527,4.661359806031335,4.670774187221141,4.732214831484451,4.732214831484451,4.844239254878749,4.952035535421819,4.962452514798702,4.962571422263434,4.822370383003607,4.764554998433094,4.757851814238071,4.757036572270503,4.621338170842636,4.585740979472223,4.582191511658372,4.581745364663106,4.549340116959066,4.57208653730173,4.5728585923495775,4.5849501664652115,4.576018454817009,4.576018454817009,4.575946583891096,4.5605727728754,4.5605727728754,4.422236913168864,4.436800377341054,4.471152369100669,4.4834329533305475,4.4834329533305475,4.486195267810714,4.488181263315485,4.521942615591304,4.521919167470154,4.550740732779574,4.700260926373774,4.700662969295929,4.8266751774105,4.847484699238487,4.848902427405035,4.858063866668507,4.880211482119805,4.94793699219146,4.94793699219146,4.94793699219146,4.95098269350403,4.967323269197401,4.967625313792492,4.962571422263434,4.803028924923822,4.519456393849527,4.661359806031335,4.707830427159107,"rgba(38, 166, 154, 1.0)",0.2637880154918369,4.808522016347371,1.484062810521213,72.30429192546225,26.07342831475725,True,False,True,False,False,18.867959832740194,0.0,0.0,0.0,0.0,0,1.0808314087759818,0.8960739030023097,False,False,False,False,0.3093521969964632,0.3111422739114013,False,False,False,False,127689.0,125837.95543060069,False,False,False,False,255.9437033521521,False,False,False,False
2025-09-01 17:00:00+00:00,5.2,5.2,5.2,5.2,0.0,,5.055702198969999,4.902820588466682,4.900750136708069,4.803028924923822,4.759127567005342,4.759127567005342,4.759127567005342,4.758582573952938,4.583457876444942,4.582556788642271,4.5495695779086605,4.55736121083711,4.59486163765174,4.58333621264061,4.58333621264061,4.563663383294388,4.466695192844161,4.473725017326249,4.48150524187848,4.519456393849527,4.661359806031335,4.670774187221141,4.732214831484451,4.732214831484451,4.844239254878749,4.952035535421819,4.962452514798702,4.962571422263434,4.822370383003607,4.764554998433094,4.757851814238071,4.757036572270503,4.621338170842636,4.585740979472223,4.582191511658372,4.581745364663106,4.549340116959066,4.57208653730173,4.5728585923495775,4.5849501664652115,4.576018454817009,4.576018454817009,4.575946583891096,4.5605727728754,4.5605727728754,4.422236913168864,4.436800377341054,4.471152369100669,4.4834329533305475,4.4834329533305475,4.486195267810714,4.488181263315485,4.521942615591304,4.521919167470154,4.550740732779574,4.700260926373774,4.700662969295929,4.8266751774105,4.847484699238487,4.848902427405035,4.858063866668507,4.880211482119805,4.94793699219146,4.94793699219146,4.94793699219146,4.95098269350403,4.967323269197401,4.967625313792492,4.962571422263434,4.803028924923822,4.519456393849527,4.661359806031335,4.707830427159107,"rgba(38, 166, 154, 1.0)",0.2683830964991856,4.808522016347371,1.4586536512884174,71.91017266958548,25.465326486910783,True,False,True,False,False,18.867959832740194,0.0,0.0,0.0,0.0,0,1.0808314087759818,0.8960739030023097,False,False,False,False,0.3093521969964632,0.3102472354539323,False,False,False,False,127689.0,125866.65379601774,False,False,False,False,251.9755839203358,False,False,False,False
2025-09-01 18:00:00+00:00,5.2,5.2,5.2,5.2,0.0,,5.055702198969999,4.902820588466682,4.900750136708069,4.803028924923822,4.759127567005342,4.759127567005342,4.759127567005342,4.758582573952938,4.583457876444942,4.582556788642271,4.5495695779086605,4.55736121083711,4.59486163765174,4.58333621264061,4.58333621264061,4.563663383294388,4.466695192844161,4.473725017326249,4.48150524187848,4.519456393849527,4.661359806031335,4.670774187221141,4.732214831484451,4.732214831484451,4.844239254878749,4.952035535421819,4.962452514798702,4.962571422263434,4.822370383003607,4.764554998433094,4.757851814238071,4.757036572270503,4.621338170842636,4.585740979472223,4.582191511658372,4.581745364663106,4.549340116959066,4.57208653730173,4.5728585923495775,4.5849501664652115,4.576018454817009,4.576018454817009,4.575946583891096,4.5605727728754,4.5605727728754,4.422236913168864,4.436800377341054,4.471152369100669,4.4834329533305475,4.4834329533305475,4.486195267810714,4.488181263315485,4.521942615591304,4.521919167470154,4.550740732779574,4.700260926373774,4.700662969295929,4.8266751774105,4.847484699238487,4.848902427405035,4.858063866668507,4.880211482119805,4.94793699219146,4.94793699219146,4.94793699219146,4.95098269350403,4.967323269197401,4.967625313792492,4.962571422263434,4.803028924923822,4.519456393849527,4.661359806031335,4.707830427159107,"rgba(38, 166, 154, 1.0)",0.27214634046893876,4.808522016347371,1.4384833651559237,71.64742649900097,24.9496999346311,True,False,True,False,False,18.867959832740194,0.0,0.0,0.0,0.0,0,1.0808314087759818,0.8960739030023097,False,False,False,False,0.3093521969964632,0.30979971622519775,False,False,False,False,127689.0,125894.90722553684,False,False,False,False,248.0689857200205,False,False,False,False
2025-09-01 19:00:00+00:00,5.2,5.2,5.2,5.2,0.0,,5.055702198969999,4.902820588466682,4.900750136708069,4.803028924923822,4.759127567005342,4.759127567005342,4.759127567005342,4.758582573952938,4.583457876444942,4.582556788642271,4.5495695779086605,4.55736121083711,4.59486163765174,4.58333621264061,4.58333621264061,4.563663383294388,4.466695192844161,4.473725017326249,4.48150524187848,4.519456393849527,4.661359806031335,4.670774187221141,4.732214831484451,4.732214831484451,4.844239254878749,4.952035535421819,4.962452514798702,4.962571422263434,4.822370383003607,4.764554998433094,4.757851814238071,4.757036572270503,4.621338170842636,4.585740979472223,4.582191511658372,4.581745364663106,4.549340116959066,4.57208653730173,4.5728585923495775,4.5849501664652115,4.576018454817009,4.576018454817009,4.575946583891096,4.5605727728754,4.5605727728754,4.422236913168864,4.436800377341054,4.471152369100669,4.4834329533305475,4.4834329533305475,4.486195267810714,4.488181263315485,4.521942615591304,4.521919167470154,4.550740732779574,4.700260926373774,4.700662969295929,4.8266751774105,4.847484699238487,4.848902427405035,4.858063866668507,4.880211482119805,4.94793699219146,4.94793699219146,4.94793699219146,4.95098269350403,4.967323269197401,4.967625313792492,4.962571422263434,4.803028924923822,4.519456393849527,4.661359806031335,4.707830427159107,"rgba(38, 166, 154, 1.0)",0.27447760374019614,4.808522016347371,1.4262656709258439,71.47226238527796,24.498117850570267,True,False,True,False,False,18.867959832740205,0.0,0.0,0.0,0.0,0,1.1098814229249014,0.8932806324110675,False,False,False,False,0.3093521969964632,0.3095759566108305,False,False,False,False,127689.0,125922.72261738898,False,False,False,False,244.22295493366357,False,False,False,False
2025-09-02 14:00:00+00:00,5.4,5.475,5.4,5.45,1607.0,5.441666666666666,5.100517581888246,4.949488637384352,4.947296474788041,4.846932537645449,4.798460577589712,4.798460577589712,4.798460577589712,4.797711259238137,4.611123704446673,4.609303588610986,4.567709295508515,4.57377810124535,4.609228357263511,4.595633495592841,4.595633495592841,4.574273954197252,4.473694148251059,4.48057193268187,4.4882048181436645,4.525389511429255,4.664769297837756,4.674118898545551,4.735076321348636,4.735076321348636,4.846015424481586,4.953273929532817,4.963657048815539,5.008659782500248,4.867343455797069,4.804655180885696,4.796829236571726,4.795908796476228,4.652787651788057,4.613854879918242,4.60728328337421,4.606804636261977,4.567268760471108,4.58760664823021,4.588318735143434,4.597282156932999,4.588116736097219,4.588116736097219,4.58804344990696,4.5708210168739125,4.5708210168739125,4.430516080179375,4.444461177791485,4.47805925588042,4.490096828357404,4.490096828357404,4.492803101702624,4.494752738023249,4.52782027625335,4.527794641437433,4.555115569991828,4.703369622884369,4.703768035636672,4.828604175531325,4.849203598793406,4.850599303843473,4.859674863223715,4.881699854009788,4.949188972257073,4.949188972257073,4.949188972257073,4.952224563602876,4.968512016339231,4.9688130761510845,5.008659782500248,4.846932537645449,4.525389511429255,4.664769297837756,4.77352922510439,"rgba(0, 255, 255, 0.75)",0.2828593863254991,4.890729380127279,1.9772036810867673,77.50321970700239,24.172210229165515,True,False,True,False,True,20.0,0.0,0.0,0.0,0.0,0,1.0993176648976497,0.8673237300985597,False,False,False,False,0.34282819151454147,0.326202074062686,False,False,False,False,129296.0,125975.02149153799,False,False,False,False,265.3512812137618,False,False,False,False
2025-09-02 15:00:00+00:00,5.45,5.45,5.38,5.425,902.0,5.433278198485452,5.1199633699633695,4.9712236384506,4.968999250821542,4.8681617788395535,4.817882740493726,4.817882740493726,4.817882740493726,4.817044078371784,4.625469997898276,4.623198461509167,4.577308120550963,4.582487842617153,4.616860624821343,4.6021965837667,4.6021965837667,4.579960785192492,4.477485128647765,4.484280514610245,4.491833418392359,4.528602449288949,4.66661291707916,4.675926893536403,4.736619662582287,4.736619662582287,4.846968885982994,4.953933213992156,4.964297623993731,5.029647204710248,4.888922756285008,4.824398295110035,4.816097038437304,4.815132454488388,4.668914189183929,4.628418059820311,4.620359357963788,4.619865083471611,4.576759639318862,4.5958462263078985,4.596526970726893,4.603862706071215,4.594578792193409,4.594578792193409,4.594504794032047,4.576318170051201,4.576318170051201,4.434998591372156,4.4486107568228075,4.481800311413805,4.493706043454711,4.493706043454711,4.496381923873298,4.498311815461824,4.531003175332792,4.530976371361501,4.557488232509758,4.705048334643536,4.7054447644219595,4.82964061042743,4.850126230448079,4.851510069302416,4.8605391182451605,4.8824971490473175,4.94985576006442,4.94985576006442,4.94985576006442,4.952885767981699,4.969143870495534,4.96944438648965,5.029647204710248,4.8681617788395535,4.528602449288949,4.66661291707916,4.788866809392533,"rgba(0, 255, 255, 0.75)",0.2905215409668818,4.909166926286997,1.7755415725672654,79.52259189775286,25.927587011925908,True,False,True,False,True,20.0,0.0,0.0,0.0,0.0,0,1.0968726163234173,0.8863463005339438,False,False,False,False,0.3287403594044091,0.3274712167335475,False,False,False,False,128394.0,126012.52503430484,False,False,False,False,275.2218039856415,False,False,False,False
2025-09-02 16:00:00+00:00,5.425,5.425,5.425,5.425,0.0,5.433278198485452,5.1199633699633695,4.9712236384506,4.968999250821542,4.8681617788395535,4.817882740493726,4.817882740493726,4.817882740493726,4.817044078371784,4.625469997898276,4.623198461509167,4.577308120550963,4.582487842617153,4.616860624821343,4.6021965837667,4.6021965837667,4.579960785192492,4.477485128647765,4.484280514610245,4.491833418392359,4.528602449288949,4.66661291707916,4.675926893536403,4.736619662582287,4.736619662582287,4.846968885982994,4.953933213992156,4.964297623993731,5.029647204710248,4.888922756285008,4.824398295110035,4.816097038437304,4.815132454488388,4.668914189183929,4.628418059820311,4.620359357963788,4.619865083471611,4.576759639318862,4.5958462263078985,4.596526970726893,4.603862706071215,4.594578792193409,4.594578792193409,4.594504794032047,4.576318170051201,4.576318170051201,4.434998591372156,4.4486107568228075,4.481800311413805,4.493706043454711,4.493706043454711,4.496381923873298,4.498311815461824,4.531003175332792,4.530976371361501,4.557488232509758,4.705048334643536,4.7054447644219595,4.82964061042743,4.850126230448079,4.851510069302416,4.8605391182451605,4.8824971490473175,4.94985576006442,4.94985576006442,4.94985576006442,4.952885767981699,4.969143870495534,4.96944438648965,5.029647204710248,4.8681617788395535,4.528602449288949,4.66661291707916,4.788866809392533,"rgba(0, 255, 255, 0.75)",0.29798636524827776,4.909166926286997,1.7310626722240066,80.86884002491983,27.114053460695615,True,False,True,False,True,20.0,0.0,0.0,0.0,0.0,0,1.0986892829606787,0.888974556669237,False,False,False,False,0.33498577235603527,0.3312284945447914,False,False,False,False,128394.0,126049.44712679624,False,False,False,False,270.9547992726858,False,False,False,False
2025-09-02 17:00:00+00:00,5.425,5.425,5.26,5.26,6.0,5.432996023856858,5.120042717656632,4.971329616879891,4.969105261366151,4.868272181957943,4.817986328170223,4.817986328170223,4.817986328170223,4.817147238910758,4.6255515058381595,4.623277486910994,4.577363489660868,4.582538089249648,4.616904428270658,4.602234406966529,4.602234406966529,4.579993725911987,4.477507485529461,4.484302367214996,4.4918547791838614,4.528621270807489,4.666623468794546,4.675937220850123,4.73662835277825,4.73662835277825,4.846974072555474,4.953936618799679,4.96430091059603,5.0297444122712385,4.8890337283500465,4.824503262846345,4.816199901492504,4.815235128319242,4.669004709087371,4.6285007257573625,4.62043384626383,4.619939491790508,4.576814398153874,4.595893670672662,4.596574230398175,4.603900617218136,4.594616090406789,4.594616090406789,4.5945420886749355,4.576350039548431,4.576350039548431,4.435025153309422,4.448635312252992,4.481822362094978,4.493727285005916,4.493727285005916,4.496402979316259,4.498332749474884,4.531021814704456,4.530995003987306,4.557502082254112,4.7050578609705385,4.705454278613686,4.829646284468794,4.8501312433839185,4.851515015164562,4.860543794867224,4.882501423403336,4.949859212187015,4.949859212187015,4.949859212187015,4.952889184900479,4.969147102060906,4.969447614628765,5.0297444122712385,4.868272181957943,4.528621270807489,4.666623468794546,4.788938404088069,"rgba(38, 166, 154, 1.0)",0.3009257488257073,4.909248422774061,1.165575157973903,71.76831310498115,26.38522117280452,True,False,True,False,False,16.569273071948977,0.0,0.0,0.0,0.0,0,1.0718608169440242,0.8865355521936461,False,False,False,False,0.2841607294656635,0.30769461200522746,False,False,False,False,128388.0,126085.70376048931,False,False,False,False,266.8469729273728,False,False,False,False
2025-09-02 18:00:00+00:00,5.26,5.26,5.26,5.26,0.0,5.432996023856858,5.120042717656632,4.971329616879891,4.969105261366151,4.868272181957943,4.817986328170223,4.817986328170223,4.817986328170223,4.817147238910758,4.6255515058381595,4.623277486910994,4.577363489660868,4.582538089249648,4.616904428270658,4.602234406966529,4.602234406966529,4.579993725911987,4.477507485529461,4.484302367214996,4.4918547791838614,4.528621270807489,4.666623468794546,4.675937220850123,4.73662835277825,4.73662835277825,4.846974072555474,4.953936618799679,4.96430091059603,5.0297444122712385,4.8890337283500465,4.824503262846345,4.816199901492504,4.815235128319242,4.669004709087371,4.6285007257573625,4.62043384626383,4.619939491790508,4.576814398153874,4.595893670672662,4.596574230398175,4.603900617218136,4.594616090406789,4.594616090406789,4.5945420886749355,4.576350039548431,4.576350039548431,4.435025153309422,4.448635312252992,4.481822362094978,4.493727285005916,4.493727285005916,4.496402979316259,4.498332749474884,4.531021814704456,4.530995003987306,4.557502082254112,4.7050578609705385,4.705454278613686,4.829646284468794,4.8501312433839185,4.851515015164562,4.860543794867224,4.882501423403336,4.949859212187015,4.949859212187015,4.949859212187015,4.952889184900479,4.969147102060906,4.969447614628765,5.0297444122712385,4.868272181957943,4.528621270807489,4.666623468794546,4.788938404088069,"rgba(38, 166, 154, 1.0)",0.30352912204257193,4.909248422774061,1.1555780047251731,65.70129515835535,21.29198646043183,False,True,True,False,False,16.569273071948977,0.0,0.0,0.0,0.0,0,1.0674242424242426,0.9113636363636366,False,False,False,False,0.23472749826360637,0.2712110551344169,False,False,False,False,128388.0,126121.39827583056,False,False,False,False,262.7098105564058,False,False,False,False
2025-09-02 19:00:00+00:00,5.26,5.375,5.26,5.375,127.0,5.42836550592985,5.121892212885154,4.973698060234813,4.97147361745307,4.870709038275096,4.8202639950209205,4.8202639950209205,4.8202639950209205,4.819415414761595,4.627326324064065,4.624998227354452,4.57856788982423,4.58363144095498,4.61785905000609,4.6030583652087875,4.6030583652087875,4.580710812296507,4.477992661728046,4.484776701794363,4.492318550217211,4.529030419135257,4.666854193667328,4.676163145925426,4.736819122482009,4.736819122482009,4.84708890903641,4.954012995937596,4.964374759577975,5.031941657271702,4.891487941057965,4.826812270737192,4.818461406870125,4.817492330765561,4.670978844601726,4.630300907392581,4.622055842843558,4.621559718761126,4.5780055214749185,4.596926656711391,4.5976032281254895,4.6047265438946825,4.595428381802823,4.595428381802823,4.59535430006061,4.577043734180097,4.577043734180097,4.435600838913804,4.449167732798303,4.482300958233598,4.4941884950211275,4.4941884950211275,4.496860188287448,4.498787350236121,4.531427038159174,4.531400080497769,4.557803498052064,4.705266592071187,4.705662748514431,4.829771713913383,4.850242269442893,4.851624570518536,4.860647479094867,4.8825964088883085,4.949936601708761,4.949936601708761,4.949936601708761,4.952965821158056,4.969219773626899,4.969520212869739,5.031941657271702,4.870709038275096,4.529030419135257,4.666854193667328,4.790579841736536,"rgba(0, 255, 255, 0.75)",0.3085601843844962,4.9111393491102415,1.5033068891083585,65.37872567888915,21.29198646043183,False,True,True,False,False,19.913294789989873,0.0,0.0,0.0,0.0,0,1.0726591760299626,0.8936329588014982,False,False,False,False,0.26904802970291536,0.27012954241866616,False,False,False,False,128515.0,126158.50838008124,False,False,False,False,260.6057824857638,False,False,False,False
2025-09-03 14:00:00+00:00,5.375,5.375,5.345,5.345,24.0,5.427705051262815,5.122267713716805,4.974164627307026,4.971940052700922,4.871184707727987,4.820707376058042,4.820707376058042,4.820707376058042,4.819856936763646,4.627669370838161,4.625330827448299,4.578800557705916,4.58384272415669,4.618043760462451,4.603217752263192,4.603217752263192,4.580849454744412,4.478086243282739,4.484868208325486,4.492408036513106,4.529109446052363,4.666898970290792,4.676207007644074,4.736856261243663,4.736856261243663,4.847111416798226,4.9540281173466125,4.96438939908067,5.032378124296329,4.891967684434479,4.827261887872125,4.818901613564885,4.817931680403243,4.6713608370563415,4.630648874306444,4.6223693794857175,4.621872909401467,4.578235625588696,4.59712637306344,4.597802178758924,4.6048863196065035,4.595585477671877,4.595585477671877,4.595511380117462,4.577177844338619,4.577177844338619,4.435711759127074,4.449270352940069,4.482393280879235,4.49427749154957,4.49427749154957,4.496948419056433,4.498875082185582,4.531505312471539,4.5314783263861145,4.557861772472668,4.705307166702652,4.705703273099828,4.829796267187124,4.8502640356235975,4.8516460506578385,4.860667822331657,4.8826150789991445,4.949951916159684,4.949951916159684,4.949951916159684,4.952980991972903,4.969234188648973,4.969534613907832,5.032378124296329,4.871184707727987,4.529109446052363,4.666898970290792,4.790909674641379,"rgba(38, 166, 154, 1.0)",0.31240505584725425,4.911522460103036,1.3875496948068144,63.741178410678664,19.96295769275001,False,True,True,False,False,18.489045975447727,0.0,0.0,0.0,0.0,0,1.0882572924457743,0.8878085265519822,False,False,False,False,0.29481496205453805,0.2824722522366021,False,False,False,False,128491.0,126194.67104085517,False,False,False,False,256.93747578055815,False,False,False,False
2025-09-03 15:00:00+00:00,5.345,5.345,5.26,5.26,20.0,5.426667287168031,5.1224903367071075,4.9744846524736,4.9722603860821435,4.871525863831528,4.821030266413488,4.821030266413488,4.821030266413488,4.82017854895365,4.627928815933292,4.625582460401801,4.578977697332836,4.584003491516528,4.6181836971158345,4.603338749319322,4.603338749319322,4.580955006029868,4.478158285097821,4.48493860775114,4.492476831943902,4.529169975258642,4.666932664971353,4.676239965326188,4.736883869331296,4.736883869331296,4.8471277099239005,4.954038622689263,4.964399515831764,5.032665973159394,4.892309261174309,4.827588726636895,4.819222351279949,4.818251877566764,4.671647827704902,4.630911927045836,4.62260669826337,4.622109982688295,4.578410826414678,4.597278089949295,4.5979533011624545,4.605007585234078,4.595704853153199,4.595704853153199,4.595630744712925,4.57727999176488,4.57727999176488,4.435797470411625,4.449349558768236,4.482464324804788,4.494345898052192,4.494345898052192,4.497016219311248,4.4989424863889536,4.531565249987793,4.531538242314134,4.5579062671633,4.705337505865039,4.705733572729304,4.829814129495486,4.850279777091049,4.851661578779872,4.860682487646471,4.882628440729548,4.949962576964807,4.949962576964807,4.949962576964807,4.952991537113442,4.969244124526263,4.969544538530191,5.032665973159394,4.871525863831528,4.529169975258642,4.666932664971353,4.7911258873074845,"rgba(38, 166, 154, 1.0)",0.3142833690096302,4.9117635024270605,1.1080334879643876,59.14961105352367,15.709187845121633,False,True,True,False,False,14.601756043503176,0.0,0.0,0.0,0.0,0,1.0773234200743496,0.8944237918215614,False,False,False,False,0.2600380915195991,0.2712551718781006,False,False,False,False,128471.0,126229.96296270237,False,False,False,False,253.26402654365026,False,False,False,False
2025-09-03 16:00:00+00:00,5.26,5.26,5.26,5.26,0.0,5.426667287168031,5.1224903367071075,4.9744846524736,4.9722603860821435,4.871525863831528,4.821030266413488,4.821030266413488,4.821030266413488,4.82017854895365,4.627928815933292,4.625582460401801,4.578977697332836,4.584003491516528,4.6181836971158345,4.603338749319322,4.603338749319322,4.580955006029868,4.478158285097821,4.48493860775114,4.492476831943902,4.529169975258642,4.666932664971353,4.676239965326188,4.736883869331296,4.736883869331296,4.8471277099239005,4.954038622689263,4.964399515831764,5.032665973159394,4.892309261174309,4.827588726636895,4.819222351279949,4.818251877566764,4.671647827704902,4.630911927045836,4.62260669826337,4.622109982688295,4.578410826414678,4.597278089949295,4.5979533011624545,4.605007585234078,4.595704853153199,4.595704853153199,4.595630744712925,4.57727999176488,4.57727999176488,4.435797470411625,4.449349558768236,4.482464324804788,4.494345898052192,4.494345898052192,4.497016219311248,4.4989424863889536,4.531565249987793,4.531538242314134,4.5579062671633,4.705337505865039,4.705733572729304,4.829814129495486,4.850279777091049,4.851661578779872,4.860682487646471,4.882628440729548,4.949962576964807,4.949962576964807,4.949962576964807,4.952991537113442,4.969244124526263,4.969544538530191,5.032665973159394,4.871525863831528,4.529169975258642,4.666932664971353,4.7911258873074845,"rgba(38, 166, 154, 1.0)",0.31554189053862924,4.9117635024270605,1.1036141571520042,56.08856614875368,12.908054765261745,False,True,True,False,False,14.601756043503165,0.0,0.0,0.0,0.0,0,1.075092936802974,0.9026022304832716,False,False,False,False,0.23472749826360637,0.2529913350708535,False,False,False,False,128471.0,126264.70772297053,False,False,False,False,249.33745248870994,False,False,False,False
2025-09-03 17:00:00+00:00,5.26,5.26,5.21,5.21,2.0,5.4265184771825385,5.122504300426692,4.974510338154411,4.9722861409192145,4.871554905889249,4.821058273207444,4.821058273207444,4.821058273207444,4.820206452720097,4.6279523276589885,4.625605272812376,4.578993866919648,4.584018156992952,4.618196400176753,4.603349757609473,4.603349757609473,4.580964639419555,4.478164940280373,4.484945106698038,4.4924831778245515,4.529175536014202,4.666935699878537,4.676242928879595,4.736886321273431,4.736886321273431,4.847129111452893,4.95403947940399,4.9644003348880625,5.032687788147982,4.892338072669828,4.827617013987337,4.81925018788003,4.818279676014158,4.671673643735367,4.630935754376141,4.622628223402108,4.6221314872123225,4.578426820292038,4.597291904448345,4.597967060222418,4.6050186152831625,4.595715725806452,4.595715725806452,4.595641616488782,4.577289319151893,4.577289319151893,4.43580542068351,4.449356896413387,4.4824708849192225,4.494352206811398,4.494352206811398,4.497022470385983,4.498948699668728,4.53157075484773,4.531543745208948,4.5579103407107775,4.705340218712021,4.705736281823587,4.829815675428258,4.8502811295849835,4.851662912252197,4.860683742658778,4.8826295737648095,4.949963448726355,4.949963448726355,4.949963448726355,4.952992397681051,4.969244926067373,4.9695453389826145,5.032687788147982,4.871554905889249,4.529175536014202,4.666935699878537,4.791142107667463,"rgba(38, 166, 154, 0.5)",0.3154335212153491,4.911780407158347,0.9454277138733637,52.14120284426754,9.248991814506368,False,True,False,False,False,12.37650105941136,0.0,0.0,0.0,0.0,0,1.067158671586716,0.9033210332103323,False,False,False,False,0.21997766019324214,0.23648449763204782,False,False,False,False,128469.0,126298.88279703299,False,False,False,False,245.50276330283845,False,False,False,False
2025-09-03 18:00:00+00:00,5.21,5.21,5.2,5.21,109.0,5.417950780598259,5.12311465956975,4.975791930446527,4.973572195653998,4.873041805747783,4.822503840509929,4.822503840509929,4.822503840509929,4.8216468905302525,4.629188218390804,4.626804653423472,4.57984671511616,4.58479157170207,4.618865186111978,4.6039298904924895,4.6039298904924895,4.581472976263241,4.478517782053392,4.485289581235133,4.4928194456443515,4.5294697769614,4.6670951442698065,4.676398527341859,4.737014459750835,4.737014459750835,4.84720145488288,4.954082737551957,4.96444156224663,5.033747508615069,4.893807338793832,4.829075669314505,4.820687358903675,4.819715073633292,4.673026422622776,4.632187967674349,4.623760261995792,4.6232624774414965,4.579270438082099,4.5980199826809445,4.59869219363629,4.605599840467961,4.596288954117279,4.596288954117279,4.596214800853729,4.57778161298965,4.57778161298965,4.436227517586561,4.449746304682835,4.482818632633766,4.4946864842058165,4.4946864842058165,4.497353658136273,4.499277860984169,4.531862009367375,4.531834896142435,4.558125636825671,4.7054823557462955,4.70587821795904,4.8298956653762355,4.850350909810534,4.851731696998359,4.860748390746474,4.8826877238041195,4.950007517948319,4.950007517948319,4.950007517948319,4.953035863529641,4.9692852091336865,4.969585563376815,5.033747508615069,4.873041805747783,4.5294697769614,4.6670951442698065,4.7919405454441195,"rgba(38, 166, 154, 0.5)",0.3158413189225671,4.912586370905614,0.9416552277230743,49.50962730794345,6.78077449939282,False,True,False,True,False,12.37650105941136,0.0,0.0,0.0,0.0,0,1.0681481481481485,0.9133333333333336,False,False,False,False,0.20240078822255633,0.2194426429273021,False,False,False,False,128469.0,126332.52802498595,False,False,False,False,243.38644139116653,False,False,False,False
2025-09-03 19:00:00+00:00,5.21,5.235,5.17,5.235,1.0,5.4178776507028825,5.123120661743509,4.975803960295757,4.973584264572637,4.873055657318083,4.822517281700315,4.822517281700315,4.822517281700315,4.8216602838092,4.629199663016006,4.626815760238347,4.57985461178563,4.584798734326272,4.618871384234688,4.603935266459063,4.603935266459063,4.5814776857697295,4.478521047174704,4.485292769222014,4.4928225580019125,4.529472501799655,4.667096624694413,4.676399972369783,4.737015651692283,4.737015651692283,4.847202130755851,4.954083144820079,4.964441950822483,5.033757543585159,4.893821040594627,4.829089234860789,4.820700721481079,4.819728419339528,4.673038956419536,4.632199563678931,4.623770745904167,4.623272951576258,4.579278249335783,4.598026727319229,4.598698911099209,4.605605226695973,4.5962942654983046,4.5962942654983046,4.59622011182159,4.5777861737218934,4.5777861737218934,4.436231421385419,4.449749906831276,4.482821850802732,4.494689578220752,4.494689578220752,4.497356723668926,4.499280907841849,4.531864706650679,4.531837592465841,4.558127631655058,4.705483676723422,4.705879537083001,4.829896412053939,4.850351561845095,4.851732339778292,4.86074899516468,4.88268826816992,4.950007932682974,4.950007932682974,4.950007932682974,4.953036272709748,4.969285589017104,4.969585942720074,5.033757543585159,4.873055657318083,4.529472501799655,4.667096624694413,4.791948246324142,"rgba(38, 166, 154, 1.0)",0.3166344269980265,4.912594253876164,1.0182270739809534,49.01060707914354,6.145359667389684,False,True,False,True,False,13.17585520520084,0.0,0.0,0.0,0.0,0,1.06480117820324,0.9072164948453608,False,False,False,False,0.20094174575921536,0.21019219434325873,False,False,False,False,128470.0,126365.66712537376,False,False,False,False,239.62851206727245,False,False,False,False
2025-09-04 14:00:00+00:00,5.28,5.28,5.28,5.28,0.0,5.4178776507028825,5.123120661743509,4.975803960295757,4.973584264572637,4.873055657318083,4.822517281700315,4.822517281700315,4.822517281700315,4.8216602838092,4.629199663016006,4.626815760238347,4.57985461178563,4.584798734326272,4.618871384234688,4.603935266459063,4.603935266459063,4.5814776857697295,4.478521047174704,4.485292769222014,4.4928225580019125,4.529472501799655,4.667096624694413,4.676399972369783,4.737015651692283,4.737015651692283,4.847202130755851,4.954083144820079,4.964441950822483,5.033757543585159,4.893821040594627,4.829089234860789,4.820700721481079,4.819728419339528,4.673038956419536,4.632199563678931,4.623770745904167,4.623272951576258,4.579278249335783,4.598026727319229,4.598698911099209,4.605605226695973,4.5962942654983046,4.5962942654983046,4.59622011182159,4.5777861737218934,4.5777861737218934,4.436231421385419,4.449749906831276,4.482821850802732,4.494689578220752,4.494689578220752,4.497356723668926,4.499280907841849,4.531864706650679,4.531837592465841,4.558127631655058,4.705483676723422,4.705879537083001,4.829896412053939,4.850351561845095,4.851732339778292,4.86074899516468,4.88268826816992,4.950007932682974,4.950007932682974,4.950007932682974,4.953036272709748,4.969285589017104,4.969585942720074,5.033757543585159,4.873055657318083,4.529472501799655,4.667096624694413,4.791948246324142,"rgba(38, 166, 154, 1.0)",0.31818923204187133,4.912594253876164,1.1546768687492492,50.76309772833535,6.145359667389684,False,True,False,False,False,14.592111928501712,0.0,0.0,0.0,0.0,0,1.0749448934606909,0.9074210139603233,False,False,False,False,0.24659971968121971,0.22839595701223922,False,False,False,False,128470.0,126398.29244125943,False,False,False,False,235.91334133754728,False,False,False,False
2025-09-04 15:00:00+00:00,5.28,5.28,5.26,5.26,10.0,5.417339150047482,5.1232160982204205,4.975951187824796,4.973731719997318,4.873215811531108,4.822669978570039,4.822669978570039,4.822669978570039,4.821812396741299,4.629324531677472,4.626936902823531,4.5799402150430435,4.58487642856329,4.618938918485001,4.603993725393338,4.603993725393338,4.581528751822845,4.478556066530409,4.485326982834244,4.492855983804949,4.529501873957438,4.667112873909609,4.676415857518076,4.7370289053598365,4.7370289053598365,4.847209873854052,4.954088055254467,4.964446669154182,5.033887616813732,4.893980854407775,4.829243659420291,4.8208524415413585,4.819879903289951,4.6731766315691825,4.632326138131908,4.623885046640354,4.623387137803335,4.579362920808546,4.5981000109601045,4.598771905859897,4.605663810139932,4.5963519646996716,4.5963519646996716,4.5962778059841485,4.577835604380888,4.577835604380888,4.436273136287681,4.44978844227664,4.482856380346572,4.494722812984333,4.494722812984333,4.4973896609695405,4.499313650612144,4.531893789174694,4.531866664556639,4.558149203005104,4.705498273340243,4.705894114303481,4.829904917224075,4.850359040084886,4.851739715483794,4.860755953482953,4.882694589780152,4.950012919937342,4.950012919937342,4.950012919937342,4.953041202811483,4.969290217955846,4.969590566098424,5.033887616813732,4.873215811531108,4.529501873957438,4.667112873909609,4.792048345817052,"rgba(38, 166, 154, 1.0)",0.31906037441608315,4.912703837776239,1.088496692387302,50.90486377709172,6.145359667389684,False,True,False,False,False,13.670906640494898,0.0,0.0,0.0,0.0,0,1.0753731343283581,0.9179104477611942,False,False,False,False,0.24065528882392626,0.23452562291808274,False,False,False,False,128460.0,126430.25689953448,False,False,False,False,232.41080891370933,False,False,False,False
2025-09-04 16:00:00+00:00,5.26,5.26,5.26,5.26,0.0,5.417339150047482,5.1232160982204205,4.975951187824796,4.973731719997318,4.873215811531108,4.822669978570039,4.822669978570039,4.822669978570039,4.821812396741299,4.629324531677472,4.626936902823531,4.5799402150430435,4.58487642856329,4.618938918485001,4.603993725393338,4.603993725393338,4.581528751822845,4.478556066530409,4.485326982834244,4.492855983804949,4.529501873957438,4.667112873909609,4.676415857518076,4.7370289053598365,4.7370289053598365,4.847209873854052,4.954088055254467,4.964446669154182,5.033887616813732,4.893980854407775,4.829243659420291,4.8208524415413585,4.819879903289951,4.6731766315691825,4.632326138131908,4.623885046640354,4.623387137803335,4.579362920808546,4.5981000109601045,4.598771905859897,4.605663810139932,4.5963519646996716,4.5963519646996716,4.5962778059841485,4.577835604380888,4.577835604380888,4.436273136287681,4.44978844227664,4.482856380346572,4.494722812984333,4.494722812984333,4.4973896609695405,4.499313650612144,4.531893789174694,4.531866664556639,4.558149203005104,4.705498273340243,4.705894114303481,4.829904917224075,4.850359040084886,4.851739715483794,4.860755953482953,4.882694589780152,4.950012919937342,4.950012919937342,4.950012919937342,4.953041202811483,4.969290217955846,4.969590566098424,5.033887616813732,4.873215811531108,4.529501873957438,4.667112873909609,4.792048345817052,"rgba(38, 166, 154, 1.0)",0.3197553259423169,4.912703837776239,1.0861309696727681,50.99937447626263,6.145359667389684,False,True,False,False,False,13.670906640494898,0.0,0.0,0.0,0.0,0,1.064179104477612,0.9134328358208956,False,False,False,False,0.23472749826360637,0.23462656059084455,False,False,False,False,128460.0,126461.72578481301,False,False,False,False,228.80754055845802,False,False,False,False
2025-09-04 17:00:00+00:00,5.26,5.26,5.25,5.25,3.0,5.41716411715878,5.123242045555261,4.975993302630026,4.973773915522243,4.873262205044753,4.822714392116422,4.822714392116422,4.822714392116422,4.821856643197304,4.629361199253078,4.6269724793800435,4.57996539332378,4.584899277624593,4.618958759017554,4.60401090823557,4.60401090823557,4.581543772047502,4.478566394002274,4.485337071190045,4.492865838207052,4.529510525777565,4.667117640097519,4.676420515249448,4.737032781237923,4.737032781237923,4.847212122890247,4.95408946551823,4.9644480221772636,5.033924376942692,4.894027057529395,4.829288554053896,4.820896576748195,4.819923972842603,4.673216994040027,4.632363302679088,4.623918617812466,4.623420675906702,4.579387825487155,4.598121554530209,4.598793364076113,4.6056810286767575,4.5963689282507225,4.5963689282507225,4.596294768092246,4.577850145181276,4.577850145181276,4.436285449013868,4.449799813516738,4.48286656241282,4.494732610651665,4.494732610651665,4.497399370355625,4.499323302228803,4.531902355169978,4.531875227484929,4.558155552375788,4.705502548136271,4.705898383345802,4.8299073908195025,4.850361211653094,4.8517418570423025,4.860757972363504,4.882696420369147,4.950014353084842,4.950014353084842,4.950014353084842,4.953042618934219,4.969291544346938,4.969591890833356,5.033924376942692,4.873262205044753,4.529510525777565,4.667117640097519,4.792076665107507,"rgba(38, 166, 154, 1.0)",0.3186365519714606,4.912734429986115,1.0584647866892976,50.47086881665361,6.006505514749136,False,True,False,False,False,13.19877073081188,0.0,0.0,0.0,0.0,0,1.0639269406392695,0.9330289193302893,False,False,False,False,0.231769691359148,0.23319812597499628,False,False,False,False,128457.0,126492.6602687694,False,False,False,False,225.3066484567765,False,False,False,False
2025-09-04 18:00:00+00:00,5.25,5.25,5.19,5.2,142.0,5.407362569138728,5.124084463760482,4.977686799658309,4.975473003346487,4.875215530027238,4.824611897920089,4.824611897920089,4.824611897920089,4.823747448979593,4.6309809360106255,4.628544581437355,4.581084348341775,4.585914402936403,4.619837334055058,4.604773151737261,4.604773151737261,4.5822116754267155,4.479029691466296,4.485789428773972,4.493307468833101,4.529897190952326,4.667327763464796,4.676625615255548,4.737201964791502,4.737201964791502,4.847308066603676,4.954147282012626,4.964503185167383,5.035335715472827,4.895958537451191,4.831203316831105,4.822783100308069,4.821808155418396,4.674989791122514,4.634004363019103,4.625402842061087,4.624903524455224,4.5804947045707936,4.59907751089712,4.599745473920032,4.606444721764939,4.597122041795253,4.597122041795253,4.59704782327191,4.578496979862567,4.578496979862567,4.436839315861775,4.450310909039487,4.483323200617505,4.495171639597006,4.495171639597006,4.4978343595207235,4.499755642544337,4.532285111903992,4.532257848106941,4.558438671608721,4.705690043837061,4.706085616064599,4.830013383818718,4.850453772161239,4.85183310408722,4.860843774617927,4.882773698559193,4.950073229504063,4.950073229504063,4.950073229504063,4.953100706847991,4.969345473380397,4.969645743187282,5.035335715472827,4.875215530027238,4.529897190952326,4.667327763464796,4.793185472516989,"rgba(38, 166, 154, 0.5)",0.316593965101592,4.913871822856485,0.9037701557314896,47.43073938824138,2.7224593845230913,False,True,False,True,False,10.866109879776712,0.0,0.0,0.0,0.0,0,1.047112462006079,0.9285714285714286,False,False,False,False,0.21117315174978654,0.2221856388623914,False,False,False,False,128315.0,126520.91359793575,False,False,False,False,224.0150725117102,False,False,False,False
2025-09-04 19:00:00+00:00,5.2,5.255,5.2,5.255,300.0,5.3916205553847725,5.126265444056998,4.981532844908668,4.979329019241179,4.879549130098848,4.828797744819181,4.828797744819181,4.828797744819181,4.827918350168352,4.634509476464191,4.631969785154172,4.583522152121011,4.588127645262713,4.621757604687682,4.606438776227463,4.606438776227463,4.583670103450158,4.480037611878527,4.486773858739832,4.4942688915139115,4.530740494002946,4.667790103105053,4.6770772260585325,4.73757649683847,4.73757649683847,4.847523510374322,4.954280333534799,4.964630567143754,5.038627050296987,4.900257693655803,4.8354296816186615,4.8269442675692895,4.825963805135398,4.678857822770088,4.637579508677569,4.628637555637875,4.628135179870051,4.582906273990953,4.601163749068367,4.601823429830857,4.60811365334934,4.598767116240386,4.598767116240386,4.598692764233217,4.579909280346382,4.579909280346382,4.438041949221212,4.451421392795951,4.4843168302176615,4.49612748236474,4.49612748236474,4.498781527806861,4.5006971292049425,4.533119997155344,4.533092435934906,4.559057289576413,4.706103892898517,4.706498899118767,4.830250739328377,4.850661731404224,4.852038161277226,4.861036900130927,4.882948359603482,4.950208546787943,4.950208546787943,4.950208546787943,4.953234338518706,4.969470218059041,4.9697703239104225,5.038627050296987,4.879549130098848,4.530740494002946,4.667790103105053,4.795882546217614,"rgba(38, 166, 154, 1.0)",0.314941536116119,4.916735920560926,1.0740535643871236,48.68853229308179,2.7224593845230913,False,True,False,False,False,12.715115955393394,0.0,0.0,0.0,0.0,0,1.05,0.9242424242424241,False,False,False,False,0.21557129174469905,0.2188784653035452,False,False,False,False,128615.0,126553.3800537817,False,False,False,False,225.1931334030015,False,False,False,False
