date,Open,High,Low,Close,Volume,aVWAP_peak_865,aVWAP_peak_822,aVWAP_valley_852,aVWAP_valley_774,aVWAP_valley_732,aVWAP_valley_690,aVWAP_valley_671,aVWAP_valley_641,aVWAP_valley_595,aVWAP_valley_579,aVWAP_valley_547,aVWAP_valley_506,aVWAP_valley_467,aVWAP_valley_444,aVWAP_valley_396,aVWAP_valley_372,aVWAP_valley_334,aVWAP_valley_317,aVWAP_valley_264,aVWAP_OB_bull_732,aVWAP_OB_bull_641,aVWAP_OB_bull_595,aVWAP_OB_bull_334,aVWAP_OB_bear_822,Peaks_avg,Valleys_avg,color,StDev,StDev_Mean,StdDev_ZScore,QQEMOD,QQE1_Value,QQE1_Above_Upper,QQE1_Below_Lower,QQE2_Above_Threshold,QQE2_Below_Threshold,QQE2_Above_TL,banker_RSI,OB,OB_High,OB_Low,OB_Mitigated_Index,TTM_squeeze_Active,VI_plus,VI_minus,VI_Regular_Bullish,VI_Regular_Bearish,VI_Hidden_Bullish,VI_Hidden_Bearish,Fisher,Fisher_Signal,Fisher_Regular_Bullish,Fisher_Regular_Bearish,Fisher_Hidden_Bullish,Fisher_Hidden_Bearish,OBV,OBV_Smoothed,OBV_Regular_Bullish,OBV_Regular_Bearish,OBV_Hidden_Bullish,OBV_Hidden_Bearish,Volume_MA,Vol_Regular_Bullish,Vol_Regular_Bearish,Vol_Hidden_Bullish,Vol_Hidden_Bearish
2025-02-03 15:00:00+00:00,28.65,29.35,28.47,29.32,397.0,,,,,,,,,,,,,,,,,,,,,,,,,,,#000000,,,,,,False,False,False,False,False,,0.0,0.0,0.0,0.0,0,,,False,False,False,False,,,False,False,False,False,0.0,0.0,False,False,False,False,397.0,False,False,False,False
2025-02-03 16:00:00+00:00,29.32,29.48,28.94,29.48,200.0,,,,,,,,,,,,,,,,,,,,,,,,,,,"rgba(38, 166, 154, 0.5)",,,,100.0,,False,False,True,False,False,,0.0,0.0,0.0,0.0,0,,,False,False,False,False,,,False,False,False,False,200.0,3.10077519379845,False,False,False,False,393.9457364341085,False,False,False,False
2025-02-03 17:00:00+00:00,29.48,29.48,29.15,29.15,210.0,,,,,,,,,,,,,,,,,,,,,,,,,,,"rgba(38, 166, 154, 0.5)",,,,76.70588235294115,-31.52941176470599,False,False,True,False,True,,0.0,0.0,0.0,0.0,0,,,False,False,False,False,,,False,False,False,False,-10.0,2.897662400096148,False,False,False,False,391.0938645514091,False,False,False,False
2025-02-03 18:00:00+00:00,29.16,29.16,29.02,29.12,100.0,,,,,,,,,,,,,,,,,,,,,,,,,,,"rgba(38, 166, 154, 0.5)",,,,60.50682210847556,-31.52941176470599,False,False,True,False,True,,0.0,0.0,0.0,0.0,0,,,False,False,False,False,,,False,False,False,False,-110.0,1.1473110450558979,False,False,False,False,386.5807813800694,False,False,False,False
2025-02-03 19:00:00+00:00,29.13,29.13,28.8,28.8,0.0,,,,,,,,,,,,,,,,,,,,,,,,,,,"rgba(239, 83, 80, 0.5)",,,,45.54192673776402,-31.52941176470599,False,False,False,True,True,,0.0,0.0,0.0,0.0,0,,,False,False,False,False,,,False,False,False,False,-110.0,-0.5759030796736508,False,False,False,False,380.58728089355674,False,False,False,False
2025-02-03 20:00:00+00:00,28.8,28.88,28.59,28.82,200.0,,,,,,,,,,,,,,,,,,,,,,,,,,,"rgba(239, 83, 80, 0.5)",,,,36.417984530496895,-31.52941176470599,False,False,False,True,False,,0.0,0.0,0.0,0.0,0,,,False,False,False,False,,,False,False,False,False,90.0,0.8283744874530725,False,False,False,False,377.78747808900545,False,False,False,False
2025-02-04 15:00:00+00:00,29.2,29.715,29.2,29.715,100.0,,,,,,,,,,,,,,,,,,,,,,,,,,,"rgba(239, 83, 80, 0.5)",,,,46.81372156624283,-31.52941176470599,False,False,False,True,False,,0.0,0.0,0.0,0.0,0,,,False,False,False,False,,,False,False,False,False,190.0,3.7612679062522494,False,False,False,False,373.48069548297434,False,False,False,False
2025-02-04 16:00:00+00:00,29.715,29.715,29.715,29.715,0.0,,,,,,,,,,,,,,,,,,,,,,,,,,,"rgba(38, 166, 154, 0.5)",,,,53.74421292340679,-31.52941176470599,False,False,True,False,False,,0.0,0.0,0.0,0.0,0,,,False,False,False,False,,,False,False,False,False,190.0,6.648690109256091,False,False,False,False,367.69029710339333,False,False,False,False
2025-02-04 17:00:00+00:00,29.715,29.715,29.715,29.715,0.0,,,,,,,,,,,,,,,,,,,,,,,,,,,"rgba(38, 166, 154, 0.5)",,,,58.364540494849436,-31.52941176470599,False,False,True,False,False,,0.0,0.0,0.0,0.0,0,,,False,False,False,False,,,False,False,False,False,190.0,9.491346076554446,False,False,False,False,361.9896723421004,False,False,False,False
2025-02-04 18:00:00+00:00,29.715,29.715,29.55,29.55,0.0,,,,,,,,,,,,,,,,,,,,,,,,,,,"rgba(38, 166, 154, 0.5)",,,,58.36032455731527,-31.52941176470599,False,False,True,False,False,,0.0,0.0,0.0,0.0,0,,,False,False,False,False,,,False,False,False,False,190.0,12.289929858313291,False,False,False,False,356.3774293600523,False,False,False,False
2025-02-04 19:00:00+00:00,29.55,29.56,29.495,29.5,600.0,,,,,,,,,,,,,,,,,,,,,,,,,,,"rgba(38, 166, 154, 0.5)",,,,57.49038658169023,-29.693136677692728,False,False,True,False,False,,0.0,0.0,0.0,0.0,0,,,False,False,False,False,,,False,False,False,False,-410.0,5.742799162835566,False,False,False,False,360.15452347850106,False,False,False,False
2025-02-04 20:00:00+00:00,29.5,30.06,29.5,30.06,0.0,,,,,,,,,,,,,,,,,,,,,,,,,,,"rgba(38, 166, 154, 0.5)",,,,62.21565073678363,-21.322672532176746,False,False,True,False,False,,0.0,0.0,0.0,0.0,0,,,False,False,False,False,,,False,False,False,False,-410.0,-0.7028256303866902,False,False,False,False,354.5707324168189,False,False,False,False
2025-02-05 15:00:00+00:00,31.83,32.48,31.67,32.48,473.0,,,,,,,,,,,,,,,,,,,,,,,,,,,"rgba(38, 166, 154, 0.5)",,,,71.374312204809,-9.405416286325043,False,False,True,False,True,,0.0,0.0,0.0,0.0,0,,,False,False,False,False,,,False,False,False,False,63.0,0.2848150770611654,False,False,False,False,356.4068450925271,False,False,False,False
2025-02-05 16:00:00+00:00,32.48,33.47,32.48,33.47,0.0,,,,,,,,,,,,,,,,,,,,,,,,,,,"rgba(38, 166, 154, 0.5)",,,,78.25829263148535,-0.2131441048621241,False,False,True,False,True,,0.0,0.0,0.0,0.0,0,,,False,False,False,False,,,False,False,False,False,63.0,1.2571435254788217,False,False,False,False,350.8811575717127,False,False,False,False
2025-02-05 17:00:00+00:00,33.58,33.97,33.58,33.89,207.0,,,,,,,,,,,,,,,,,,,,,,,,,,,"rgba(38, 166, 154, 0.5)",,33.81333333333333,,83.10688643452153,6.766754510387756,False,False,True,False,True,,0.0,0.0,0.0,0.0,0,,,False,False,False,False,,,False,False,False,False,270.0,5.423699439812483,False,False,False,False,348.65044195044584,False,False,False,False
2025-02-05 18:00:00+00:00,33.89,33.89,33.66,33.66,100.0,,,,,,,,,,,,,,,,,,,,,,,,,,,"rgba(38, 166, 154, 0.5)",,33.788360477741584,,84.58560973338871,10.515245836150328,False,False,True,False,True,,0.0,0.0,0.0,0.0,0,,,False,False,False,False,,,False,False,False,False,170.0,7.975269991133219,False,False,False,False,344.795396338811,False,False,False,False
2025-02-05 19:00:00+00:00,33.66,33.66,33.34,33.34,0.0,,,,,,,,,,,,,,,,,,,,,,,,,,,"rgba(38, 166, 154, 0.5)",,33.788360477741584,,83.19317757495834,11.399036554979517,False,False,True,False,True,,0.0,0.0,0.0,0.0,0,,,False,False,False,False,,,False,False,False,False,170.0,10.487281309100146,False,False,False,False,339.4497312792945,False,False,False,False
2025-02-05 20:00:00+00:00,33.34,33.35,32.78,32.78,100.0,,,,,,,,,,,,,,,,,,,,,,,,,,,"rgba(38, 166, 154, 0.5)",,33.58728910728911,,78.55894050279296,11.399036554979517,False,False,True,False,True,,0.0,0.0,0.0,0.0,0,,,False,False,False,False,,,False,False,False,False,70.0,11.409959118261384,False,False,False,False,335.7373323447318,False,False,False,False
2025-02-06 15:00:00+00:00,32.5,32.94,32.08,32.08,119.0,,,,,,,,,,,,,,,,,,,,,,,,,,,"rgba(38, 166, 154, 0.5)",,33.311140684410645,,71.7095974920614,11.399036554979517,False,False,True,False,False,,0.0,0.0,0.0,0.0,0,,,False,False,False,False,,,False,False,False,False,-49.0,10.473370604799968,False,False,False,False,332.3770636262088,False,False,False,False
2025-02-06 16:00:00+00:00,32.08,32.08,32.02,32.02,0.0,,,,,,,,,,,,,,,,,,,,,,,,,,,"rgba(38, 166, 154, 0.5)",,33.311140684410645,,66.84452219124947,11.399036554979517,False,False,True,False,False,,0.0,0.0,0.0,0.0,0,,,False,False,False,False,,,False,False,False,False,-49.0,9.551302843485239,False,False,False,False,327.22393085681017,False,False,False,False
2025-02-06 17:00:00+00:00,32.02,32.03,32.02,32.03,100.0,,,,,,,,,,,,,,,,,,,,,,,,,,,"rgba(38, 166, 154, 0.5)",,33.10595314164004,,63.642442937912676,11.399036554979517,False,False,True,False,False,,0.0,0.0,0.0,0.0,0,,,False,False,False,False,,,False,False,False,False,51.0,10.193918303276165,False,False,False,False,323.7010792156193,False,False,False,False
2025-02-06 18:00:00+00:00,32.03,32.37,32.03,32.37,100.0,,,,,,,,,,,,,,,,,,,,,,,,,,,"rgba(38, 166, 154, 0.5)",,32.98897153351699,,62.92627114424292,11.399036554979517,False,False,True,False,False,,0.0,0.0,0.0,0.0,0,,,False,False,False,False,,,False,False,False,False,151.0,12.376958329581962,False,False,False,False,320.2328454293306,False,False,False,False
2025-02-06 19:00:00+00:00,32.37,32.37,31.86,31.86,202.0,,,,,,,,,,,,,,,,,,,,,,,,,,,"rgba(38, 166, 154, 0.5)",,32.78022988505747,,59.501387523101144,23.588399593428107,False,False,True,False,False,,0.0,0.0,0.0,0.0,0,,,False,False,False,False,,,False,False,False,False,-51.0,11.394369828348133,False,False,False,False,318.39977805833325,False,False,False,False
2025-02-06 20:00:00+00:00,31.86,32.44,31.86,32.44,1.0,,,,,,,,,,,,,,,,,,,,,,,,,,,"rgba(38, 166, 154, 0.5)",,32.77965554359526,,59.670509667011466,22.51822588012996,False,False,True,False,False,,0.0,0.0,0.0,0.0,0,,,False,False,False,False,,,False,False,False,False,-50.0,10.442519133334983,False,False,False,False,313.47885126673117,False,False,False,False
2025-02-07 15:00:00+00:00,32.3,32.3,31.21,31.21,1046.0,,,,,,,,,,,,,,,,,,,,,,,,,,,"rgba(38, 166, 154, 0.5)",,32.14076286919831,,54.37345731229752,16.443820763749244,False,False,True,False,False,,0.0,0.0,0.0,0.0,0,,,False,False,False,False,,,False,False,False,False,-1096.0,-6.711628450127574,False,False,False,False,324.8357683013555,False,False,False,False
2025-02-07 16:00:00+00:00,31.57,31.61,31.0,31.065,947.0,,,,,,,,,,,,,,,,,,,,,,,,,,,#000000,,31.843970454026923,,50.336791631713545,11.830501345698877,False,False,False,False,False,,0.0,0.0,0.0,0.0,0,,,False,False,False,False,,,False,False,False,False,-2043.0,-38.281990799738,False,False,False,False,334.4817253819546,False,False,False,False
2025-02-07 17:00:00+00:00,31.02,31.14,30.73,30.84,501.0,,,,,,,,,,,,,,,,,,,,,,,,,,,"rgba(239, 83, 80, 0.5)",,31.706296133995522,,46.842670382410624,7.8569854407883355,False,False,False,True,False,,0.0,0.0,0.0,0.0,0,,,False,False,False,False,,,False,False,False,False,-2544.0,-77.13033202764903,False,False,False,False,337.0634040582034,False,False,False,False
2025-02-07 18:00:00+00:00,30.84,31.45,30.8,30.82,176.0,,,,,,,,,,,,,,,,,,,,,,,,,,,"rgba(239, 83, 80, 0.5)",,31.672897564138186,,44.437961509500674,4.945362273245401,False,False,False,True,False,,0.0,0.0,0.0,0.0,0,,,False,False,False,False,,,False,False,False,False,-2720.0,-118.10505556210407,False,False,False,False,334.5662970185413,False,False,False,False
2025-02-07 19:00:00+00:00,30.815,30.88,30.59,30.66,9.0,,,,,,,,,,,,,,,,,,,,,,,,,,,"rgba(239, 83, 80, 0.5)",,31.670495657797485,,42.19371333891063,2.1808177405994584,False,False,False,True,False,,0.0,0.0,0.0,0.0,0,,,False,False,False,False,,,False,False,False,False,-2729.0,-158.5840469487381,False,False,False,False,329.5187575298818,False,False,False,False
2025-02-07 20:00:00+00:00,30.66,30.7,30.425,30.68,154.0,,,,,,,,,,,,,,,,,,,,,,,,,,,"rgba(239, 83, 80, 0.5)",,31.114204545454545,,40.83830939518144,0.22848034345986434,False,False,False,True,False,,0.0,0.0,0.0,0.0,0,,,False,False,False,False,,,False,False,False,False,-2575.0,-196.04786017433904,False,False,False,False,326.7975364829069,False,False,False,False
2025-02-10 15:00:00+00:00,32.37,32.95,32.26,32.95,450.0,,,,,,,,,,,,,,,,,,,,,,,,,,,#000000,,31.96171929539065,,49.50371359040247,0.22848034345986434,False,False,False,False,True,,0.0,0.0,0.0,0.0,0,,,False,False,False,False,,,False,False,False,False,-2125.0,-225.9540949003183,False,False,False,False,328.7076521963502,False,False,False,False
2025-02-10 16:00:00+00:00,32.95,33.14,32.83,33.14,5.0,,,,,,,,,,,,,,,,,,,,,,,,,,,"rgba(38, 166, 154, 0.5)",,31.966003033113683,,55.743419179303466,-4.069349364187204,False,False,True,False,True,,0.0,0.0,0.0,0.0,0,,,False,False,False,False,,,False,False,False,False,-2120.0,-255.31914769256142,False,False,False,False,323.68892890648425,False,False,False,False
2025-02-10 17:00:00+00:00,33.14,33.15,33.01,33.12,205.0,,,,,,,,,,,,,,,,,,,,,,,,,,,"rgba(38, 166, 154, 0.5)",,32.11139065626006,,59.7910495912046,-0.2347401629710859,False,False,True,False,True,,0.0,0.0,0.0,0.0,0,,,False,False,False,False,,,False,False,False,False,-2325.0,-287.4072229221341,False,False,False,False,321.8487904738256,False,False,False,False
2025-02-10 18:00:00+00:00,33.31,33.47,33.26,33.41,5.0,,,,,,,,,,,,,,,,,,,,,,,,,,,"rgba(38, 166, 154, 0.5)",,32.115223680372196,,63.28665693935855,3.1760044656960886,False,False,True,False,True,,0.0,0.0,0.0,0.0,0,,,False,False,False,False,,,False,False,False,False,-2320.0,-318.9202892334188,False,False,False,False,316.93640612539417,False,False,False,False
2025-02-10 19:00:00+00:00,33.41,33.41,33.26,33.26,5.0,,,,,,,,,,,,,,,,,,,,,,,,,,,"rgba(38, 166, 154, 0.5)",,32.11876709580515,,64.64406658453571,4.747787104830493,False,False,True,False,True,,0.0,0.0,0.0,0.0,0,,,False,False,False,False,,,False,False,False,False,-2325.0,-350.02230025305573,False,False,False,False,312.10018277461285,False,False,False,False
2025-02-10 20:00:00+00:00,33.26,33.54,33.26,33.31,200.0,,,,,,,,,,,,,,,,,,,,,,,,,,,"rgba(38, 166, 154, 0.5)",,32.24456336636892,,65.71587551847747,6.245465040698932,False,False,True,False,True,,0.0,0.0,0.0,0.0,0,,,False,False,False,False,,,False,False,False,False,-2125.0,-377.54133435765954,False,False,False,False,310.3621954447739,False,False,False,False
2025-02-11 15:00:00+00:00,32.68,32.77,32.68,32.77,250.0,,,,,,,,,,,,,,,,,,,,,,,,,,,"rgba(38, 166, 154, 0.5)",,32.279305022122294,,62.8774701245198,6.245465040698932,False,False,True,False,True,,0.0,0.0,0.0,0.0,0,,,False,False,False,False,,,False,False,False,False,-2375.0,-408.50968576296714,False,False,False,False,309.42634745338205,False,False,False,False
2025-02-11 16:00:00+00:00,32.77,32.97,32.77,32.97,100.0,,,,,,,,,,,,,,,,,,,,,,,,,,,"rgba(38, 166, 154, 0.5)",,32.29887267988144,,61.86153844985819,6.245465040698932,False,False,True,False,True,,0.0,0.0,0.0,0.0,0,,,False,False,False,False,,,False,False,False,False,-2275.0,-437.44752009222344,False,False,False,False,306.1794273378257,False,False,False,False
2025-02-11 17:00:00+00:00,32.97,33.19,32.97,33.19,50.0,,,,,,,,,,,,,,,,,,,,,,,,,,,"rgba(38, 166, 154, 0.5)",,32.312802855730816,,62.13019796374279,6.245465040698932,False,False,True,False,True,,0.0,0.0,0.0,0.0,0,,,False,False,False,False,,,False,False,False,False,-2225.0,-465.16151202877813,False,False,False,False,302.20765327057256,False,False,False,False
2025-02-11 18:00:00+00:00,33.19,34.04,33.19,34.04,100.0,,,,,,,,,,,,,,,,,,,,,,,,,,,"rgba(38, 166, 154, 0.5)",,32.829529790321736,,65.23278175822466,7.679024331486133,False,False,True,False,True,,0.0,0.0,0.0,0.0,0,,,False,False,False,False,,,False,False,False,False,-2125.0,-490.8954420748436,False,False,False,False,299.0726508942846,False,False,False,False
2025-02-11 19:00:00+00:00,34.04,34.04,33.9,33.9,0.0,,,,,,,,,,,,,,,,,,,,,,,,,,,"rgba(38, 166, 154, 0.5)",,32.829529790321736,,66.30783021005828,9.214627906927127,False,False,True,False,True,,0.0,0.0,0.0,0.0,0,,,False,False,False,False,,,False,False,False,False,-2125.0,-516.2303964612801,False,False,False,False,294.4358656091019,False,False,False,False
2025-02-11 20:00:00+00:00,33.9,33.9,33.27,33.27,199.0,,,,,,,,,,,,,,,,,,,,,,,,,,,"rgba(38, 166, 154, 0.75)",,32.98130952964019,,63.04575879690636,9.214627906927127,True,False,True,False,False,,0.0,0.0,0.0,0.0,0,,,False,False,False,False,,,False,False,False,False,-2324.0,-544.2578321750586,False,False,False,False,292.95623978570495,False,False,False,False
2025-02-12 15:00:00+00:00,32.79,33.33,32.79,33.33,684.0,,,,,,,,,,,,,,,,,,,,,,,,,,,"rgba(38, 166, 154, 0.75)",,32.898194893096374,,61.13682517757945,9.214627906927127,True,False,True,False,False,,0.0,0.0,0.0,0.0,0,,,False,False,False,False,,,False,False,False,False,-1640.0,-561.2460828390113,False,False,False,False,299.0189337425157,False,False,False,False
2025-02-12 16:00:00+00:00,33.33,33.33,32.67,33.04,100.0,,,,,,,,,,,,,,,,,,,,,,,,,,,"rgba(38, 166, 154, 0.75)",,32.89108768252758,,58.13172976416507,14.608807586760292,True,False,True,False,False,,0.0,0.0,0.0,0.0,0,,,False,False,False,False,,,False,False,False,False,-1740.0,-579.521337368639,False,False,False,False,295.9333688782906,False,False,False,False
2025-02-12 17:00:00+00:00,33.04,33.25,32.8,33.04,354.0,,,,,,,,,,,,,,,,,,,,,,,,,,,"rgba(38, 166, 154, 0.75)",,32.880718038989414,,56.12833282188882,12.47009264502492,True,False,True,False,False,,0.0,0.0,0.0,0.0,0,,,False,False,False,False,,,False,False,False,False,-1740.0,-597.5132546187376,False,False,False,False,296.8336267251388,False,False,False,False
2025-02-12 18:00:00+00:00,33.04,33.04,32.99,33.03,400.0,,,,,,,,,,,,,,,,,,,,,,,,,,,"rgba(38, 166, 154, 0.5)",,32.87714370383654,,54.72425273444943,10.866146653750185,False,False,True,False,False,,0.0,0.0,0.0,0.0,0,,,False,False,False,False,,,False,False,False,False,-2140.0,-621.4277778029432,False,False,False,False,298.433105380563,False,False,False,False
2025-02-12 19:00:00+00:00,33.03,33.61,33.03,33.61,375.0,,,,,,,,,,,,,,,,,,,,,,,,,,,"rgba(38, 166, 154, 0.5)",,32.92782231422101,,57.06717188467323,10.866146653750185,False,False,True,False,False,,0.0,0.0,0.0,0.0,0,,,False,False,False,False,,,False,False,False,False,-1765.0,-639.1575796974712,False,False,False,False,299.62018901807363,False,False,False,False
2025-02-12 20:00:00+00:00,33.61,33.71,33.33,33.71,470.0,,,,,,,,,,,,,,,,,,,,,,,,,,,"rgba(38, 166, 154, 1.0)",,32.99878498370486,,59.115704045212965,10.866146653750185,True,False,True,False,True,,0.0,0.0,0.0,0.0,0,,,False,False,False,False,,,False,False,False,False,-1295.0,-649.3256792370453,False,False,False,False,302.26173647515776,False,False,False,False
2025-02-13 15:00:00+00:00,33.05,33.1,33.05,33.1,100.0,,,,,,,,,,,,,,,,,,,,,,,,,,,"rgba(38, 166, 154, 0.5)",,32.997816397670434,,56.10800125391883,10.866146653750185,False,False,True,False,False,,0.0,0.0,0.0,0.0,0,,,False,False,False,False,,,False,False,False,False,-1395.0,-660.8865214194166,False,False,False,False,299.1258955995739,False,False,False,False
2025-02-13 16:00:00+00:00,33.1,33.1,32.38,32.73,192.0,,,,,,,,,,,,,,,,,,,,,,,,,,,#000000,,32.97916483718381,,52.031363005669576,8.05973460523802,False,True,False,False,False,9.964099824476563,0.0,0.0,0.0,0.0,0,,,False,False,False,False,,,False,False,False,False,-1587.0,-675.2448699245418,False,False,False,False,297.46502900113086,False,False,False,False
2025-02-13 17:00:00+00:00,32.73,32.84,32.73,32.84,0.0,,,,,,,,,,,,,,,,,,,,,,,,,,,#000000,,32.97916483718381,,50.058904930514046,6.148444383600207,False,True,False,False,False,10.57199403837555,0.0,0.0,0.0,0.0,0,,,False,False,False,False,,,False,False,False,False,-1587.0,-689.3806083753241,False,False,False,False,292.85316808638464,False,False,False,False
2025-02-13 18:00:00+00:00,32.84,32.84,32.22,32.4,617.0,,,,,,,,,,,,,,,,,,,,,,,,,,,"rgba(239, 83, 80, 1.0)",,32.816557123782204,,46.40710240462476,2.6573879584277336,False,True,False,True,False,7.427289911276368,0.0,0.0,0.0,0.0,0,,,False,False,False,False,,,False,False,False,False,-2204.0,-712.8630795633035,False,False,False,False,297.8787003641151,False,False,False,False
2025-02-13 19:00:00+00:00,32.4,32.8,32.4,32.8,100.0,,,,,,,,,,,,,,,,,,,,,,,,,,,"rgba(239, 83, 80, 1.0)",,32.816217056761786,,46.703959991148146,2.6573879584277336,False,True,False,True,False,9.65491601319302,0.0,0.0,0.0,0.0,0,,,False,False,False,False,,,False,False,False,False,-2104.0,-734.4310938336398,False,False,False,False,294.81081353676444,False,False,False,False
2025-02-13 20:00:00+00:00,32.8,33.34,32.8,33.34,100.0,,,,,,,,,,,,,,,,,,,,,,,,,,,#000000,,32.83529538517159,,49.88278927945589,2.6573879584277336,False,True,False,False,True,12.493513046948237,0.0,0.0,0.0,0.0,0,,,False,False,False,False,,,False,False,False,False,-2004.0,-754.1143326889322,False,False,False,False,291.79049084627195,False,False,False,False
2025-02-14 15:00:00+00:00,32.38,32.38,32.38,32.38,0.0,,,,,,,,,,,,,,,,,,,,,,,,,,,"rgba(239, 83, 80, 0.75)",,32.83529538517159,,47.25194301510915,2.6573879584277336,False,True,False,True,True,6.102407798626469,0.0,0.0,0.0,0.0,0,,,False,False,False,False,,,False,False,False,False,-2004.0,-773.4924050503441,False,False,False,False,287.26660726726,False,False,False,False
2025-02-14 16:00:00+00:00,32.38,32.38,32.38,32.38,0.0,,,,,,,,,,,,,,,,,,,,,,,,,,,"rgba(239, 83, 80, 1.0)",,32.83529538517159,,45.49804550554465,1.5844059781110644,False,True,False,True,False,6.102407798626469,0.0,0.0,0.0,0.0,0,,,False,False,False,False,,,False,False,False,False,-2004.0,-792.5700421813465,False,False,False,False,282.8128614181552,False,False,False,False
2025-02-14 17:00:00+00:00,32.38,32.88,32.38,32.88,0.0,,,,,,,,,,,,,,,,,,,,,,,,,,,"rgba(239, 83, 80, 1.0)",,32.83529538517159,,47.09620827937809,1.5844059781110644,False,True,False,True,False,8.727706567373119,0.0,0.0,0.0,0.0,0,,,False,False,False,False,,,False,False,False,False,-2004.0,-811.3519019924884,False,False,False,False,278.4281658922923,False,False,False,False
2025-02-14 18:00:00+00:00,32.88,32.88,32.61,32.76,75.0,,,,,,,,,,,,,,,,,,,,,,,,,,,"rgba(239, 83, 80, 1.0)",,32.83522574139821,,47.53794878533411,1.5844059781110644,False,True,False,True,False,7.953609990958512,0.0,0.0,0.0,0.0,0,,,False,False,False,False,,,False,False,False,False,-2079.0,-831.0053608763257,False,False,False,False,275.2742408396987,False,False,False,False
2025-02-14 19:00:00+00:00,32.76,32.92,32.73,32.86,0.0,,,,,,,,,,,,,,,,,,,,,,,,,,,#000000,,32.83522574139821,,48.41190331727597,1.5844059781110644,False,True,False,False,False,8.476599611742785,0.0,0.0,0.0,0.0,0,,,False,False,False,False,,,False,False,False,False,-2079.0,-850.3541149712663,False,False,False,False,271.0064231522615,False,False,False,False
2025-02-14 20:00:00+00:00,32.86,32.86,32.67,32.67,0.0,,,,,,,,,,,,,,,,,,,,,,,,,,,"rgba(239, 83, 80, 1.0)",,32.83522574139821,,47.87095637265591,1.5844059781110644,False,True,False,True,False,7.232969667811094,0.0,0.0,0.0,0.0,0,,,False,False,False,False,,,False,False,False,False,-2079.0,-869.4028883825645,False,False,False,False,266.8047731809086,False,False,False,False
2025-02-17 15:00:00+00:00,32.67,32.67,32.67,32.67,0.0,,,,,,,,,,,,,,,,,,,,,,,,,,,"rgba(239, 83, 80, 1.0)",,32.83522574139821,,47.51032507624254,1.5844059781110644,False,True,False,True,False,7.2329696678110835,0.0,0.0,0.0,0.0,0,,,False,False,False,False,,,False,False,False,False,-2079.0,-888.1563319735324,False,False,False,False,262.6682650695767,False,False,False,False
2025-02-17 16:00:00+00:00,32.67,32.67,32.67,32.67,0.0,,,,,,,,,,,,,,,,,,,,,,,,,,,"rgba(239, 83, 80, 1.0)",,32.83522574139821,,47.26990421196696,1.4736678597098702,False,True,False,True,False,7.2329696678110835,0.0,0.0,0.0,0.0,0,,,False,False,False,False,,,False,False,False,False,-2079.0,-906.6190245010744,False,False,False,False,258.5958888669476,False,False,False,False
2025-02-17 17:00:00+00:00,32.67,32.67,32.67,32.67,0.0,,,,,,,,,,,,,,,,,,,,,,,,,,,"rgba(239, 83, 80, 1.0)",,32.83522574139821,,47.10962363578324,0.8960388334058536,False,True,False,True,False,7.2329696678110835,0.0,0.0,0.0,0.0,0,,,False,False,False,False,,,False,False,False,False,-2079.0,-924.7954737336157,False,False,False,False,254.5866502798631,False,False,False,False
2025-02-17 18:00:00+00:00,32.67,32.67,32.67,32.67,0.0,,,,,,,,,,,,,,,,,,,,,,,,,,,"rgba(239, 83, 80, 1.0)",,32.83522574139821,,47.002769918327424,0.3813108717137297,False,True,False,True,False,7.2329696678110835,0.0,0.0,0.0,0.0,0,,,False,False,False,False,,,False,False,False,False,-2079.0,-942.6901175516991,False,False,False,False,250.63957043056288,False,False,False,False
2025-02-17 19:00:00+00:00,32.67,32.67,32.67,32.67,0.0,,,,,,,,,,,,,,,,,,,,,,,,,,,"rgba(239, 83, 80, 1.0)",,32.83522574139821,,46.931534106690215,-0.07898251320644789,False,True,False,True,False,7.232969667811073,0.0,0.0,0.0,0.0,0,,,False,False,False,False,,,False,False,False,False,-2079.0,-960.3073250315176,False,False,False,False,246.75368561768593,False,False,False,False
2025-02-17 20:00:00+00:00,32.67,32.67,32.67,32.67,0.0,,,,,,,,,,,,,,,,,,,,,,,,,,,"rgba(239, 83, 80, 1.0)",,32.83522574139821,,46.884043565598745,-0.49030018229400696,False,True,False,True,False,7.232969667811073,0.0,0.0,0.0,0.0,0,,,False,False,False,False,,,False,False,False,False,-2079.0,-977.6513975116491,False,False,False,False,242.92804708097762,False,False,False,False
2025-02-18 15:00:00+00:00,30.71,30.77,30.66,30.77,100.0,,,,,,,,,,,,,,,,,,,,,,,,,,,"rgba(239, 83, 80, 1.0)",,32.423428910884176,,37.41418608429096,-9.351047527472794,False,True,False,True,False,0.0,0.0,0.0,0.0,0.0,0,,,False,False,False,False,,,False,False,False,False,-2179.0,-996.2769572401506,False,False,False,False,240.71210836654384,False,False,False,False
2025-02-18 16:00:00+00:00,30.77,30.77,30.77,30.77,0.0,,,,,,,,,,,,,,,,,,,,,,,,,,,"rgba(239, 83, 80, 1.0)",,32.423428910884176,,31.100947763419107,-14.77252218466436,False,True,False,True,False,0.0,0.0,0.0,0.0,0.0,0,,,False,False,False,False,,,False,False,False,False,-2179.0,-1014.6137486007685,False,False,False,False,236.98013769419433,False,False,False,False
2025-02-18 17:00:00+00:00,30.77,30.77,30.77,30.77,0.0,,,,,,,,,,,,,,,,,,,,,,,,,,,"rgba(239, 83, 80, 1.0)",,32.423428910884176,,26.892122216171206,-18.154797634508746,False,True,False,True,False,0.0,0.0,0.0,0.0,0.0,0,,,False,False,False,False,,,False,False,False,False,-2179.0,-1032.666248622462,False,False,False,False,233.30602703226882,False,False,False,False
2025-02-18 18:00:00+00:00,30.77,30.77,30.77,30.77,0.0,,,,,,,,,,,,,,,,,,,,,,,,,,,"rgba(239, 83, 80, 1.0)",,32.423428910884176,,24.08623851800594,-20.349224106492038,False,True,False,True,False,0.0,0.0,0.0,0.0,0.0,0,,,False,False,False,False,,,False,False,False,False,-2179.0,-1050.438864922889,False,False,False,False,229.68887932634217,False,False,False,False
2025-02-18 19:00:00+00:00,30.77,31.6,30.77,31.56,1446.0,,,,,,,,,,,,,,,,,,,,,,,,,,,"rgba(239, 83, 80, 0.75)",,32.167660094666715,,30.022061139653378,-26.304809627749773,False,True,False,True,True,0.13141707143945425,0.0,0.0,0.0,0.0,0,,,False,False,False,False,,,False,False,False,False,-733.0,-1045.5173321333868,False,False,False,False,248.5464160809725,False,False,False,False
2025-02-18 20:00:00+00:00,31.56,31.56,31.38,31.38,0.0,,,,,,,,,,,,,,,,,,,,,,,,,,,"rgba(239, 83, 80, 0.75)",,32.167660094666715,,33.02153453964806,-23.840102107875154,False,True,False,True,True,0.0,0.0,0.0,0.0,0.0,0,,,False,False,False,False,,,False,False,False,False,-733.0,-1040.6721021778303,False,False,False,False,244.69298327351555,False,False,False,False
2025-02-19 15:00:00+00:00,31.38,31.38,30.7,30.84,200.0,,,,,,,,,,,,,,,,,,,,,,,,,,,"rgba(239, 83, 80, 0.75)",,32.12131127483714,,32.57638997862722,-23.840102107875154,False,True,False,True,True,0.0,0.0,0.0,0.0,0.0,0,,,False,False,False,False,,,False,False,False,False,-933.0,-1039.0027672603444,False,False,False,False,244.00006880415873,False,False,False,False
2025-02-19 16:00:00+00:00,30.84,31.14,30.84,31.14,0.0,,,,,,,,,,,,,,,,,,,,,,,,,,,"rgba(239, 83, 80, 0.75)",,32.12131127483714,,34.67349532299398,-22.30306503862978,False,True,False,True,True,0.0,0.0,0.0,0.0,0.0,0,,,False,False,False,False,,,False,False,False,False,-933.0,-1037.35931350437,False,False,False,False,240.21712200099347,False,False,False,False
2025-02-19 17:00:00+00:00,31.14,31.14,30.91,30.91,99.0,,,,,,,,,,,,,,,,,,,,,,,,,,,"rgba(239, 83, 80, 0.75)",1.4390033462888938,32.10040413660147,-0.8272420906257459,34.9944924502628,-21.736784928421322,False,True,False,True,True,0.0,0.0,0.0,0.0,0.0,0,,,False,False,False,False,,,False,False,False,False,-1032.0,-1037.2762233725193,False,False,False,False,238.027709256792,False,False,False,False
2025-02-19 18:00:00+00:00,30.91,30.91,30.84,30.84,1.0,,,,,,,,,,,,,,,,,,,,,,,,,,,"rgba(239, 83, 80, 0.75)",1.4116103257314732,32.10016733935011,-0.8927161528781749,34.87972622503826,-21.436795571939577,False,True,False,True,True,0.0,0.0,0.0,0.0,0.0,0,,,False,False,False,False,,,False,False,False,False,-1033.0,-1037.2099253357362,False,False,False,False,234.35286105126033,False,False,False,False
2025-02-19 19:00:00+00:00,30.84,30.93,30.84,30.89,87.0,,,,,,,,,,,,,,,,,,,,,,,,,,,"rgba(239, 83, 80, 0.75)",1.3868903319270767,32.080501971748134,-0.8583966189265576,35.27713611844962,-20.56102222369822,False,True,False,True,True,0.0,0.0,0.0,0.0,0.0,0,,,False,False,False,False,,,False,False,False,False,-946.0,-1035.7958179661898,False,False,False,False,232.06832056984544,False,False,False,False
2025-02-19 20:00:00+00:00,30.89,31.52,30.89,31.52,0.0,,,,,,,,,,,,,,,,,,,,,,,,,,,"rgba(239, 83, 80, 0.75)",1.3472858936689285,32.080501971748134,-0.4160230388976878,40.56477761887044,-15.262465928542376,False,True,False,True,True,0.2537187846615083,0.0,0.0,0.0,0.0,0,,,False,False,False,False,,,False,False,False,False,-946.0,-1034.4036347419078,False,False,False,False,228.47036211139823,False,False,False,False
2025-02-20 15:00:00+00:00,31.16,31.16,30.39,30.39,0.0,,,,,,,,,,,,,,,,,,,,,,,,,,,"rgba(239, 83, 80, 0.75)",1.3177297977278286,32.080501971748134,-1.282889690028319,38.5954263370658,-15.262465928542376,False,True,False,True,True,0.0,0.0,0.0,0.0,0.0,0,,,False,False,False,False,,,False,False,False,False,-946.0,-1033.0330357536611,False,False,False,False,224.92818595463237,False,False,False,False
2025-02-20 16:00:00+00:00,29.98,30.38,29.98,30.38,140.0,,,,,,,,,,,,,,,,,,,,,,,,,,,"rgba(239, 83, 80, 1.0)",1.2769339686766754,32.029819020434985,-1.292015923223299,37.245573917050265,-15.262465928542376,False,True,False,True,False,0.0,0.0,0.0,0.0,0.0,0,,,False,False,False,False,,,False,False,False,False,-1086.0,-1033.8542289977904,False,False,False,False,223.61146989332022,False,False,False,False
2025-02-20 17:00:00+00:00,30.38,30.78,30.38,30.78,0.0,,,,,,,,,,,,,,,,,,,,,,,,,,,"rgba(239, 83, 80, 1.0)",1.2284645363693336,32.029819020434985,-1.0173830692164403,39.09098593763032,-15.262465928542376,False,True,False,True,False,0.0,0.0,0.0,0.0,0.0,0,,,False,False,False,False,,,False,False,False,False,-1086.0,-1034.662690563716,False,False,False,False,220.14462539885014,False,False,False,False
2025-02-20 18:00:00+00:00,30.78,30.78,30.52,30.52,0.0,,,,,,,,,,,,,,,,,,,,,,,,,,,"rgba(239, 83, 80, 1.0)",1.2106843720180143,32.029819020434985,-1.2470789706472896,39.11968050019575,-15.262465928542376,False,True,False,True,False,0.0,0.0,0.0,0.0,0.0,0,,,False,False,False,False,,,False,False,False,False,-1086.0,-1035.4586178417978,False,False,False,False,216.7315304314261,False,False,False,False
2025-02-20 19:00:00+00:00,30.52,30.93,30.52,30.93,300.0,,,,,,,,,,,,,,,,,,,,,,,,,,,"rgba(239, 83, 80, 0.5)",1.1859972312077454,31.96731300148996,-0.8746335777138575,41.775282494638404,-13.333596952377832,False,False,False,True,True,0.0,0.0,0.0,0.0,0.0,0,,,False,False,False,False,,,False,False,False,False,-786.0,-1031.5910423713824,False,False,False,False,218.02251445574507,False,False,False,False
2025-02-20 20:00:00+00:00,30.93,31.0,30.84,31.0,0.0,,,,,,,,,,,,,,,,,,,,,,,,,,,"rgba(239, 83, 80, 0.5)",1.1595904954410081,31.96731300148996,-0.834185003493045,43.97549229408507,-11.063449996549679,False,False,False,True,True,0.0,0.0,0.0,0.0,0.0,0,,,False,False,False,False,,,False,False,False,False,-786.0,-1027.783429311361,False,False,False,False,214.64232043317537,False,False,False,False
2025-02-21 15:00:00+00:00,30.325,30.325,30.12,30.12,100.0,,,,,,,,,,,,,,,,,,,,,,,,,,,"rgba(239, 83, 80, 0.5)",1.144087082460185,31.93569863871228,-1.587028353478039,41.30927050856584,-11.063449996549679,False,False,False,True,False,0.0,0.0,0.0,0.0,0.0,0,,,False,False,False,False,,,False,False,False,False,-886.0,-1025.5852366088593,False,False,False,False,212.86492011638194,False,False,False,False
2025-02-21 16:00:00+00:00,30.12,30.12,29.74,29.74,238.0,,,,,,,,,,,,,,,,,,,,,,,,,,,"rgba(239, 83, 80, 1.0)",1.136867535288434,31.850958978217676,-1.8568205289476467,38.20393287245455,-6.615661233977157,False,True,False,True,False,0.0,0.0,0.0,0.0,0.0,0,,,False,False,False,False,,,False,False,False,False,-1124.0,-1027.1110468939933,False,False,False,False,213.25461127736827,False,False,False,False
2025-02-21 17:00:00+00:00,29.66,29.66,28.98,28.98,0.0,,,,,,,,,,,,,,,,,,,,,,,,,,,"rgba(239, 83, 80, 1.0)",1.1701823874165196,31.850958978217676,-2.4534286356471835,34.006742447371224,-10.522807158796532,False,True,False,True,False,0.0,0.0,0.0,0.0,0.0,0,,,False,False,False,False,,,False,False,False,False,-1124.0,-1028.6132012057142,False,False,False,False,209.9483382343083,False,False,False,False
2025-02-21 18:00:00+00:00,28.98,28.98,28.82,28.82,0.0,,,,,,,,,,,,,,,,,,,,,,,,,,,"rgba(239, 83, 80, 1.0)",1.2308083954484188,31.850958978217676,-2.4625758074337885,30.823522592427043,-13.420894563830657,False,True,False,True,False,0.0,0.0,0.0,0.0,0.0,0,,,False,False,False,False,,,False,False,False,False,-1124.0,-1030.0920663033,False,False,False,False,206.69332523842755,False,False,False,False
2025-02-21 19:00:00+00:00,28.82,28.82,28.54,28.55,0.0,,,,,,,,,,,,,,,,,,,,,,,,,,,"rgba(239, 83, 80, 1.0)",1.2865019021144695,31.850958978217676,-2.565840728872832,28.058341301289527,-15.957296271661683,False,True,False,True,False,0.0,0.0,0.0,0.0,0.0,0,,,False,False,False,False,,,False,False,False,False,-1124.0,-1031.548003259838,False,False,False,False,203.4887775603124,False,False,False,False
2025-02-21 20:00:00+00:00,28.55,28.79,28.43,28.67,773.0,,,,,,,,,,,,,,,,,,,,,,,,,,,"rgba(239, 83, 80, 1.0)",1.3252187206863855,31.46859731655655,-2.11180031859725,27.194706062060884,-16.827523550733254,False,True,False,True,False,0.0,0.0,0.0,0.0,0.0,0,,,False,False,False,False,,,False,False,False,False,-351.0,-1020.9968714263521,False,False,False,False,212.31840891596647,False,False,False,False
2025-02-24 15:00:00+00:00,28.06,28.06,27.06,27.41,450.0,,,,,,,,,,,,,,,,,,,,,,,,,,,"rgba(239, 83, 80, 1.0)",1.4107453368363148,31.215097096605476,-2.6972246494456935,23.99169641798154,-19.953561951392373,False,True,False,True,False,0.0,0.0,0.0,0.0,0.0,0,,,False,False,False,False,,,False,False,False,False,-801.0,-1017.5860672181916,False,False,False,False,216.00339482424607,False,False,False,False
2025-02-24 16:00:00+00:00,27.41,27.57,27.07,27.57,4.0,,,,,,,,,,,,,,,,,,,,,,,,,,,"rgba(239, 83, 80, 1.0)",1.4853310517636578,31.212947750222753,-2.4526167051427197,23.019498386611424,-21.021468249061577,False,True,False,True,False,0.0,0.0,0.0,0.0,0.0,0,,,False,False,False,False,,,False,False,False,False,-797.0,-1014.166128191553,False,False,False,False,212.71652048588564,False,False,False,False
2025-02-24 17:00:00+00:00,27.57,28.025,27.5,28.01,124.0,,,,,,,,,,,,,,,,,,,,,,,,,,,"rgba(239, 83, 80, 1.0)",1.5438441170201274,31.155765020822813,-2.037618297172809,25.41835351015852,-21.021468249061577,False,True,False,True,False,0.0,0.0,0.0,0.0,0.0,0,,,False,False,False,False,,,False,False,False,False,-673.0,-1008.8767308552498,False,False,False,False,211.34107055587188,False,False,False,False
2025-02-24 18:00:00+00:00,28.01,28.01,27.67,27.7,5.0,,,,,,,,,,,,,,,,,,,,,,,,,,,"rgba(239, 83, 80, 0.75)",1.6120698322790308,31.153467915140038,-2.1422570201303057,26.170727160603093,-21.021468249061577,False,True,False,True,True,0.0,0.0,0.0,0.0,0.0,0,,,False,False,False,False,,,False,False,False,False,-678.0,-1003.7468590590444,False,False,False,False,208.14198419066457,False,False,False,False
2025-02-24 19:00:00+00:00,27.7,27.7,27.25,27.32,4.0,,,,,,,,,,,,,,,,,,,,,,,,,,,"rgba(239, 83, 80, 0.75)",1.6882153138583784,31.151414610270603,-2.2695058970374995,25.713792066301416,-21.021468249061577,False,True,False,True,True,0.0,0.0,0.0,0.0,0.0,0,,,False,False,False,False,,,False,False,False,False,-682.0,-998.7585356627801,False,False,False,False,204.9769921877085,False,False,False,False
2025-02-24 20:00:00+00:00,27.32,27.32,25.91,25.91,104.0,,,,,,,,,,,,,,,,,,,,,,,,,,,"rgba(239, 83, 80, 1.0)",1.8113946321863466,31.083203421424827,-2.855922905756207,22.908376902188046,-21.834201316077078,False,True,False,True,False,0.0,0.0,0.0,0.0,0.0,0,,,False,False,False,False,,,False,False,False,False,-786.0,-995.4599537145199,False,False,False,False,203.41145742510838,False,False,False,False
2025-02-25 15:00:00+00:00,25.0,25.0,24.4,24.81,520.0,,,,,,,,,,,,,,,,,,,,,,,,,,,"rgba(239, 83, 80, 1.0)",1.9679099147147026,30.658838321172794,-2.972106739967683,19.828411588660884,-24.901756895867045,False,True,False,True,False,0.0,0.0,0.0,0.0,0.0,0,,,False,False,False,False,,,False,False,False,False,-1306.0,-1000.274528075535,False,False,False,False,208.31980692239352,False,False,False,False
2025-02-25 16:00:00+00:00,24.68,24.79,24.36,24.79,148.0,,,,,,,,,,,,,,,,,,,,,,,,,,,"rgba(239, 83, 80, 1.0)",2.111361852898235,29.70472394278838,-2.3277506582029095,17.755632570244813,-26.970109043468586,False,True,False,True,False,0.0,0.0,0.0,0.0,0.0,0,,,False,False,False,False,,,False,False,False,False,-1454.0,-1007.3090315162244,False,False,False,False,207.38461611739515,False,False,False,False
2025-02-25 17:00:00+00:00,24.79,24.91,24.7,24.91,250.0,,,,,,,,,,,,,,,,,,,,,,,,,,,"rgba(239, 83, 80, 1.0)",2.233845081210163,29.575054304371005,-2.0883517588622387,17.18108332820158,-27.695340499437663,False,True,False,True,False,0.0,0.0,0.0,0.0,0.0,0,,,False,False,False,False,,,False,False,False,False,-1204.0,-1010.3585038958178,False,False,False,False,208.04531974348205,False,False,False,False
2025-02-25 18:00:00+00:00,24.89,25.105,24.87,24.91,22.0,,,,,,,,,,,,,,,,,,,,,,,,,,,"rgba(239, 83, 80, 1.0)",2.350395839769037,29.564322456050174,-1.9802291925889102,16.79805050017276,-28.34144970847057,False,True,False,True,False,0.0,0.0,0.0,0.0,0.0,0,,,False,False,False,False,,,False,False,False,False,-1204.0,-1013.3606976338671,False,False,False,False,205.1608961815676,False,False,False,False
2025-02-25 19:00:00+00:00,24.82,24.91,24.68,24.88,26.0,,,,,,,,,,,,,,,,,,,,,,,,,,,"rgba(239, 83, 80, 1.0)",2.459597029911514,29.550008726462558,-1.898688553315811,16.49570904099575,-28.97634589722676,False,True,False,True,False,0.0,0.0,0.0,0.0,0.0,0,,,False,False,False,False,,,False,False,False,False,-1230.0,-1016.7194465077606,False,False,False,False,202.38320786867507,False,False,False,False
2025-02-25 20:00:00+00:00,24.88,25.05,24.43,24.51,82.0,,,,,,,,,,,,,,,,,,,,,,,,,,,"rgba(239, 83, 80, 1.0)",2.5736766073613975,29.50033633063287,-1.9389912144980386,15.71820720658153,-30.070050377601333,False,True,False,True,False,0.0,0.0,0.0,0.0,0.0,0,,,False,False,False,False,,,False,False,False,False,-1312.0,-1021.2974395851596,False,False,False,False,200.5168015451297,False,False,False,False
2025-02-26 15:00:00+00:00,26.26,26.6,26.13,26.55,729.0,,,,,,,,,,,,,,,,,,,,,,,,,,,"rgba(239, 83, 80, 0.75)",2.624200415330318,29.383957182361574,-1.079931687307828,26.72423562382945,-28.21727024366517,False,True,False,True,True,0.0,0.0,0.0,0.0,0.0,0,,,False,False,False,False,,,False,False,False,False,-583.0,-1014.5021304443044,False,False,False,False,208.7103395056703,False,False,False,False
2025-02-26 16:00:00+00:00,26.55,27.07,26.55,26.79,400.0,,,,,,,,,,,,,,,,,,,,,,,,,,,"rgba(239, 83, 80, 0.5)",2.667317659277854,29.312607121606465,-0.9457467927871154,34.92641911583239,-21.104693475236324,True,False,False,True,True,0.0,0.0,0.0,0.0,0.0,0,,,False,False,False,False,,,False,False,False,False,-183.0,-1001.6106245459431,False,False,False,False,211.67607067612502,False,False,False,False
2025-02-26 17:00:00+00:00,26.79,27.12,26.79,26.95,300.0,,,,,,,,,,,,,,,,,,,,,,,,,,,"rgba(239, 83, 80, 0.5)",2.705606171776807,29.262315325810384,-0.854638546411896,40.98781793317501,-16.105538339072638,True,False,False,True,True,0.0,0.0,0.0,0.0,0.0,0,,,False,False,False,False,,,False,False,False,False,117.0,-984.2678241653857,False,False,False,False,213.0454339214564,False,False,False,False
2025-02-26 18:00:00+00:00,26.95,26.95,26.34,26.34,0.0,,,,,,,,,,,,,,,,,,,,,,,,,,,"rgba(239, 83, 80, 0.5)",2.7430409901920654,29.262315325810384,-1.0653560541965383,42.62843013328902,-15.025089064034646,True,False,False,True,True,0.0,0.0,0.0,0.0,0.0,0,,,False,False,False,False,,,False,False,False,False,117.0,-967.1939044108835,False,False,False,False,209.742403938178,False,False,False,False
2025-02-26 19:00:00+00:00,26.34,26.54,26.2,26.44,100.0,,,,,,,,,,,,,,,,,,,,,,,,,,,"rgba(239, 83, 80, 0.5)",2.7728497066187137,29.236334359520416,-1.0084695008336169,44.16202120778289,-13.697220601145865,True,False,False,True,True,0.0,0.0,0.0,0.0,0.0,0,,,False,False,False,False,,,False,False,False,False,217.0,-948.8343089936604,False,False,False,False,208.04097131898143,False,False,False,False
2025-02-26 20:00:00+00:00,26.44,27.05,26.44,27.05,304.0,,,,,,,,,,,,,,,,,,,,,,,,,,,#000000,2.7884214462957626,29.179863843472752,-0.763824222590935,47.706943841364335,-10.324083029992671,True,False,False,False,True,0.0,0.0,0.0,0.0,0.0,0,,,False,False,False,False,,,False,False,False,False,521.0,-926.0461801720533,False,False,False,False,209.5287081977569,False,False,False,False
2025-02-27 15:00:00+00:00,25.32,26.45,25.32,25.66,1958.0,,,,,,,,,,,,,,,,,,,,,,,,,,,"rgba(239, 83, 80, 0.5)",2.8252018216993497,28.64469903467504,-1.0564551572035132,45.16036628200109,-10.324083029992671,True,False,False,True,True,0.0,0.0,0.0,0.0,0.0,0,,,False,False,False,False,,,False,False,False,False,-1437.0,-933.9679448205486,False,False,False,False,236.63679024120253,False,False,False,False
2025-02-27 16:00:00+00:00,25.66,25.98,25.66,25.87,126.0,,,,,,,,,,,,,,,,,,,,,,,,,,,"rgba(239, 83, 80, 0.5)",2.855257309999625,28.616970208336177,-0.9620744857970565,44.33548612127586,-10.324083029992671,True,False,False,True,False,0.0,0.0,0.0,0.0,0.0,0,,,False,False,False,False,,,False,False,False,False,-1311.0,-939.8134030403851,False,False,False,False,234.9214911676955,False,False,False,False
2025-02-27 17:00:00+00:00,25.87,25.88,25.56,25.62,105.0,,,,,,,,,,,,,,,,,,,,,,,,,,,"rgba(239, 83, 80, 0.5)",2.8861814293705157,28.592728021926998,-1.0299865391952707,42.99901237468168,-10.324083029992671,True,False,False,True,False,0.0,0.0,0.0,0.0,0.0,0,,,False,False,False,False,,,False,False,False,False,-1416.0,-947.1961409777434,False,False,False,False,232.90720448292504,False,False,False,False
2025-02-27 18:00:00+00:00,25.62,25.94,25.62,25.94,48.0,,,,,,,,,,,,,,,,,,,,,,,,,,,"rgba(239, 83, 80, 0.5)",2.9137901264334207,28.582495410916774,-0.9068928427426851,43.574687564025524,-10.324083029992671,True,False,False,True,False,0.0,0.0,0.0,0.0,0.0,0,,,False,False,False,False,,,False,False,False,False,-1368.0,-953.7202318152977,False,False,False,False,230.04042611884867,False,False,False,False
2025-02-27 19:00:00+00:00,25.94,25.94,24.62,24.62,304.0,,,,,,,,,,,,,,,,,,,,,,,,,,,"rgba(239, 83, 80, 0.5)",2.9647055548615646,28.496904488056437,-1.3076861820894945,40.15768438909497,-10.324083029992671,True,False,False,True,False,0.0,0.0,0.0,0.0,0.0,0,,,False,False,False,False,,,False,False,False,False,-1672.0,-964.8563522522697,False,False,False,False,231.18708617902155,False,False,False,False
2025-02-27 20:00:00+00:00,24.66,24.66,23.22,23.22,781.0,,,,,,,,,,,,,,,,,,,,,,,,,,,"rgba(239, 83, 80, 0.5)",3.045147816646216,28.20329003154177,-1.6364690095832963,35.28888945990338,-7.775874351516308,True,False,False,True,False,0.0,0.0,0.0,0.0,0.0,0,,,False,False,False,False,,,False,False,False,False,-2453.0,-987.9283467909942,False,False,False,False,239.7113174010522,False,False,False,False
2025-02-28 15:00:00+00:00,22.72,23.82,22.72,23.71,343.0,,,,,,,,,,,,,,,,,,,,,,,,,,,"rgba(239, 83, 80, 0.5)",3.0901436043484267,28.07859795446182,-1.413720044697716,34.13039554703139,-9.053704670766834,False,False,False,True,False,0.0,0.0,0.0,0.0,0.0,0,,,False,False,False,False,,,False,False,False,False,-2110.0,-1005.3248065306686,False,False,False,False,241.3126923250669,False,False,False,False
2025-02-28 16:00:00+00:00,23.71,23.89,23.27,23.41,100.0,,,,,,,,,,,,,,,,,,,,,,,,,,,"rgba(239, 83, 80, 0.5)",3.138844844039754,28.044513770484404,-1.4765029814343085,32.777340523262346,-10.620465483529308,False,False,False,True,False,0.0,0.0,0.0,0.0,0.0,0,,,False,False,False,False,,,False,False,False,False,-2210.0,-1024.0019413131388,False,False,False,False,239.1217978704147,False,False,False,False
2025-02-28 17:00:00+00:00,23.41,23.415,22.43,22.46,548.0,,,,,,,,,,,,,,,,,,,,,,,,,,,"rgba(239, 83, 80, 1.0)",3.2178069472156867,27.834273578293473,-1.670166565754897,30.238992189728286,-13.305838448394091,False,True,False,True,False,0.0,0.0,0.0,0.0,0.0,0,,,False,False,False,False,,,False,False,False,False,-2758.0,-1050.8856321454932,False,False,False,False,243.9106072057571,False,False,False,False
2025-02-28 18:00:00+00:00,22.5,23.08,22.25,22.84,249.0,,,,,,,,,,,,,,,,,,,,,,,,,,,"rgba(239, 83, 80, 1.0)",3.2769995230200846,27.74391319690007,-1.4964644219357779,30.25387225556677,-13.641772914498532,False,True,False,True,False,0.0,0.0,0.0,0.0,0.0,0,,,False,False,False,False,,,False,False,False,False,-2509.0,-1073.492056453315,False,False,False,False,243.98951252039652,False,False,False,False
2025-02-28 19:00:00+00:00,22.59,23.03,22.44,22.95,0.0,,,,,,,,,,,,,,,,,,,,,,,,,,,"rgba(239, 83, 80, 1.0)",3.331011733868729,27.74391319690007,-1.439176316359681,30.77039295339545,-13.641772914498532,False,True,False,True,False,0.0,0.0,0.0,0.0,0.0,0,,,False,False,False,False,,,False,False,False,False,-2509.0,-1095.7479935625659,False,False,False,False,240.2067293805454,False,False,False,False
2025-02-28 20:00:00+00:00,22.95,23.61,22.95,23.57,923.0,,,,,,,,,,,,,,,,,,,,,,,,,,,"rgba(239, 83, 80, 0.5)",3.364209064643667,27.481183772521455,-1.1625864199779516,33.87541214338967,-13.641772914498532,False,False,False,True,True,0.0,0.0,0.0,0.0,0.0,0,,,False,False,False,False,,,False,False,False,False,-1586.0,-1103.3487998639214,False,False,False,False,250.79267156069199,False,False,False,False
2025-03-03 15:00:00+00:00,21.83,22.81,21.615,22.085,705.0,,,,,,,,,,,,,,,,,,,,,,,,,,,"rgba(239, 83, 80, 0.5)",3.4286503858615345,27.244090214189022,-1.5046999937535686,32.65101020100278,-13.641772914498532,False,False,False,True,True,0.0,0.0,0.0,0.0,0.0,0,,,False,False,False,False,,,False,False,False,False,-2291.0,-1121.761996765256,False,False,False,False,257.83464564502236,False,False,False,False
2025-03-03 16:00:00+00:00,22.18,22.7,22.11,22.51,574.0,,,,,,,,,,,,,,,,,,,,,,,,,,,"rgba(239, 83, 80, 0.5)",3.464786208190694,27.07743058734507,-1.3182431217683048,33.54583125900239,-13.641772914498532,False,False,False,True,True,0.0,0.0,0.0,0.0,0.0,0,,,False,False,False,False,,,False,False,False,False,-1717.0,-1130.9904929394381,False,False,False,False,262.7364340846344,False,False,False,False
2025-03-03 17:00:00+00:00,22.51,22.56,21.86,21.94,0.0,,,,,,,,,,,,,,,,,,,,,,,,,,,"rgba(239, 83, 80, 0.5)",3.5064417515134534,27.07743058734507,-1.4651407185439902,32.96591248237232,-13.641772914498532,False,False,False,True,True,0.0,0.0,0.0,0.0,0.0,0,,,False,False,False,False,,,False,False,False,False,-1717.0,-1140.0759116535555,False,False,False,False,258.66300099805096,False,False,False,False
2025-03-03 18:00:00+00:00,21.89,21.89,21.16,21.52,477.0,,,,,,,,,,,,,,,,,,,,,,,,,,,"rgba(239, 83, 80, 0.5)",3.562765495085657,26.920278035400948,-1.5157545571971789,31.768603368302998,-13.779798378414391,False,False,False,True,True,0.0,0.0,0.0,0.0,0.0,0,,,False,False,False,False,,,False,False,False,False,-2194.0,-1156.415820000012,False,False,False,False,262.0480707500192,False,False,False,False
2025-03-03 19:00:00+00:00,21.52,21.75,21.015,21.02,316.0,,,,,,,,,,,,,,,,,,,,,,,,,,,"rgba(239, 83, 80, 1.0)",3.631041710157138,26.816153842486795,-1.5962785077001935,30.060816672852233,-15.665796346395396,False,True,False,True,False,0.0,0.0,0.0,0.0,0.0,0,,,False,False,False,False,,,False,False,False,False,-2510.0,-1177.401621240322,False,False,False,False,262.8845347693987,False,False,False,False
2025-03-03 20:00:00+00:00,21.02,21.02,20.07,20.64,973.0,,,,,,,,,,,,,,,,,,,,,,,,,,,"rgba(239, 83, 80, 1.0)",3.6997482419826926,26.480742382667454,-1.5786864404420675,28.268753921122656,-17.563643516601473,False,True,False,True,False,0.0,0.0,0.0,0.0,0.0,0,,,False,False,False,False,,,False,False,False,False,-3483.0,-1213.1473325389215,False,False,False,False,273.8940768659972,False,False,False,False
2025-03-04 15:00:00+00:00,20.02,20.02,19.19,19.79,521.0,,,,,,,,,,,,,,,,,,,,,,,,,,,"rgba(239, 83, 80, 1.0)",3.79106710475992,25.46168738873372,-1.4960662082748586,25.78850205331355,-20.030276327945657,False,True,False,True,False,0.0,0.0,0.0,0.0,0.0,0,,,False,False,False,False,,,False,False,False,False,-4004.0,-1256.4163661429693,False,False,False,False,277.7251764494701,False,False,False,False
2025-03-04 16:00:00+00:00,19.75,20.5,19.38,20.36,809.0,,,,,,,,,,,,,,,,,,,,,,,,,,,"rgba(239, 83, 80, 1.0)",3.8506892363049188,25.26784422090315,-1.2745365620863933,26.917597926346083,-20.030276327945657,False,True,False,True,False,0.0,0.0,0.0,0.0,0.0,0,,,False,False,False,False,-0.32565190184260806,-0.32565190184260806,False,False,False,False,-3195.0,-1286.471926357807,False,False,False,False,285.96199541924574,False,False,False,False
2025-03-04 17:00:00+00:00,20.39,21.02,20.09,20.91,482.0,,,,,,,,,,,,,,,,,,,,,,,,,,,"rgba(239, 83, 80, 0.75)",3.878694208849897,25.18093632928681,-1.1011273638282557,30.094915084341828,-24.16379245535478,False,True,False,True,True,0.0,0.0,0.0,0.0,0.0,0,0.8240858393336153,1.050825921219822,False,False,False,False,-0.2945881376174433,-0.3101200197300257,False,False,False,False,-2713.0,-1308.5886406778409,False,False,False,False,289.0013443274745,False,False,False,False
2025-03-04 18:00:00+00:00,20.89,21.48,20.78,21.245,85.0,,,,,,,,,,,,,,,,,,,,,,,,,,,"rgba(239, 83, 80, 0.5)",3.9095965610623087,25.169558496824987,-1.0038269769089965,33.605878243791096,-20.912367071711948,False,False,False,True,True,0.0,0.0,0.0,0.0,0.0,0,0.8275813494858427,1.0460628257501057,False,False,False,False,-0.26603748103186375,-0.2880787503809447,False,False,False,False,-2628.0,-1329.044630744851,False,False,False,False,285.83853278751366,False,False,False,False
2025-03-04 19:00:00+00:00,21.28,21.82,21.27,21.71,6.0,,,,,,,,,,,,,,,,,,,,,,,,,,,"rgba(239, 83, 80, 0.5)",3.925124519743985,25.16902960072664,-0.8812534693682155,37.78921722288201,-17.13273635442612,True,False,False,True,True,0.0,0.0,0.0,0.0,0.0,0,0.8317540534849437,1.0407805151961815,False,False,False,False,-0.24569397903628581,-0.26688636470861526,False,False,False,False,-2622.0,-1349.0904504232255,False,False,False,False,281.4999508838312,False,False,False,False
2025-03-04 20:00:00+00:00,21.7,22.135,20.62,20.76,23.0,,,,,,,,,,,,,,,,,,,,,,,,,,,"rgba(239, 83, 80, 0.5)",3.9457225705317343,25.16588687372777,-1.1166235828724327,37.866031712217506,-17.12509845848711,True,False,False,True,True,0.0,0.0,0.0,0.0,0.0,0,0.8277785429004265,1.0312629114447043,False,False,False,False,-0.2538800423193377,-0.2603832035139765,False,False,False,False,-2645.0,-1369.1820713468965,False,False,False,False,277.4921997073377,False,False,False,False
2025-03-05 15:00:00+00:00,21.29,21.96,21.28,21.45,301.0,,,,,,,,,,,,,,,,,,,,,,,,,,,"rgba(239, 83, 80, 0.5)",3.9478033862613433,25.13480623369619,-0.9333813954665514,40.518400269387605,-14.582594569979577,True,False,False,True,True,0.0,0.0,0.0,0.0,0.0,0,0.8347169297768097,1.025789330430049,False,False,False,False,-0.24203907625493173,-0.2512111398844541,False,False,False,False,-2344.0,-1384.295527605084,False,False,False,False,277.856661727379,False,False,False,False
2025-03-05 16:00:00+00:00,21.32,21.38,20.64,21.12,478.0,,,,,,,,,,,,,,,,,,,,,,,,,,,"rgba(239, 83, 80, 0.5)",3.948408817383167,25.05582711665349,-0.9968134756780284,41.317589228270776,-13.729598101354085,True,False,False,True,True,0.0,0.0,0.0,0.0,0.0,0,0.8291216216216214,1.0291216216216217,False,False,False,False,-0.27195956218146666,-0.2615853510329604,False,False,False,False,-2822.0,-1406.5855194251603,False,False,False,False,280.95965921997777,False,False,False,False
2025-03-05 17:00:00+00:00,21.12,21.77,21.02,21.745,100.0,,,,,,,,,,,,,,,,,,,,,,,,,,,"rgba(239, 83, 80, 0.5)",3.9351676338253054,25.043307685518762,-0.8381619266146829,44.11624608489692,-10.97448263097047,True,False,False,True,True,0.0,0.0,0.0,0.0,0.0,0,0.8308171416965674,1.0316837045562248,False,False,False,False,-0.2530232396718454,-0.2573042953524029,False,False,False,False,-2722.0,-1426.979542379809,False,False,False,False,278.1540831080401,False,False,False,False
2025-03-05 18:00:00+00:00,21.77,21.87,21.38,21.72,536.0,,,,,,,,,,,,,,,,,,,,,,,,,,,"rgba(239, 83, 80, 0.5)",3.916817341935929,24.980481614855293,-0.8324313671578482,45.89369192452217,-9.199018713868277,True,False,False,True,True,0.0,0.0,0.0,0.0,0.0,0,0.8298473333781691,1.0301298002555652,False,False,False,False,-0.24179564247095875,-0.24954996891168083,False,False,False,False,-3258.0,-1455.36745645144,False,False,False,False,282.1516942226441,False,False,False,False
2025-03-05 19:00:00+00:00,21.7,22.165,21.59,21.93,400.0,,,,,,,,,,,,,,,,,,,,,,,,,,,#000000,3.8894323122676466,24.600989841030174,-0.6867299972300875,47.88669786388023,-7.202873373325161,True,False,False,False,True,0.0,0.0,0.0,0.0,0.0,0,0.8339562199679655,1.025961025093433,False,False,False,False,-0.229538070385593,-0.23954401964863692,False,False,False,False,-2858.0,-1477.1136974366889,False,False,False,False,283.9787997385721,False,False,False,False
2025-03-05 20:00:00+00:00,21.91,22.11,21.56,21.605,748.0,,,,,,,,,,,,,,,,,,,,,,,,,,,#000000,3.8616789304863373,24.514411685266754,-0.7534058987395787,47.882979796672096,-7.00137118100745,True,False,False,False,True,0.0,0.0,0.0,0.0,0.0,0,0.836597835469092,1.026558661443463,False,False,False,False,-0.23159639226898124,-0.23557020595880906,False,False,False,False,-3606.0,-1510.119686623717,False,False,False,False,291.1729268744082,False,False,False,False
2025-03-06 15:00:00+00:00,19.59,20.54,19.59,19.86,1047.0,,,,,,,,,,,,,,,,,,,,,,,,,,,"rgba(239, 83, 80, 0.5)",3.861409958145444,24.213786005642095,-1.1275119846982344,42.81178716920513,-2.123457595572347,True,False,False,True,False,0.0,0.0,0.0,0.0,0.0,0,0.8285547860979872,1.0304187431234226,False,False,False,False,-0.3192905565018585,-0.2774303812303338,False,False,False,False,-4653.0,-1558.8465131876903,False,False,False,False,302.8911760701538,False,False,False,False
2025-03-06 16:00:00+00:00,19.87,20.03,19.36,19.37,104.0,,,,,,,,,,,,,,,,,,,,,,,,,,,"rgba(239, 83, 80, 0.5)",3.8644311050613513,24.185676331940183,-1.2461540136225895,38.43798364680518,-6.1470122503136935,True,False,False,True,False,0.0,0.0,0.0,0.0,0.0,0,0.8257610030375491,1.0434304918244683,False,False,False,False,-0.3381949275746006,-0.3078126544024672,False,False,False,False,-4757.0,-1608.4302881770284,False,False,False,False,299.8075919450351,False,False,False,False
2025-03-06 17:00:00+00:00,19.36,19.45,18.82,19.16,656.0,,,,,,,,,,,,,,,,,,,,,,,,,,,"rgba(239, 83, 80, 0.5)",3.8640153437294353,23.999482830971303,-1.252449175395969,35.10532472894404,-9.138846165202466,False,False,False,True,False,0.0,0.0,0.0,0.0,0.0,0,0.8070790605358912,1.0628514720476345,False,False,False,False,-0.34282825441539394,-0.32532045440893054,False,False,False,False,-5413.0,-1667.4158651045163,False,False,False,False,305.32995486061594,False,False,False,False
2025-03-06 18:00:00+00:00,19.16,19.46,18.96,19.34,1104.0,,,,,,,,,,,,,,,,,,,,,,,,,,,"rgba(239, 83, 80, 1.0)",3.8912984261607804,23.748640217306082,-1.1329483721082065,33.814423516671624,-10.31276241857946,False,True,False,True,False,0.0,0.0,0.0,0.0,0.0,0,0.7968968502363986,1.076313511353799,False,False,False,False,-0.3390883809391588,-0.3322044176740446,False,False,False,False,-4309.0,-1708.3706578935937,False,False,False,False,317.71243618060635,False,False,False,False
2025-03-06 19:00:00+00:00,19.34,19.43,18.66,18.97,1360.0,,,,,,,,,,,,,,,,,,,,,,,,,,,"rgba(239, 83, 80, 1.0)",3.9204912612744915,23.0253110714632,-1.0343884990945962,32.09206429956685,-12.022927902870642,False,True,False,True,False,0.0,0.0,0.0,0.0,0.0,0,0.7805056067945059,1.0816136951761661,False,False,False,False,-0.34282825441539394,-0.3375163360447193,False,False,False,False,-5669.0,-1769.775763972763,False,False,False,False,333.8719332940853,False,False,False,False
2025-03-06 20:00:00+00:00,18.94,19.68,18.82,18.91,833.0,,,,,,,,,,,,,,,,,,,,,,,,,,,"rgba(239, 83, 80, 1.0)",3.9444284597231314,22.900374074040123,-1.0116482311153936,30.801770529167996,-13.411788619131414,False,True,False,True,False,0.0,0.0,0.0,0.0,0.0,0,0.7833782983483581,1.0765940646180165,False,False,False,False,-0.3326887590154505,-0.3351025475300849,False,False,False,False,-6502.0,-1843.1435815855882,False,False,False,False,341.6103529329367,True,False,False,False
2025-03-07 15:00:00+00:00,20.63,20.93,19.37,19.995,3975.0,,,,,,,,,,,,,,,,,,,,,,,,,,,"rgba(239, 83, 80, 0.75)",3.9405110760585944,22.618787462294044,-0.6658495336392827,35.50028212396035,-13.411788619131414,False,True,False,True,True,0.0,0.0,0.0,0.0,0.0,0,0.7933964085730834,1.0499452918838899,False,False,False,False,-0.288914788691041,-0.31200866811056294,False,False,False,False,-2527.0,-1853.7460066772844,False,False,False,False,397.94197536808497,False,False,False,False
2025-03-07 16:00:00+00:00,20.0,20.56,19.8,20.54,353.0,,,,,,,,,,,,,,,,,,,,,,,,,,,"rgba(239, 83, 80, 0.5)",3.905631098718772,22.59755093910333,-0.5268165085479531,40.764181772856546,-15.597688497760977,True,False,False,True,True,0.0,0.0,0.0,0.0,0.0,0,0.8066131621187798,1.0505939004815408,False,False,False,False,-0.2874748856433972,-0.29974177687698006,False,False,False,False,-2174.0,-1858.7111848683344,False,False,False,False,397.24520055617666,False,False,False,False
2025-03-07 17:00:00+00:00,20.57,21.47,20.44,20.93,2337.0,,,,,,,,,,,,,,,,,,,,,,,,,,,"rgba(239, 83, 80, 0.5)",3.863205357035858,22.530995912388907,-0.4144216432794842,45.66070306756221,-11.192420514569882,True,False,False,True,True,0.0,0.0,0.0,0.0,0.0,0,0.8242039848805174,1.0335703760650903,False,False,False,False,-0.2506586348621108,-0.2752002058695454,False,False,False,False,163.0,-1827.3668254130112,False,False,False,False,427.31891837701113,False,False,False,False
2025-03-07 18:00:00+00:00,20.94,22.06,20.94,21.93,1316.0,,,,,,,,,,,,,,,,,,,,,,,,,,,"rgba(38, 166, 154, 1.0)",3.8153456303825477,22.529192937744295,-0.15704814079562607,51.861164436394816,-5.652282458704576,True,False,True,False,True,0.0,0.0,0.0,0.0,0.0,0,0.8335334639448901,1.014662200594072,False,False,False,False,-0.22516689657217137,-0.2501835512208584,False,False,False,False,1479.0,-1776.1053242438172,False,False,False,False,441.09691964248384,False,False,False,False
2025-03-07 19:00:00+00:00,21.93,22.07,21.54,21.75,1946.0,,,,,,,,,,,,,,,,,,,,,,,,,,,"rgba(38, 166, 154, 1.0)",3.7581089204089837,22.528041969289042,-0.20703018080816293,55.17011488275445,-2.7962961014760026,True,False,True,False,True,0.0,0.0,0.0,0.0,0.0,0,0.842154831418346,1.0138130219124755,False,False,False,False,-0.2110274711296477,-0.23060551117525305,False,False,False,False,-467.0,-1755.8091176663936,False,False,False,False,464.42875034570113,False,False,False,False
2025-03-07 20:00:00+00:00,21.7,22.22,21.64,22.09,775.0,,,,,,,,,,,,,,,,,,,,,,,,,,,"rgba(38, 166, 154, 1.0)",3.697859725510078,22.481026324191074,-0.10574395818574119,58.3393405190254,0.08476639349319726,True,False,True,False,True,0.0,0.0,0.0,0.0,0.0,0,0.8437558685446007,1.016150234741784,False,False,False,False,-0.20525686591361464,-0.21793118854443383,False,False,False,False,308.0,-1723.8120770824185,False,False,False,False,469.2438084798763,False,False,False,False
2025-03-10 14:00:00+00:00,19.97,20.21,19.2,19.39,927.0,,,,,,,,,,,,,,,,,,,,,,,,,,,#000000,3.6712100970356483,22.293115745236765,-0.7907789716477712,51.75933991587527,0.08476639349319726,True,False,False,False,False,0.0,0.0,0.0,0.0,0.0,0,0.8325937632970638,1.0172633882438755,False,False,False,False,-0.31041442760904736,-0.2641728080767406,False,False,False,False,-619.0,-1706.683207670288,False,False,False,False,476.34080369724256,False,False,False,False
2025-03-10 15:00:00+00:00,19.41,21.21,19.2,19.37,1486.0,,,,,,,,,,,,,,,,,,,,,,,,,,,"rgba(239, 83, 80, 0.5)",3.6370113374126816,22.17194250871103,-0.770396968491248,47.32958575331454,6.5165387392444885,True,False,False,True,False,0.0,0.0,0.0,0.0,0.0,0,0.835454382505825,1.0058552906733582,False,False,False,False,-0.28627585235197284,-0.2752243302143567,False,False,False,False,-2105.0,-1712.8586618149347,False,False,False,False,491.9944346476729,False,False,False,False
2025-03-10 16:00:00+00:00,19.37,19.37,19.37,19.37,0.0,,,,,,,,,,,,,,,,,,,,,,,,,,,"rgba(239, 83, 80, 0.5)",3.5789654791434926,22.17194250871103,-0.7828917392580109,44.376416311607386,3.7600960292602252,True,False,False,True,False,0.0,0.0,0.0,0.0,0.0,0,0.8446425322903399,1.0282578376083922,False,False,False,False,-0.3267840402381801,-0.3010041852262684,False,False,False,False,-2105.0,-1718.9383724844706,False,False,False,False,484.36661395546093,False,False,False,False
2025-03-10 17:00:00+00:00,19.37,19.37,18.87,19.05,400.0,,,,,,,,,,,,,,,,,,,,,,,,,,,"rgba(239, 83, 80, 0.5)",3.5485584523986633,22.126813874429335,-0.8670602205663397,41.593269659280736,1.005821961762777,True,False,False,True,False,0.0,0.0,0.0,0.0,0.0,0,0.8409132309186955,1.0199162062055982,False,False,False,False,-0.33911090548302414,-0.32005754535464626,False,False,False,False,-2505.0,-1731.1253744614555,False,False,False,False,483.0586044367716,False,False,False,False
2025-03-10 18:00:00+00:00,19.07,19.3,18.995,19.0,283.0,,,,,,,,,,,,,,,,,,,,,,,,,,,"rgba(239, 83, 80, 0.5)",3.5124658864682954,22.096960337555867,-0.8817054564107925,39.60525911101048,-1.1414111694890465,False,False,False,True,False,0.0,0.0,0.0,0.0,0.0,0,0.8455131322957198,1.015077821011673,False,False,False,False,-0.33775014139381515,-0.32890384337423073,False,False,False,False,-2788.0,-1747.5110275705802,False,False,False,False,479.95692064705423,False,False,False,False
2025-03-10 19:00:00+00:00,19.02,19.93,18.91,19.71,1520.0,,,,,,,,,,,,,,,,,,,,,,,,,,,"rgba(239, 83, 80, 0.5)",3.4465460671217922,21.984586009058813,-0.6599610058188825,41.49680788105844,-1.1414111694890465,False,False,False,True,False,0.0,0.0,0.0,0.0,0.0,0,0.8443287737562035,1.011136666263164,False,False,False,False,-0.32433024292939494,-0.32661704315181284,False,False,False,False,-1268.0,-1740.0767480733618,False,False,False,False,496.08161955175103,False,False,False,False
2025-03-11 14:00:00+00:00,21.15,21.15,20.13,20.79,1565.0,,,,,,,,,,,,,,,,,,,,,,,,,,,"rgba(239, 83, 80, 0.5)",3.3661829413438737,21.95670254818177,-0.34659511040002805,46.482010033253744,-1.1414111694890465,True,False,False,True,True,0.0,0.0,0.0,0.0,0.0,0,0.8585243553008596,0.9893744030563515,False,False,False,False,-0.26553721018171295,-0.2960771266667629,False,False,False,False,297.0,-1708.4941628319143,False,False,False,False,512.6539975431967,False,False,False,False
2025-03-11 15:00:00+00:00,20.79,21.72,20.79,21.21,318.0,,,,,,,,,,,,,,,,,,,,,,,,,,,"rgba(38, 166, 154, 1.0)",3.2620810345047486,21.95731045621686,-0.22909009565126143,50.995805874039746,-8.001058414486351,True,False,True,False,True,0.0,0.0,0.0,0.0,0.0,0,0.8693952496594205,0.9805721731919681,False,False,False,False,-0.23658901839400723,-0.2663330725303851,False,False,False,False,615.0,-1672.4709975166907,False,False,False,False,509.6361061084185,False,False,False,False
2025-03-11 16:00:00+00:00,21.19,21.32,20.86,20.94,640.0,,,,,,,,,,,,,,,,,,,,,,,,,,,"rgba(38, 166, 154, 1.0)",3.1493423351779395,21.952699281443497,-0.3215589712594003,52.88487148966036,-5.984389119382492,True,False,True,False,True,0.0,0.0,0.0,0.0,0.0,0,0.8642939289389262,0.9935839234913141,False,False,False,False,-0.24431558902709855,-0.25532433077874184,False,False,False,False,-25.0,-1646.92881150868,False,False,False,False,511.6572517501485,False,False,False,False
2025-03-11 17:00:00+00:00,20.97,20.98,20.48,20.98,600.0,,,,,,,,,,,,,,,,,,,,,,,,,,,"rgba(38, 166, 154, 1.0)",3.0551228975147313,21.942763173662758,-0.31513075118711015,54.277791995671954,-4.294323884741068,True,False,True,False,True,0.0,0.0,0.0,0.0,0.0,0,0.8531312277311429,1.0,False,False,False,False,-0.26127472362380494,-0.25829952720127336,False,False,False,False,575.0,-1612.480302803119,False,False,False,False,513.0269067617741,False,False,False,False
2025-03-11 18:00:00+00:00,20.98,22.09,20.98,21.88,1377.0,,,,,,,,,,,,,,,,,,,,,,,,,,,"rgba(38, 166, 154, 1.0)",2.958336279150906,21.957731725044315,-0.02627548652671308,57.92039474570961,-0.48292414816756946,True,False,True,False,True,0.0,0.0,0.0,0.0,0.0,0,0.8586521816988002,0.9868680236375573,False,False,False,False,-0.2235399370997138,-0.24091973215049356,False,False,False,False,1952.0,-1557.2170422945435,False,False,False,False,526.4218384398861,False,False,False,False
2025-03-11 19:00:00+00:00,21.84,21.84,20.93,20.93,1252.0,,,,,,,,,,,,,,,,,,,,,,,,,,,"rgba(38, 166, 154, 1.0)",2.8841992862010084,21.95048760887694,-0.3538200753877519,56.35395120890843,-0.48292414816756946,True,False,True,False,True,0.0,0.0,0.0,0.0,0.0,0,0.8572867895454273,0.992295383156522,False,False,False,False,-0.2305209336028801,-0.2357203328766868,False,False,False,False,700.0,-1522.2214292357132,False,False,False,False,537.6711122625235,False,False,False,False
2025-03-12 14:00:00+00:00,22.64,22.93,21.95,22.06,200.0,,,,,,,,,,,,,,,,,,,,,,,,,,,"rgba(38, 166, 154, 1.0)",2.8014673198422333,21.98572316260675,0.026513547692368637,58.38768503115077,0.577155068337099,True,False,True,False,True,0.0,0.0,0.0,0.0,0.0,0,0.8603491271820448,0.9698428347735312,False,False,False,False,-0.18184766474186542,-0.20878399880927612,False,False,False,False,900.0,-1484.6676086274076,False,False,False,False,532.4359012196936,False,False,False,False
2025-03-12 15:00:00+00:00,22.06,22.38,21.72,22.14,0.0,,,,,,,,,,,,,,,,,,,,,,,,,,,"rgba(38, 166, 154, 1.0)",2.720925291411236,21.98572316260675,0.05670013722178817,59.93722201753163,2.4795326474600046,True,False,True,False,True,0.0,0.0,0.0,0.0,0.0,0,0.8583059068075523,0.97782781915815,False,False,False,False,-0.19972974403752508,-0.2042568714234006,False,False,False,False,900.0,-1447.696017795975,False,False,False,False,524.1810810457449,False,False,False,False
2025-03-12 16:00:00+00:00,22.25,22.63,22.12,22.19,200.0,,,,,,,,,,,,,,,,,,,,,,,,,,,"rgba(38, 166, 154, 1.0)",2.6313221131330424,21.99058839173357,0.07578380741421151,61.102900140084905,4.05276851191573,True,False,True,False,True,0.0,0.0,0.0,0.0,0.0,0,0.8643538594969643,0.9722463139635731,False,False,False,False,-0.18481973704285568,-0.19453830423312812,False,False,False,False,1100.0,-1408.1968547293707,False,False,False,False,519.1550177737179,False,False,False,False
2025-03-12 17:00:00+00:00,22.19,22.31,21.75,21.75,400.0,,,,,,,,,,,,,,,,,,,,,,,,,,,"rgba(38, 166, 154, 1.0)",2.5734435075373936,21.980045304026287,-0.08939201632074087,59.84336585376444,4.05276851191573,True,False,True,False,True,0.0,0.0,0.0,0.0,0.0,0,0.8596188172971727,0.9783497437669143,False,False,False,False,-0.20065008632494982,-0.197594195279039,False,False,False,False,700.0,-1375.511632175427,False,False,False,False,517.3076531570711,False,False,False,False
2025-03-12 18:00:00+00:00,21.75,22.13,21.7,22.04,0.0,,,,,,,,,,,,,,,,,,,,,,,,,,,"rgba(38, 166, 154, 1.0)",2.506692621942462,21.980045304026287,0.02391784914069453,59.95190367351887,4.05276851191573,True,False,True,False,True,0.0,0.0,0.0,0.0,0.0,0,0.8570854155896376,0.9829973002469985,False,False,False,False,-0.20594861989943825,-0.20177140758923862,False,False,False,False,700.0,-1343.3331572579784,False,False,False,False,509.28737946471335,False,False,False,False
2025-03-12 19:00:00+00:00,22.04,22.04,21.48,21.87,475.0,,,,,,,,,,,,,,,,,,,,,,,,,,,"rgba(38, 166, 154, 1.0)",2.4231560780061714,21.973720565691877,-0.04280391454487742,59.179714730370506,4.05276851191573,True,False,True,False,True,0.0,0.0,0.0,0.0,0.0,0,0.851535934528269,0.9937755748948185,False,False,False,False,-0.21310826475255815,-0.2074398361708984,False,False,False,False,225.0,-1319.0179145097927,False,False,False,False,508.7557921861906,False,False,False,False
2025-03-13 14:00:00+00:00,21.36,22.16,21.27,21.48,500.0,,,,,,,,,,,,,,,,,,,,,,,,,,,"rgba(38, 166, 154, 0.75)",2.345097614134578,21.966672172564845,-0.20752746906206865,56.78169316786558,4.05276851191573,True,False,True,False,False,0.0,0.0,0.0,0.0,0.0,0,0.8422947260156561,0.9924575738529224,False,False,False,False,-0.2119197679233471,-0.20967980204712275,False,False,False,False,-275.0,-1302.8315902538268,False,False,False,False,508.6200434701256,False,False,False,False
2025-03-13 15:00:00+00:00,21.55,21.8,21.16,21.37,800.0,,,,,,,,,,,,,,,,,,,,,,,,,,,"rgba(38, 166, 154, 0.75)",2.273716889917336,21.952752441512512,-0.2562994733850518,54.66028397025866,4.05276851191573,True,False,True,False,False,0.0,0.0,0.0,0.0,0.0,1,0.8482545849282979,0.9949722904644915,False,False,False,False,-0.22257827894564902,-0.21612904049638587,False,False,False,False,-1075.0,-1299.2993175367133,False,False,False,False,513.1375621760151,False,False,False,False
2025-03-13 16:00:00+00:00,21.37,21.64,21.18,21.27,100.0,,,,,,,,,,,,,,,,,,,,,,,,,,,#000000,2.235734732206095,21.951026300286753,-0.30460961690869076,52.74304678173809,7.715726502264388,True,False,False,False,False,0.0,0.0,0.0,0.0,0.0,0,0.8538342768914049,0.9902784925944986,False,False,False,False,-0.22593321346140766,-0.22103112697889676,False,False,False,False,-1175.0,-1297.3721963345936,False,False,False,False,506.7323286539063,False,False,False,False
2025-03-13 17:00:00+00:00,21.27,21.32,20.825,20.93,0.0,,,,,,,,,,,,,,,,,,,,,,,,,,,#000000,2.2191961920340897,21.951026300286753,-0.460088343676767,49.79032176420751,4.771196382296608,True,False,False,False,False,0.0,0.0,0.0,0.0,0.0,0,0.8508651312020168,0.9939268935487565,False,False,False,False,-0.24218065076906709,-0.23160588887398192,False,False,False,False,-1175.0,-1295.4749529805688,False,False,False,False,498.87601348097746,False,False,False,False
2025-03-13 18:00:00+00:00,20.93,21.43,20.93,21.43,200.0,,,,,,,,,,,,,,,,,,,,,,,,,,,#000000,2.198829309731248,21.946724803561583,-0.23499996169540788,50.53877447120988,4.771196382296608,True,False,False,False,False,0.0,0.0,0.0,0.0,0.0,0,0.8506642235455795,0.9917544663307374,False,False,False,False,-0.23699230439779675,-0.23429909663588933,False,False,False,False,-975.0,-1290.5063490583893,False,False,False,False,494.2422768378615,False,False,False,False
2025-03-13 19:00:00+00:00,21.43,21.52,20.77,21.18,364.0,,,,,,,,,,,,,,,,,,,,,,,,,,,#000000,2.176407124821281,21.877689841649474,-0.32056954495899564,49.72761174874721,4.399735687025988,True,False,False,False,False,0.0,0.0,0.0,0.0,0.0,0,0.8478754828448078,0.9884117246080437,False,False,False,False,-0.2386801458707227,-0.23648962125330603,False,False,False,False,-1339.0,-1291.2581886078717,False,False,False,False,492.22301673184813,False,False,False,False
2025-03-14 14:00:00+00:00,21.89,22.205,21.63,22.205,0.0,,,,,,,,,,,,,,,,,,,,,,,,,,,"rgba(38, 166, 154, 1.0)",2.1505812685859267,21.877689841649474,0.15219613558977055,53.65630743262638,4.399735687025988,True,False,True,False,True,0.0,0.0,0.0,0.0,0.0,0,0.8528231503984626,0.9845701689933871,False,False,False,False,-0.20171808003813835,-0.2191038506457222,False,False,False,False,-1339.0,-1291.9983717302302,False,False,False,False,484.59165213135435,False,False,False,True
2025-03-14 15:00:00+00:00,22.22,22.37,21.96,22.02,500.0,,,,,,,,,,,,,,,,,,,,,,,,,,,"rgba(38, 166, 154, 1.0)",2.12421515554025,21.94476045924277,0.03541992465358115,55.2533263231568,0.4729663130179347,True,False,True,False,True,0.0,0.0,0.0,0.0,0.0,0,0.853212045878298,0.9838408949658171,False,False,False,False,-0.185321618958238,-0.2022127348019801,False,False,False,False,-1839.0,-1300.4790171297616,False,False,False,False,484.8305412455969,False,False,False,False
2025-03-14 16:00:00+00:00,22.02,22.23,21.78,22.16,0.0,,,,,,,,,,,,,,,,,,,,,,,,,,,"rgba(38, 166, 154, 1.0)",2.103515360978791,21.94476045924277,0.10232373138320124,56.881881528465854,2.1147769683464617,True,False,True,False,True,0.0,0.0,0.0,0.0,0.0,0,0.8556946253610466,0.9853882312963697,False,False,False,False,-0.19306959136211205,-0.19764116308204607,False,False,False,False,-1839.0,-1308.8281796548818,False,False,False,False,477.3137886681458,False,False,False,False
2025-03-14 17:00:00+00:00,22.14,22.165,21.815,21.815,0.0,,,,,,,,,,,,,,,,,,,,,,,,,,,"rgba(38, 166, 154, 1.0)",2.0332106372669196,21.94476045924277,-0.0638204703754619,55.934557790700936,2.1147769683464617,True,False,True,False,True,0.0,0.0,0.0,0.0,0.0,0,0.8631064096001819,0.9860660865608826,False,False,False,False,-0.1938022171310725,-0.1957216901065593,False,False,False,False,-1839.0,-1317.0478977997673,False,False,False,False,469.91357489034505,False,False,False,False
2025-03-14 18:00:00+00:00,21.815,22.04,21.77,21.89,0.0,,,,,,,,,,,,,,,,,,,,,,,,,,,"rgba(38, 166, 154, 1.0)",1.9502858418356837,21.94476045924277,-0.028078170936843564,55.673793708923284,2.1147769683464617,True,False,True,False,True,0.0,0.0,0.0,0.0,0.0,1,0.8588702810105023,0.9845586148169172,False,False,False,False,-0.19795767119162258,-0.19683968064909094,False,False,False,False,-1839.0,-1325.1401784540344,False,False,False,False,462.6280931090994,False,False,False,False
2025-03-14 19:00:00+00:00,21.89,22.12,21.82,22.07,624.0,,,,,,,,,,,,,,,,,,,,,,,,,,,"rgba(38, 166, 154, 1.0)",1.8556970522015184,21.957321783754423,0.060720156941511706,56.41691970377664,2.2300749348901405,True,False,True,False,True,0.0,0.0,0.0,0.0,0.0,0,0.8647370520198279,0.9835906785938122,False,False,False,False,-0.1947793713611635,-0.19580952600512722,False,False,False,False,-1215.0,-1323.4325787880805,False,False,False,False,465.1299831384157,False,False,False,False
2025-03-17 14:00:00+00:00,21.79,21.95,21.12,21.52,474.0,,,,,,,,,,,,,,,,,,,,,,,,,,,"rgba(38, 166, 154, 0.75)",1.776279008803789,21.938577249037717,-0.23564836771876435,53.55134127935584,2.2300749348901405,True,False,True,False,False,0.0,0.0,0.0,0.0,0.0,0,0.8542551384406318,0.9838061264934035,False,False,False,False,-0.2161269810319044,-0.2059682535185158,False,False,False,False,-1689.0,-1329.1002907448544,False,False,False,False,465.2675027796805,False,False,False,False
2025-03-17 15:00:00+00:00,21.61,21.62,21.25,21.5,200.0,,,,,,,,,,,,,,,,,,,,,,,,,,,#000000,1.6868650437054908,21.93160294194565,-0.2558609792503364,51.52820636097027,5.685904438240648,True,False,False,False,False,0.0,0.0,0.0,0.0,0.0,0,0.8509105349747547,0.9936461110795937,False,False,False,False,-0.21896331418114617,-0.212465783849831,False,False,False,False,-1889.0,-1337.780906392221,False,False,False,False,461.15482831798,False,False,False,False
2025-03-17 16:00:00+00:00,21.46,21.755,21.25,21.34,0.0,,,,,,,,,,,,,,,,,,,,,,,,,,,#000000,1.5626626041517293,21.93160294194565,-0.37858648461533534,49.23218639583841,3.460119220976523,False,False,False,False,False,0.0,0.0,0.0,0.0,0.0,0,0.8562956204379562,0.9920734489051094,False,False,False,False,-0.21557533417841723,-0.21402055901412412,False,False,False,False,-1889.0,-1346.326938851256,False,False,False,False,454.00514105723613,False,False,False,False
2025-03-17 17:00:00+00:00,21.36,21.72,21.29,21.545,0.0,,,,,,,,,,,,,,,,,,,,,,,,,,,#000000,1.4864942977681235,21.93160294194565,-0.2600769760947663,49.167009180654546,3.277292652940872,False,False,False,False,False,0.0,0.0,0.0,0.0,0.0,0,0.8574509136306887,0.99250936329588,False,False,False,False,-0.21544994744219184,-0.21473525322815798,False,False,False,False,-1889.0,-1354.7404746830193,False,False,False,False,446.9663016609999,False,False,False,False
2025-03-17 18:00:00+00:00,21.52,22.225,21.52,22.2,0.0,,,,,,,,,,,,,,,,,,,,,,,,,,,"rgba(38, 166, 154, 1.0)",1.3980288182210066,21.93160294194565,0.1919824931762755,52.896058400556164,3.277292652940872,True,False,True,False,True,0.0,0.0,0.0,0.0,0.0,0,0.8603861178735208,0.9924701353111023,False,False,False,False,-0.19708832336037907,-0.20591178829426854,False,False,False,False,-1889.0,-1363.0235680987864,False,False,False,False,440.03659155772857,False,False,False,False
2025-03-17 19:00:00+00:00,22.23,22.325,21.845,21.86,175.0,,,,,,,,,,,,,,,,,,,,,,,,,,,"rgba(38, 166, 154, 1.0)",1.3107214573427053,21.936172401188962,-0.05811486549048411,53.07262207327298,3.277292652940872,True,False,True,False,True,0.0,0.0,0.0,0.0,0.0,1,0.861790454673821,0.991358373340864,False,False,False,False,-0.1865313759100274,-0.19622158210214796,False,False,False,False,-2064.0,-1373.8914197561696,False,False,False,False,435.9274971149731,False,False,False,False
2025-03-18 14:00:00+00:00,20.55,20.93,20.5,20.71,151.0,,,,,,,,,,,,,,,,,,,,,,,,,,,"rgba(239, 83, 80, 1.0)",1.199677884695251,21.920970727828063,-1.0094132293983897,47.776232708039814,2.272675978131616,False,True,False,True,False,0.0,0.0,0.0,0.0,0.0,0,0.8572941635542672,0.997101287697196,False,False,False,False,-0.25505521569814393,-0.22563839890014595,False,False,False,False,-2215.0,-1386.931862860725,False,False,False,False,431.5100165395471,False,False,False,False
2025-03-18 15:00:00+00:00,20.7,20.825,20.45,20.48,17.0,,,,,,,,,,,,,,,,,,,,,,,,,,,"rgba(239, 83, 80, 1.0)",1.1394244160978138,21.91914502250898,-1.2630456238928252,43.451759909216925,-1.5945365683886266,False,True,False,True,False,0.0,0.0,0.0,0.0,0.0,0,0.8576991544281265,0.9976079216733422,False,False,False,False,-0.25846444492253634,-0.24205142191134116,False,False,False,False,-2232.0,-1400.0336944442797,False,False,False,False,425.083504655213,False,False,False,False
2025-03-18 16:00:00+00:00,20.48,20.93,20.45,20.925,0.0,,,,,,,,,,,,,,,,,,,,,,,,,,,"rgba(239, 83, 80, 1.0)",1.1167433468360337,21.91914502250898,-0.8902179944260252,43.22690930132934,-1.7024036949095347,False,True,False,True,False,0.0,0.0,0.0,0.0,0.0,0,0.8584550686144312,0.994355909694555,False,False,False,False,-0.25574947693862404,-0.2489004494249826,False,False,False,False,-2232.0,-1412.9323968559963,False,False,False,False,418.49306272257405,False,False,False,False
2025-03-18 17:00:00+00:00,20.88,20.95,20.22,20.39,617.0,,,,,,,,,,,,,,,,,,,,,,,,,,,"rgba(239, 83, 80, 1.0)",1.0824734230971003,21.860406025067512,-1.358376098380766,41.05296471176914,-3.786911877589496,False,True,False,True,False,0.0,0.0,0.0,0.0,0.0,0,0.8570644417608959,0.9941815786584695,False,False,False,False,-0.2611831457098598,-0.2550417975674212,False,False,False,False,-2849.0,-1435.1970108582289,False,False,False,False,421.5706896571078,True,False,False,False
2025-03-18 18:00:00+00:00,20.39,20.78,20.14,20.69,334.0,,,,,,,,,,,,,,,,,,,,,,,,,,,"rgba(239, 83, 80, 1.0)",1.0521606897793503,21.749057573123377,-1.0065549715086501,41.337674527962555,-3.786911877589496,False,True,False,True,False,0.0,0.0,0.0,0.0,0.0,0,0.8571895781096698,0.9960754387877465,False,False,False,False,-0.26767154986503466,-0.26135667371622795,False,False,False,False,-2515.0,-1451.93814247283,False,False,False,False,420.2130045461449,False,False,False,False
2025-03-18 19:00:00+00:00,20.66,20.73,20.25,20.5,1175.0,,,,,,,,,,,,,,,,,,,,,,,,,,,"rgba(239, 83, 80, 1.0)",1.0435310939995919,21.68130788458766,-1.1320294061004017,40.754730333285146,-4.426368220076135,False,True,False,True,False,0.0,0.0,0.0,0.0,0.0,0,0.8591259082529009,0.9966381086650036,False,False,False,False,-0.2661123432124159,-0.2637345084643219,False,False,False,False,-3690.0,-1486.6367759228635,False,False,False,False,431.91512850666976,False,False,False,False
2025-03-19 14:00:00+00:00,20.68,20.88,20.59,20.75,1.0,,,,,,,,,,,,,,,,,,,,,,,,,,,"rgba(239, 83, 80, 1.0)",1.024867932603572,21.68128553627377,-0.9086883359770404,41.89024588193411,-4.426368220076135,False,True,False,True,False,0.0,0.0,0.0,0.0,0.0,0,0.8624041473161249,0.9940598336753428,False,False,False,False,-0.2534252964205668,-0.25857990244244433,False,False,False,False,-3689.0,-1520.7819421876252,False,False,False,False,425.23427380114,False,False,False,False
2025-03-19 15:00:00+00:00,20.715,21.5,20.715,21.41,2.0,,,,,,,,,,,,,,,,,,,,,,,,,,,"rgba(239, 83, 80, 0.75)",1.002436280017506,21.681335141064338,-0.27067569926698903,46.06341163238247,-8.627503161604416,False,True,False,True,True,0.0,0.0,0.0,0.0,0.0,0,0.8648995983935743,0.9874698795180721,False,False,False,False,-0.2241213277633119,-0.2413506151028781,False,False,False,False,-3687.0,-1554.3667182777394,False,False,False,False,418.6725021143006,False,False,False,False
2025-03-19 16:00:00+00:00,21.41,21.48,21.29,21.37,0.0,,,,,,,,,,,,,,,,,,,,,,,,,,,#000000,0.9597850406857589,21.681335141064338,-0.3243800724815322,48.621368177050556,-6.196813089878937,False,True,False,False,True,0.0,0.0,0.0,0.0,0.0,0,0.8696958112609906,0.9874392441701709,False,False,False,False,-0.20867949535443592,-0.225015055228657,False,False,False,False,-3687.0,-1587.4308001649063,False,False,False,False,412.1814555698928,False,False,False,False
2025-03-19 17:00:00+00:00,21.36,21.46,21.18,21.21,53.0,,,,,,,,,,,,,,,,,,,,,,,,,,,#000000,0.9522957940047403,21.682983686157886,-0.496677281508114,49.382933819705485,-5.400127303495594,False,True,False,False,True,0.0,0.0,0.0,0.0,0.0,0,0.8676975009527957,0.9876953231338813,False,False,False,False,-0.2122874540966058,-0.2186512546626314,False,False,False,False,-3740.0,-1620.8039660538225,False,False,False,False,406.61275083237507,False,False,False,False
2025-03-19 18:00:00+00:00,21.21,22.13,21.21,22.11,300.0,,,,,,,,,,,,,,,,,,,,,,,,,,,"rgba(38, 166, 154, 1.0)",0.945022179061824,21.704677796117483,0.4289023187634623,53.98246712521258,-1.0467479916249758,True,False,True,False,True,0.0,0.0,0.0,0.0,0.0,0,0.8693331895854672,0.9805940380572474,False,False,False,False,-0.192921715375108,-0.2057864850188697,False,False,False,False,-3440.0,-1649.0085557274065,False,False,False,False,404.9598399667569,False,False,False,False
2025-03-19 19:00:00+00:00,22.16,22.57,21.87,22.0,399.0,,,,,,,,,,,,,,,,,,,,,,,,,,,"rgba(38, 166, 154, 1.0)",0.9458273083904569,21.762850959302508,0.2507318604503562,56.34881709081464,1.12659702616304,True,False,True,False,True,0.0,-1.0,22.57,21.87,408.0,0,0.8773741372853245,0.9760312449842168,False,False,False,False,-0.16277051102289453,-0.18427849802088211,False,False,False,False,-3839.0,-1682.961911452563,False,False,False,False,404.8674393471172,False,False,False,False
2025-03-20 14:00:00+00:00,21.19,21.73,21.19,21.5,0.0,,,,,,,,,,,,,,,,,,,,,,,,,,,"rgba(38, 166, 154, 1.0)",0.9456905575453686,21.762850959302508,-0.27794605455801846,54.96852319759101,1.12659702616304,True,False,True,False,True,0.0,0.0,0.0,0.0,0.0,0,0.8701771284850431,0.9910097929041578,False,False,False,False,-0.2045231041293775,-0.1944008010751298,False,False,False,False,-3839.0,-1716.3888585618258,False,False,False,False,398.590424783596,False,False,False,False
2025-03-20 15:00:00+00:00,21.38,21.46,21.18,21.36,0.0,,,,,,,,,,,,,,,,,,,,,,,,,,,"rgba(38, 166, 154, 0.75)",0.9464501148077796,21.762850959302508,-0.42564415493184865,53.2868054921099,1.12659702616304,True,False,True,False,False,0.0,0.0,0.0,0.0,0.0,0,0.8633181939620626,0.9930537002404488,False,False,False,False,-0.20953500766178204,-0.2019679043684559,False,False,False,False,-3839.0,-1749.2975584290843,False,False,False,False,392.4107282753232,False,False,False,False
2025-03-20 16:00:00+00:00,21.36,21.5,20.86,20.96,300.0,,,,,,,,,,,,,,,,,,,,,,,,,,,#000000,0.9453620689668487,21.73162720202833,-0.8162239922230151,50.11364635084692,5.48026068218563,False,True,False,False,False,0.0,0.0,0.0,0.0,0.0,0,0.8671085689848719,0.9906986689474527,False,False,False,False,-0.21748542220140188,-0.2097266632849289,False,False,False,False,-4139.0,-1786.3472086859977,False,False,False,False,390.9780038059384,False,False,False,False
2025-03-20 17:00:00+00:00,20.95,21.16,20.71,20.82,0.0,,,,,,,,,,,,,,,,,,,,,,,,,,,"rgba(239, 83, 80, 1.0)",0.9343734616124354,21.73162720202833,-0.97565613695315,47.32265841587544,2.818250515224406,False,True,False,True,False,0.0,0.0,0.0,0.0,0.0,0,0.8642258632651973,0.991780968137909,False,False,False,False,-0.23146470262396918,-0.22059568295444903,False,False,False,False,-4139.0,-1822.8224457606332,False,False,False,False,384.9163293283269,False,False,False,False
2025-03-20 18:00:00+00:00,20.82,21.0,20.68,20.68,800.0,,,,,,,,,,,,,,,,,,,,,,,,,,,"rgba(239, 83, 80, 1.0)",0.9318895267626575,21.67670853179635,-1.069556533443263,44.77308676575086,0.3863581176648836,False,True,False,True,False,0.0,0.0,0.0,0.0,0.0,0,0.8632897893894961,0.9934950679818714,False,False,False,False,-0.23690895816113114,-0.2287523205577901,False,False,False,False,-4939.0,-1871.135276058918,False,False,False,False,391.3517350751746,False,False,False,False
2025-03-20 19:00:00+00:00,20.77,21.13,20.69,21.02,790.0,,,,,,,,,,,,,,,,,,,,,,,,,,,"rgba(239, 83, 80, 1.0)",0.9317397850402583,21.657328382943742,-0.6840197157795566,45.469504066563516,0.3863581176648836,False,True,False,True,False,0.0,0.0,0.0,0.0,0.0,0,0.8645849928309703,0.9895916308215177,False,False,False,False,-0.23289608243929044,-0.23082420149854027,False,False,False,False,-4149.0,-1906.4510082130432,False,False,False,False,397.53232832982303,False,False,False,False
2025-03-21 14:00:00+00:00,20.44,21.23,20.44,20.89,400.0,,,,,,,,,,,,,,,,,,,,,,,,,,,"rgba(239, 83, 80, 1.0)",0.9316869230177925,21.599817971157858,-0.7618631898993626,45.17216247939368,0.3863581176648836,False,True,False,True,False,0.0,0.0,0.0,0.0,0.0,0,0.8629487111907647,0.9888250487586314,False,False,False,False,-0.2371958775152476,-0.23401003950689392,False,False,False,False,-4549.0,-1947.4207600236937,False,False,False,False,397.57058680532964,False,False,False,False
2025-03-21 15:00:00+00:00,20.93,20.96,20.61,20.78,100.0,,,,,,,,,,,,,,,,,,,,,,,,,,,"rgba(239, 83, 80, 1.0)",0.929034798948617,21.59612815564709,-0.8784688760536163,44.31486922577322,-0.6751185161216142,False,True,False,True,False,0.0,0.0,0.0,0.0,0.0,0,0.8638117895849855,0.9978852762357917,False,False,False,False,-0.23766880431743875,-0.23583942191216634,False,False,False,False,-4649.0,-1989.3057094806907,False,False,False,False,392.95708933547957,False,False,False,False
2025-03-21 16:00:00+00:00,20.78,21.32,20.7,21.21,300.0,,,,,,,,,,,,,,,,,,,,,,,,,,,"rgba(239, 83, 80, 0.75)",0.9286389245837652,21.598958396698904,-0.41884782815155275,46.86627101932807,-0.6751185161216142,False,True,False,True,True,0.0,0.0,0.0,0.0,0.0,0,0.8731728060383777,0.9940466698559505,False,False,False,False,-0.22448367614320833,-0.23016154902768732,False,False,False,False,-4349.0,-2025.8901170856411,False,False,False,False,391.5158941519838,False,False,False,False
2025-03-21 17:00:00+00:00,21.21,21.21,20.97,21.06,700.0,,,,,,,,,,,,,,,,,,,,,,,,,,,"rgba(239, 83, 80, 0.75)",0.9274512784366159,21.59763896976105,-0.5796951088011194,47.52438627399613,-0.6751185161216142,False,True,False,True,True,0.0,0.0,0.0,0.0,0.0,0,0.8800788114383087,0.9870067628734221,False,False,False,False,-0.21981429326606663,-0.224987921146877,False,False,False,False,-5049.0,-2072.76003775098,False,False,False,False,396.2985934674569,False,False,False,False
2025-03-21 18:00:00+00:00,21.06,21.215,21.025,21.045,0.0,,,,,,,,,,,,,,,,,,,,,,,,,,,#000000,0.9274078570581407,21.59763896976105,-0.5958963637790299,47.85361657967822,-0.6751185161216142,False,True,False,False,True,0.0,0.0,0.0,0.0,0.0,0,0.8761274483641991,0.9911938944334737,False,False,False,False,-0.21806571438049652,-0.22152681776368677,False,False,False,False,-5049.0,-2118.9032929796467,False,False,False,False,390.15442922765135,False,False,False,False
2025-03-21 19:00:00+00:00,21.02,21.25,20.81,21.23,1839.0,,,,,,,,,,,,,,,,,,,,,,,,,,,#000000,0.9240348361280638,21.588033916684644,-0.38746798571458074,49.53821555102448,-4.6570880310406935,False,False,False,False,True,0.0,0.0,0.0,0.0,0.0,0,0.8725829648963939,0.9908379055025835,False,False,False,False,-0.22331543509280172,-0.22242112642824424,False,False,False,False,-3210.0,-2135.819520995466,False,False,False,False,412.6171512551296,False,False,False,False
2025-03-24 14:00:00+00:00,21.93,22.09,21.77,21.91,0.0,,,,,,,,,,,,,,,,,,,,,,,,,,,"rgba(38, 166, 154, 1.0)",0.9261950254806299,21.588033916684644,0.3476223413619377,54.75680561820914,0.330028050287126,True,False,True,False,True,0.0,0.0,0.0,0.0,0.0,0,0.8776440651009912,0.9888670943116153,False,False,False,False,-0.17131114815162787,-0.19686613728993607,False,False,False,False,-3210.0,-2152.473481910265,False,False,False,False,406.21998611939114,False,False,False,False
2025-03-24 15:00:00+00:00,21.93,21.975,21.37,21.5,300.0,,,,,,,,,,,,,,,,,,,,,,,,,,,"rgba(38, 166, 154, 1.0)",0.9219193550941083,21.596900412601446,-0.1051072548439496,54.96829007370091,0.5492918119982164,True,False,True,False,True,0.0,0.0,0.0,0.0,0.0,0,0.8706205149852257,0.9908716758125791,False,False,False,False,-0.1766688975910489,-0.18676751744049247,False,False,False,False,-3510.0,-2173.520404671346,False,False,False,False,404.57316462916805,False,False,False,False
2025-03-24 16:00:00+00:00,21.5,21.71,21.485,21.5,99.0,,,,,,,,,,,,,,,,,,,,,,,,,,,"rgba(38, 166, 154, 1.0)",0.9211171390130699,21.598185114809006,-0.10659351634061025,55.10927971069543,0.857921171741765,True,False,True,False,True,0.0,0.0,0.0,0.0,0.0,0,0.8748206790287446,0.9936241432442483,False,False,False,False,-0.17705933075272226,-0.18191342409660738,False,False,False,False,-3510.0,-2194.2410185524104,False,False,False,False,399.83559618530495,False,False,False,False
2025-03-24 17:00:00+00:00,21.52,21.575,21.275,21.32,0.0,,,,,,,,,,,,,,,,,,,,,,,,,,,"rgba(38, 166, 154, 1.0)",0.9114159215099447,21.598185114809006,-0.30522301426129983,53.77961662822101,0.857921171741765,True,False,True,False,True,0.0,0.0,0.0,0.0,0.0,0,0.8765222015421429,0.9928742355756446,False,False,False,False,-0.1790120585961274,-0.1804627413463674,False,False,False,False,-3510.0,-2214.6403826058613,False,False,False,False,393.6365946940599,False,False,False,False
2025-03-24 18:00:00+00:00,21.32,21.345,21.16,21.28,79.0,,,,,,,,,,,,,,,,,,,,,,,,,,,"rgba(38, 166, 154, 0.75)",0.8902708718278192,21.595207248911038,-0.35405769062609366,52.5709154308189,0.857921171741765,True,False,True,False,False,0.0,0.0,0.0,0.0,0.0,0,0.8818084537185661,0.9912252541466023,False,False,False,False,-0.1842173040173463,-0.18234002268185684,False,False,False,False,-3589.0,-2235.948283650732,False,False,False,False,388.75850795461713,False,False,False,False
2025-03-24 19:00:00+00:00,21.28,21.39,21.03,21.18,499.0,,,,,,,,,,,,,,,,,,,,,,,,,,,#000000,0.8616257156525183,21.584409960581254,-0.46935688342935633,50.92080972614835,0.857921171741765,False,False,False,False,False,0.0,0.0,0.0,0.0,0.0,0,0.8823812066203952,0.9835024025627336,False,False,False,False,-0.18373700586070568,-0.18303851427128126,False,False,False,False,-4088.0,-2264.66226374917,False,False,False,False,390.46767837392537,False,False,False,False
2025-03-25 14:00:00+00:00,20.72,21.07,20.61,20.91,394.0,,,,,,,,,,,,,,,,,,,,,,,,,,,"rgba(239, 83, 80, 1.0)",0.836940841979177,21.56858861546271,-0.7868998409795539,47.70954695597877,1.713788661133151,False,True,False,True,False,0.0,0.0,0.0,0.0,0.0,1,0.880083031722376,0.9840855865446029,False,False,False,False,-0.20913895012601155,-0.19608873219864642,False,False,False,False,-4482.0,-2299.039592993369,False,False,False,False,390.5224430502986,False,False,False,False
2025-03-25 15:00:00+00:00,20.88,20.95,20.8,20.91,300.0,,,,,,,,,,,,,,,,,,,,,,,,,,,"rgba(239, 83, 80, 1.0)",0.7985817552509328,21.55998664791119,-0.8139262431646097,45.56870510919905,-0.3002897683933057,False,True,False,True,False,0.0,0.0,0.0,0.0,0.0,0,0.8830150432092182,0.9850101354955724,False,False,False,False,-0.19511068220635824,-0.19559970720250233,False,False,False,False,-4482.0,-2332.8839403888205,False,False,False,False,389.11899432083663,False,False,False,False
2025-03-25 16:00:00+00:00,20.91,21.07,20.765,20.785,0.0,,,,,,,,,,,,,,,,,,,,,,,,,,,"rgba(239, 83, 80, 1.0)",0.7557256997966753,21.55998664791119,-1.025486691956749,43.14651365463345,-2.564373695356558,False,True,False,True,False,0.0,0.0,0.0,0.0,0.0,0,0.8944008655666758,0.9822017852312684,False,False,False,False,-0.1918005107498403,-0.19370010897617132,False,False,False,False,-4482.0,-2366.2035692200016,False,False,False,False,383.0861416957074,False,False,False,False
2025-03-25 17:00:00+00:00,20.81,20.84,20.395,20.44,35.0,,,,,,,,,,,,,,,,,,,,,,,,,,,"rgba(239, 83, 80, 1.0)",0.7480482532491004,21.55813008988977,-1.4947298988176765,39.19112216169847,-6.1946017273329375,False,True,False,True,False,0.0,0.0,0.0,0.0,0.0,0,0.890224098733355,0.9793764209158817,False,False,False,False,-0.21525977773045515,-0.20447994335331324,False,False,False,False,-4517.0,-2399.549250317366,False,False,False,False,377.6894573283321,False,False,False,False
2025-03-25 18:00:00+00:00,20.41,20.585,20.315,20.47,0.0,,,,,,,,,,,,,,,,,,,,,,,,,,,"rgba(239, 83, 80, 1.0)",0.7489012552332458,21.55813008988977,-1.4529687088732026,36.95776533109782,-8.181089304298766,False,True,False,True,False,0.0,0.0,0.0,0.0,0.0,0,0.8843836508711935,0.9870270857080821,False,False,False,False,-0.22845849787889952,-0.21646922061610638,False,False,False,False,-4517.0,-2432.377944110895,False,False,False,False,371.8338068271176,False,False,False,False
2025-03-25 19:00:00+00:00,20.52,20.55,20.25,20.34,359.0,,,,,,,,,,,,,,,,,,,,,,,,,,,"rgba(239, 83, 80, 1.0)",0.7546339545801306,21.53603488658603,-1.5849205821271188,34.61223340543762,-10.328517529650796,False,True,False,True,False,0.0,0.0,0.0,0.0,0.0,0,0.8817811566657615,0.9872386641325006,False,False,False,False,-0.22777355344475436,-0.22212138703043038,False,False,False,False,-4876.0,-2470.2635573804937,False,False,False,False,371.6348330778599,False,False,False,False
2025-03-26 14:00:00+00:00,19.61,19.655,19.12,19.22,871.0,,,,,,,,,,,,,,,,,,,,,,,,,,,"rgba(239, 83, 80, 1.0)",0.7822058955690018,21.435640585976575,-2.832554188772571,28.720494941958428,-15.706665741181304,False,True,False,True,False,0.0,0.0,0.0,0.0,0.0,0,0.8805536108568043,0.9862674349722655,False,False,False,False,-0.3110832514624355,-0.26660231924643296,False,False,False,False,-5747.0,-2521.0656727699434,False,False,False,False,379.3769286890559,False,False,False,False
2025-03-26 15:00:00+00:00,19.2,19.365,18.8,18.82,207.0,,,,,,,,,,,,,,,,,,,,,,,,,,,"rgba(239, 83, 80, 1.0)",0.8231931729550732,21.411223261614808,-3.1477705923057098,23.95447148689668,-19.890302662164125,False,True,False,True,False,0.0,0.0,0.0,0.0,0.0,0,0.8905434782608694,0.9851630434782608,False,False,False,False,-0.3393209690097509,-0.3029616441280919,False,False,False,False,-5954.0,-2574.289460789014,False,False,False,False,376.7044181667449,False,False,False,False
2025-03-26 16:00:00+00:00,18.82,18.87,18.245,18.275,2141.0,,,,,,,,,,,,,,,,,,,,,,,,,,,"rgba(239, 83, 80, 1.0)",0.8770718996279371,21.15834094615843,-3.287462461608419,19.885892679637095,-23.42550524092481,False,True,False,True,False,0.0,0.0,0.0,0.0,0.0,0,0.8899742084179335,0.974976677824727,False,False,False,False,-0.34282825441539394,-0.3228949492717429,False,False,False,False,-8095.0,-2659.8818722496494,False,False,False,False,404.05783804012873,False,False,False,False
2025-03-26 17:00:00+00:00,18.28,18.41,18.04,18.255,6855.0,,,,,,,,,,,,,,,,,,,,,,,,,,,"rgba(239, 83, 80, 1.0)",0.914995111491802,20.63985815652286,-2.6064162819783845,17.143761576148172,-25.819606531003068,False,True,False,True,False,0.0,0.0,0.0,0.0,0.0,0,0.8882847256549679,0.9779205799967045,False,False,False,False,-0.34282825441539394,-0.3328616018435684,False,False,False,False,-14950.0,-2850.426339346554,False,False,False,False,504.0724452022973,False,False,False,False
2025-03-26 18:00:00+00:00,18.265,18.61,18.245,18.28,700.0,,,,,,,,,,,,,,,,,,,,,,,,,,,"rgba(239, 83, 80, 1.0)",0.9497219982045877,20.604903153369555,-2.4479828389409666,15.626870570569977,-27.243534631154567,False,True,False,True,False,0.0,0.0,0.0,0.0,0.0,0,0.8869941879592061,0.9770808202653799,False,False,False,False,-0.32574324353459244,-0.3293024226890804,False,False,False,False,-14250.0,-3027.163915480716,False,False,False,False,507.11008171078873,False,False,False,False
2025-03-26 19:00:00+00:00,18.245,18.5,18.245,18.41,0.0,,,,,,,,,,,,,,,,,,,,,,,,,,,"rgba(239, 83, 80, 1.0)",0.9782450825029904,20.604903153369555,-2.243714987816303,16.31199369140932,-27.243534631154567,False,True,False,True,False,0.0,0.0,0.0,0.0,0.0,0,0.8851551364981909,0.9804297774366846,False,False,False,False,-0.33036510003809194,-0.32983376136358616,False,False,False,False,-14250.0,-3201.161374155433,False,False,False,False,499.24790990131913,False,False,False,False
2025-03-27 14:00:00+00:00,17.61,17.645,17.06,17.53,500.0,,,,,,,,,,,,,,,,,,,,,,,,,,,"rgba(239, 83, 80, 1.0)",1.0334422407008077,20.566586447905813,-2.938322364147427,14.958144312928606,-28.31354009547728,False,True,False,True,False,0.0,0.0,0.0,0.0,0.0,0,0.8804830499296004,0.979529946929492,False,False,False,False,-0.34282825441539394,-0.33633100788949005,False,False,False,False,-14750.0,-3380.2131357964336,False,False,False,False,499.2595702129266,False,False,False,False
2025-03-27 15:00:00+00:00,17.53,17.565,16.675,16.695,930.0,,,,,,,,,,,,,,,,,,,,,,,,,,,"rgba(239, 83, 80, 1.0)",1.1235507461966818,20.487258528888532,-3.3752445465642387,13.047202171126964,-30.458747197999223,False,True,False,True,False,0.0,0.0,0.0,0.0,0.0,0,0.8793736501079913,0.9819654427645786,False,False,False,False,-0.34282825441539394,-0.339579631152442,False,False,False,False,-15680.0,-3570.907505784086,False,False,False,False,505.93771641117576,False,False,False,False
2025-03-27 16:00:00+00:00,16.695,17.23,16.595,16.825,900.0,,,,,,,,,,,,,,,,,,,,,,,,,,,"rgba(239, 83, 80, 1.0)",1.21251401775117,20.41272069541124,-2.9589106953710353,13.027697469993557,-30.885993029115237,False,True,False,True,False,0.0,0.0,0.0,0.0,0.0,0,0.8756925777607111,0.9964342531131715,False,False,False,False,-0.34282825441539394,-0.34120394278391797,False,False,False,False,-14780.0,-3744.6918855393715,False,False,False,False,512.0472091799948,False,False,False,False
2025-03-27 17:00:00+00:00,16.825,17.005,16.79,16.845,0.0,,,,,,,,,,,,,,,,,,,,,,,,,,,"rgba(239, 83, 80, 1.0)",1.3003367547199136,20.41272069541124,-2.743689803784492,13.221327812864262,-31.17740635518198,False,True,False,True,False,0.0,0.0,0.0,0.0,0.0,0,0.8727983267283136,1.0040730955526198,False,False,False,False,-0.34282825441539394,-0.342016098599656,False,False,False,False,-14780.0,-3915.7819338255827,False,False,False,False,504.1084927585995,False,False,False,False
2025-03-27 18:00:00+00:00,16.84,17.185,16.75,17.06,779.0,,,,,,,,,,,,,,,,,,,,,,,,,,,"rgba(239, 83, 80, 0.75)",1.3716283805806353,20.353976179923556,-2.4015077455084133,15.634764455431629,-31.17740635518198,False,True,False,True,True,0.0,0.0,0.0,0.0,0.0,0,0.8698664027709055,1.0026389576117434,False,False,False,False,-0.337572444595312,-0.339794271597484,False,False,False,False,-14001.0,-4072.1419038437907,False,False,False,False,508.37037659179947,False,False,False,False
2025-03-27 19:00:00+00:00,17.04,17.27,16.87,16.87,156.0,,,,,,,,,,,,,,,,,,,,,,,,,,,"rgba(239, 83, 80, 0.75)",1.4448020906272672,20.342566296416415,-2.4034892522260844,16.745144087005876,-31.17740635518198,False,True,False,True,True,0.0,0.0,0.0,0.0,0.0,0,0.8758472474789221,0.9998346834187469,False,False,False,False,-0.329908647403807,-0.3348514595006455,False,False,False,False,-14157.0,-4228.496292931483,False,False,False,False,502.9072699779731,False,False,False,False
2025-03-28 14:00:00+00:00,16.77,16.87,16.21,16.38,100.0,,,,,,,,,,,,,,,,,,,,,,,,,,,"rgba(239, 83, 80, 0.75)",1.5300868844198734,20.333940527754358,-2.5841281093350985,16.37921045030701,-31.17740635518198,False,True,False,True,True,0.0,0.0,0.0,0.0,0.0,0,0.8705727307671188,0.9997254406677283,False,False,False,False,-0.34282825441539394,-0.3388398569580197,False,False,False,False,-14257.0,-4383.976970560453,False,False,False,False,496.6606456372293,False,False,False,False
2025-03-28 15:00:00+00:00,16.37,16.375,15.975,15.975,338.0,,,,,,,,,,,,,,,,,,,,,,,,,,,"rgba(239, 83, 80, 0.75)",1.6174607504601528,20.30182797945578,-2.6750744821627586,15.405395135643055,-31.17740635518198,False,True,False,True,True,0.0,0.0,0.0,0.0,0.0,0,0.8649972482113375,1.0107319757842599,False,False,False,False,-0.34282825441539394,-0.3408340556867068,False,False,False,False,-14595.0,-4542.2874051254075,False,False,False,False,494.20079066610947,False,False,False,False
2025-03-28 16:00:00+00:00,15.975,16.03,15.805,15.875,0.0,,,,,,,,,,,,,,,,,,,,,,,,,,,"rgba(239, 83, 80, 0.75)",1.706853691012315,20.30182797945578,-2.593560305002053,14.588340160468857,-31.347117922597576,False,True,False,True,True,0.0,0.0,0.0,0.0,0.0,0,0.8800716324360623,1.0147741899378813,False,False,False,False,-0.34282825441539394,-0.3418311550510504,False,False,False,False,-14595.0,-4698.143414348269,False,False,False,False,486.5387629038442,False,False,False,False
2025-03-28 17:00:00+00:00,15.855,16.045,15.83,15.965,0.0,,,,,,,,,,,,,,,,,,,,,,,,,,,"rgba(239, 83, 80, 0.75)",1.77733750413461,20.30182797945578,-2.4400700313626658,15.102717247826149,-31.347117922597576,False,True,False,True,True,0.0,0.0,0.0,0.0,0.0,0,0.8764007171671896,1.0093567906768264,False,False,False,False,-0.34132703010448406,-0.3415790925777672,False,False,False,False,-14595.0,-4851.5830513351175,False,False,False,False,478.9955262696761,False,False,False,False
2025-03-28 18:00:00+00:00,15.965,16.18,15.91,16.17,27.0,,,,,,,,,,,,,,,,,,,,,,,,,,,"rgba(239, 83, 80, 0.75)",1.8339848973215247,20.29927624219835,-2.251532304453009,17.836814569704764,-31.347117922597576,False,True,False,True,True,0.0,0.0,0.0,0.0,0.0,0,0.8783495907612962,1.006727211570804,False,False,False,False,-0.3332830828052693,-0.33743108769151825,False,False,False,False,-14568.0,-5002.2251745702315,False,False,False,False,471.98784369185165,False,False,False,False
2025-03-28 19:00:00+00:00,16.175,16.385,16.03,16.315,425.0,,,,,,,,,,,,,,,,,,,,,,,,,,,"rgba(239, 83, 80, 0.75)",1.8806374518298483,20.261372139667657,-2.0984226044354592,21.28865662907075,-32.56262543552049,False,True,False,True,True,0.0,0.0,0.0,0.0,0.0,0,0.8790697674418605,1.0050994676379936,False,False,False,False,-0.3200551005058064,-0.3287430940986623,False,False,False,False,-14143.0,-5143.942613724181,False,False,False,False,471.2593499912028,False,False,False,False
2025-03-31 14:00:00+00:00,15.055,15.25,14.77,14.955,183.0,,,,,,,,,,,,,,,,,,,,,,,,,,,"rgba(239, 83, 80, 0.75)",1.9715483648530652,19.963281946692206,-2.5402785120442437,19.81157333647493,-32.56262543552049,False,True,False,True,True,0.0,0.0,0.0,0.0,0.0,0,0.8820011179429849,1.0058692006707657,False,False,False,False,-0.34282825441539394,-0.3357856742570281,False,False,False,False,-14326.0,-5286.30009258117,False,False,False,False,466.7902127820368,False,False,False,False
2025-03-31 15:00:00+00:00,14.98,15.49,14.975,15.355,66.0,,,,,,,,,,,,,,,,,,,,,,,,,,,"rgba(239, 83, 80, 0.75)",2.037883606733818,19.960239067928388,-2.2598145707199406,22.080876801329957,-31.990389388293693,False,True,False,True,True,0.0,0.0,0.0,0.0,0.0,0,0.8986955785193971,0.9885369021401549,False,False,False,False,-0.3237177415001631,-0.3297517078785956,False,False,False,False,-14260.0,-5425.427222928749,False,False,False,False,460.57641103347805,False,False,False,False
2025-03-31 16:00:00+00:00,15.365,15.57,15.315,15.385,1.0,,,,,,,,,,,,,,,,,,,,,,,,,,,"rgba(239, 83, 80, 0.75)",2.0994902491571965,19.96021243041797,-2.1792015620242156,23.833690205634532,-30.33195449240315,False,True,False,True,True,0.0,0.0,0.0,0.0,0.0,0,0.9072976054732041,0.9779361459521094,False,False,False,False,-0.30588832754494694,-0.31782001771177126,False,False,False,False,-14259.0,-5562.381839627528,False,False,False,False,453.4511953585404,False,False,False,False
2025-03-31 17:00:00+00:00,15.37,15.5,15.275,15.365,100.0,,,,,,,,,,,,,,,,,,,,,,,,,,,"rgba(239, 83, 80, 0.75)",2.1606027062035014,19.95465460547135,-2.124247365003098,24.935675230278527,-29.233944427687028,False,True,False,True,True,0.0,0.0,0.0,0.0,0.0,0,0.9001202680258863,0.9794398946223011,False,False,False,False,-0.3093800885372192,-0.31360005312449524,False,False,False,False,-14359.0,-5698.763516532527,False,False,False,False,447.9713318646095,False,False,False,False
2025-03-31 18:00:00+00:00,15.37,15.785,15.37,15.5,0.0,,,,,,,,,,,,,,,,,,,,,,,,,,,"rgba(239, 83, 80, 0.75)",2.2143754981589474,19.95465460547135,-2.011697929811359,26.9465156072589,-27.25994727643991,False,True,False,True,True,0.0,0.0,0.0,0.0,0.0,0,0.9101913765275536,0.9704865114134192,False,False,False,False,-0.29279989492966413,-0.30319997402707966,False,False,False,False,-14359.0,-5833.030748834349,False,False,False,False,441.0260398977163,False,False,False,False
2025-03-31 19:00:00+00:00,15.565,16.085,15.555,15.955,209.0,,,,,,,,,,,,,,,,,,,,,,,,,,,"rgba(239, 83, 80, 0.5)",2.253943567084909,19.94978262742056,-1.772352549441657,32.11000026135625,-22.468132236873625,False,False,False,True,True,0.0,0.0,0.0,0.0,0.0,0,0.9135210127753048,0.9624255737325857,False,False,False,False,-0.2718621438815523,-0.28753105895431597,False,False,False,False,-14150.0,-5961.976008542343,False,False,False,False,437.42873695356565,False,False,False,False
2025-04-01 14:00:00+00:00,15.73,15.735,15.23,15.715,500.0,,,,,,,,,,,,,,,,,,,,,,,,,,,"rgba(239, 83, 80, 0.5)",2.2988514072885686,19.905559542749153,-1.8228927408978561,34.28289346423122,-20.567271607656835,False,False,False,True,True,0.0,0.0,0.0,0.0,0.0,0,0.9051714186771326,0.963407595521182,False,False,False,False,-0.30106990345762774,-0.29430048120597185,False,False,False,False,-14650.0,-6096.674054921532,False,False,False,False,438.3988340550607,False,False,False,False
2025-04-01 15:00:00+00:00,15.715,16.005,15.69,15.995,300.0,,,,,,,,,,,,,,,,,,,,,,,,,,,"rgba(239, 83, 80, 0.5)",2.330253636196894,19.88473422762414,-1.6692321244362083,37.88710490670172,-17.303575553699098,True,False,False,True,True,0.0,0.0,0.0,0.0,0.0,0,0.9042127832184041,0.9668540302485946,False,False,False,False,-0.26140119905544273,-0.27785084013070727,False,False,False,False,-14350.0,-6224.632596705695,False,False,False,False,436.25311569761794,False,False,False,False
2025-04-01 16:00:00+00:00,16.0,16.22,15.745,15.905,0.0,,,,,,,,,,,,,,,,,,,,,,,,,,,"rgba(239, 83, 80, 0.5)",2.363307858920601,19.88473422762414,-1.6839677541807072,39.738170880853154,-15.647918807194948,True,False,False,True,True,0.0,0.0,0.0,0.0,0.0,0,0.9245917103944343,0.9632686751960379,False,False,False,False,-0.24861226614877036,-0.2632315531397388,False,False,False,False,-14350.0,-6350.607285128863,False,False,False,False,429.48950150075564,False,False,False,False
2025-04-01 17:00:00+00:00,15.895,16.1,15.85,15.905,0.0,,,,,,,,,,,,,,,,,,,,,,,,,,,"rgba(239, 83, 80, 0.5)",2.38119916038984,19.88473422762414,-1.671315148193062,40.97221486362078,-14.44689754087642,True,False,False,True,True,0.0,0.0,0.0,0.0,0.0,0,0.9199431549028896,0.963524396020843,False,False,False,False,-0.24932063955125588,-0.2562760963454973,False,False,False,False,-14350.0,-6474.628877607485,False,False,False,False,422.8307495395036,False,False,False,False
2025-04-01 18:00:00+00:00,15.915,15.915,15.495,15.685,0.0,,,,,,,,,,,,,,,,,,,,,,,,,,,"rgba(239, 83, 80, 0.5)",2.4032718538699367,19.88473422762414,-1.7475069334588171,40.31829192534214,-14.44689754087642,True,False,False,True,True,0.0,0.0,0.0,0.0,0.0,0,0.9184291825095056,0.9639377376425856,False,False,False,False,-0.2749920414788189,-0.26563406891215813,False,False,False,False,-14350.0,-6596.727654698842,False,False,False,False,416.27523404276707,False,False,False,False
2025-04-01 19:00:00+00:00,15.665,16.215,15.655,16.18,100.0,,,,,,,,,,,,,,,,,,,,,,,,,,,"rgba(239, 83, 80, 0.5)",2.4105642119262574,19.878165018280008,-1.534149142339105,44.05335991787873,-11.314114527572883,True,False,False,True,True,0.0,0.0,0.0,0.0,0.0,0,0.9290564689063615,0.9528830116750058,False,False,False,False,-0.2531027933848557,-0.25936843114850694,False,False,False,False,-14250.0,-6715.38303989731,False,False,False,False,411.371742042104,False,False,False,False
2025-04-02 14:00:00+00:00,16.11,16.46,16.02,16.305,500.0,,,,,,,,,,,,,,,,,,,,,,,,,,,#000000,2.4182925589970994,19.849656121191362,-1.4657681131274631,47.43336834063857,-8.107711780329524,True,False,False,False,True,0.0,0.0,0.0,0.0,0.0,0,0.9349034610556519,0.9481140534401339,False,False,False,False,-0.22443413611884586,-0.2419012836336764,False,False,False,False,-13750.0,-6824.44686873611,False,False,False,False,412.74582356083107,False,False,False,False
2025-04-02 15:00:00+00:00,16.31,16.79,16.23,16.785,100.0,,,,,,,,,,,,,,,,,,,,,,,,,,,"rgba(38, 166, 154, 1.0)",2.4155048210550896,19.84520714705587,-1.2669016929219685,52.6213635132675,-3.3279805524553225,True,False,True,False,True,0.0,0.0,0.0,0.0,0.0,0,0.9484715632694732,0.9351390306888474,False,False,False,False,-0.19935606745633222,-0.22062867554500432,False,False,False,False,-13650.0,-6930.269397902993,False,False,False,False,407.89705110252356,False,False,False,False
2025-04-02 16:00:00+00:00,16.785,16.98,16.66,16.905,200.0,,,,,,,,,,,,,,,,,,,,,,,,,,,"rgba(38, 166, 154, 1.0)",2.4063526416624548,19.83811811186237,-1.2189061823607008,56.71257093235942,0.33079096271330144,True,False,True,False,True,0.0,0.0,0.0,0.0,0.0,0,0.9700456621004567,0.9273059360730596,False,False,False,False,-0.17086292500213318,-0.19574580027356875,False,False,False,False,-13450.0,-7031.350492509147,False,False,False,False,404.67384100791077,False,False,False,False
2025-04-02 17:00:00+00:00,16.905,17.12,16.675,16.705,0.0,,,,,,,,,,,,,,,,,,,,,,,,,,,"rgba(38, 166, 154, 1.0)",2.4061453267276214,19.83811811186237,-1.3021317029605362,57.54247331885991,1.0562153308386755,True,False,True,False,True,0.0,0.0,0.0,0.0,0.0,0,0.9676488643339471,0.9308778391651319,False,False,False,False,-0.16378409998041935,-0.17976495012699406,False,False,False,False,-13450.0,-7130.864438361718,False,False,False,False,398.3998279690284,False,False,False,False
2025-04-02 18:00:00+00:00,16.705,16.77,16.395,16.45,200.0,,,,,,,,,,,,,,,,,,,,,,,,,,,"rgba(38, 166, 154, 1.0)",2.407961703924588,19.663176790703872,-1.3343969654778622,55.890194499049784,1.0562153308386755,True,False,True,False,True,0.0,0.0,0.0,0.0,0.0,0,0.955188825020088,0.9411582916125844,False,False,False,False,-0.19266532249407933,-0.1862151363105367,False,False,False,False,-13650.0,-7231.9363075344045,False,False,False,False,395.32386164392716,False,False,False,False
2025-04-02 19:00:00+00:00,16.45,16.96,16.41,16.935,472.0,,,,,,,,,,,,,,,,,,,,,,,,,,,"rgba(38, 166, 154, 1.0)",2.4039667856079343,19.651025176094926,-1.1298097762228763,57.83882629866033,1.4609258594465047,True,False,True,False,True,0.0,0.0,0.0,0.0,0.0,0,0.9467459285404669,0.9443928416620224,False,False,False,False,-0.18323483945532104,-0.18472498788292888,False,False,False,False,-13178.0,-7324.123341526119,False,False,False,False,396.51263898278097,False,False,False,False
2025-04-03 14:00:00+00:00,15.01,15.16,14.215,14.225,867.0,,,,,,,,,,,,,,,,,,,,,,,,,,,"rgba(239, 83, 80, 0.5)",2.4452892789315324,19.48484229243818,-2.151010245600253,47.857612201967825,4.926677365744652,True,False,False,True,False,0.0,0.0,0.0,0.0,0.0,0,0.9247798286886236,0.9505368560743154,False,False,False,False,-0.34282825441539394,-0.2637766211491614,False,False,False,False,-14045.0,-7428.322979641993,False,False,False,False,403.8070166729704,False,False,False,False
2025-04-03 15:00:00+00:00,14.27,14.435,14.0,14.155,165.0,,,,,,,,,,,,,,,,,,,,,,,,,,,"rgba(239, 83, 80, 0.5)",2.472609634658338,19.458110765582013,-2.1447424175853746,41.05767910724978,-1.0336796023323416,True,False,False,True,False,0.0,0.0,0.0,0.0,0.0,0,0.9291040215132623,0.9625962596259626,False,False,False,False,-0.34282825441539394,-0.30330243778227767,False,False,False,False,-14210.0,-7533.465259027388,False,False,False,False,400.1045823059476,False,False,False,False
2025-04-03 16:00:00+00:00,14.155,14.455,13.83,13.92,501.0,,,,,,,,,,,,,,,,,,,,,,,,,,,"rgba(239, 83, 80, 0.5)",2.5070362729473437,19.381516916485854,-2.1784754275075318,36.01270487518597,-5.353173341756218,True,False,False,True,False,0.0,0.0,0.0,0.0,0.0,0,0.924786114359574,0.9663322459530991,False,False,False,False,-0.34282825441539394,-0.3230653460988358,False,False,False,False,-14711.0,-7644.744867414561,False,False,False,False,401.6688523477158,False,False,False,False
2025-04-03 17:00:00+00:00,13.925,14.205,13.895,13.93,302.0,,,,,,,,,,,,,,,,,,,,,,,,,,,"rgba(239, 83, 80, 0.5)",2.553053891160742,19.33884778776658,-2.118579559363494,32.715297895045296,-8.201896979915574,False,False,False,True,False,0.0,0.0,0.0,0.0,0.0,0,0.9339196135505048,0.9629033256951756,False,False,False,False,-0.34282825441539394,-0.33294680025711487,False,False,False,False,-14409.0,-7749.617040012784,False,False,False,False,400.12359882294504,False,False,False,False
2025-04-03 18:00:00+00:00,13.93,14.07,13.695,13.99,182.0,,,,,,,,,,,,,,,,,,,,,,,,,,,"rgba(239, 83, 80, 0.5)",2.5962221774329,19.31352002493103,-2.050487077417556,30.952873292286032,-9.864233988532433,False,False,False,True,False,0.0,0.0,0.0,0.0,0.0,0,0.9263937282229965,0.9692633150821304,False,False,False,False,-0.34282825441539394,-0.3378875273362544,False,False,False,False,-14227.0,-7850.04158202809,False,False,False,False,396.74183760088385,False,False,False,False
2025-04-03 19:00:00+00:00,13.975,14.02,13.315,13.325,987.0,,,,,,,,,,,,,,,,,,,,,,,,,,,"rgba(239, 83, 80, 0.5)",2.646502068428821,19.173072130220277,-2.2097364668572386,28.125098124632558,-12.712491287936686,False,False,False,True,False,0.0,0.0,0.0,0.0,0.0,0,0.9174061433447099,0.9712069500465405,False,False,False,False,-0.34282825441539394,-0.34035789087582413,False,False,False,False,-15214.0,-7964.2114799811425,False,False,False,False,405.893126940405,False,False,False,False
2025-04-04 14:00:00+00:00,11.9,12.02,10.74,11.26,2179.0,,,,,,,,,,,,,,,,,,,11.339999999999998,,,,,,,11.339999999999998,"rgba(239, 83, 80, 1.0)",2.759330815532885,18.239828248357576,-2.529536585126573,23.340712268012528,-17.398043546712437,False,True,False,True,False,0.0,0.0,0.0,0.0,0.0,0,0.9012532542229218,0.9838953805170431,False,False,False,False,-0.34282825441539394,-0.341593072645609,False,False,False,False,-17393.0,-8110.394247733373,False,False,False,False,433.38315598008865,True,False,False,False
2025-04-04 15:00:00+00:00,11.235,11.98,11.215,11.545,1626.0,,,,,,,,,,,,,,,,,,,11.442559789750328,,,,,,,11.442559789750328,"rgba(239, 83, 80, 1.0)",2.8499885016363287,18.009595767767642,-2.268288368200776,21.780653489815695,-19.10929271188025,False,True,False,True,False,0.0,0.0,0.0,0.0,0.0,0,0.9076086956521741,0.983756038647343,False,False,False,False,-0.32833154023631694,-0.334962306440963,False,False,False,False,-15767.0,-8229.101313659987,False,False,False,False,451.8733396083043,False,False,False,False
2025-04-04 16:00:00+00:00,11.57,11.73,11.15,11.32,0.0,,,,,,,,,,,,,,,,,,,11.442559789750328,,,,,,,11.442559789750328,"rgba(239, 83, 80, 1.0)",2.941781860286948,18.009595767767642,-2.273994499073811,20.442424202206723,-20.774863070321913,False,True,False,True,False,0.0,0.0,0.0,0.0,0.0,0,0.9174092054323112,0.9803355251029311,False,False,False,False,-0.33881551950302946,-0.3368889129719962,False,False,False,False,-15767.0,-8345.967959959831,False,False,False,False,444.86755139732287,False,False,False,False
2025-04-04 17:00:00+00:00,11.375,12.445,11.08,12.43,2307.0,,,,,,,,,,,,,,,,,,,11.647306119109949,,,,,,,11.647306119109949,"rgba(239, 83, 80, 0.75)",2.9927877645438583,17.753231735003013,-1.7786866807156791,25.310750545179616,-20.774863070321913,False,True,False,True,True,0.0,0.0,0.0,0.0,0.0,0,0.9200584937850355,0.9655739702656593,False,False,False,False,-0.3174225296436199,-0.327155721307808,False,False,False,False,-13460.0,-8425.255278410066,False,False,False,False,473.73782191829457,False,False,False,False
2025-04-04 18:00:00+00:00,12.48,12.61,12.125,12.27,4642.0,,,,,,,,,,,,,,,,,,,11.94415147851962,,,,,,,11.94415147851962,"rgba(239, 83, 80, 0.5)",3.032952227816329,17.353026262517794,-1.6759335066010856,28.17130300302319,-20.774863070321913,False,False,False,True,True,0.0,0.0,0.0,0.0,0.0,0,0.9392663126411525,0.9564182384178722,False,False,False,False,-0.2780198619252375,-0.3025877916165227,False,False,False,False,-18102.0,-8575.282328357198,False,False,False,False,538.3620417335147,False,False,False,False
2025-04-04 19:00:00+00:00,12.295,13.02,11.84,11.965,5852.0,,,,,,,,,,,,,,,,,,,12.060743405997833,,,,,,,12.060743405997833,"rgba(239, 83, 80, 0.5)",3.075753276226172,16.926803104793006,-1.613199323607953,29.33260926806977,-28.968489968045986,False,False,False,True,True,0.0,0.0,0.0,0.0,0.0,0,0.9346207397542226,0.9519341364489375,False,False,False,False,-0.27399878301028285,-0.28829328731340276,False,False,False,False,-23954.0,-8813.712059700498,False,False,False,False,620.7440255826075,False,False,False,False
2025-04-07 14:00:00+00:00,11.93,13.89,11.9,12.93,1098.0,,,,,,,,,,,,,,,,,,,12.113207467239043,,,,,,,12.113207467239043,"rgba(239, 83, 80, 0.5)",3.0941856982306257,16.869778827819594,-1.273284544645304,34.44105978160805,-23.848119530448308,False,False,False,True,True,0.0,0.0,0.0,0.0,0.0,0,0.9398675654715744,0.9418958420330489,False,False,False,False,-0.24434241840770982,-0.2663178528605563,False,False,False,False,-22856.0,-9031.421950247775,False,False,False,False,628.1433430154352,False,False,False,False
2025-04-07 15:00:00+00:00,12.93,13.35,12.23,12.65,800.0,,,,,,,,,,,,,,,,,,,12.140450263006196,,,,,,,12.140450263006196,"rgba(239, 83, 80, 0.5)",3.097486423560877,16.82664281899656,-1.3483974577667666,36.97628373026788,-21.22722205277419,True,False,False,True,True,0.0,0.0,0.0,0.0,0.0,0,0.9420755278025575,0.9514719000892061,False,False,False,False,-0.25100053766778724,-0.2586591952641718,False,False,False,False,-23656.0,-9258.15959442998,False,False,False,False,630.8077873097695,False,False,False,False
2025-04-07 16:00:00+00:00,12.6,13.04,12.32,12.57,35.0,,,,,,,,,,,,,,,,,,,12.141399661973857,,,,,,,12.141399661973857,"rgba(239, 83, 80, 0.5)",3.0995016571252756,16.824707977476244,-1.3727071149309849,38.40787681505866,-19.555816986571664,True,False,False,True,True,0.0,0.0,0.0,0.0,0.0,0,0.9411658109332529,0.9751132588341892,False,False,False,False,-0.25799917920610244,-0.2583291872351371,False,False,False,False,-23691.0,-9481.924561958198,False,False,False,False,621.5704572739592,False,False,False,False
2025-04-07 17:00:00+00:00,12.99,13.4,12.49,13.375,928.0,,,,,,,,,,,,,,,,,,,12.186540384582456,,,,,,,12.186540384582456,"rgba(239, 83, 80, 0.5)",3.0916795750197656,16.782048162036993,-1.1020055860786322,42.744216262665866,-15.181084063556447,True,False,False,True,True,0.0,0.0,0.0,0.0,0.0,0,0.9381368706662647,0.9663551401869158,False,False,False,False,-0.2411793701841261,-0.2497542787096316,False,False,False,False,-22763.0,-9687.832708284426,False,False,False,False,626.3213028976187,False,False,False,False
2025-04-07 18:00:00+00:00,13.42,13.52,12.9,12.92,1600.0,,,,,,,,,,,,,,,,,,,12.256928608724545,,,,,,,12.256928608724545,"rgba(239, 83, 80, 0.5)",3.09044472148854,16.71138342660648,-1.2268083619953338,43.93872771062928,-13.764439923079351,True,False,False,True,True,0.0,0.0,0.0,0.0,0.0,0,0.9350421135551112,0.9757619826698176,False,False,False,False,-0.22449239275099964,-0.23712333573031563,False,False,False,False,-24363.0,-9915.354681799396,False,False,False,False,641.417096651144,False,False,False,False
2025-04-07 19:00:00+00:00,13.16,13.505,12.92,13.25,1661.0,,,,,,,,,,,,,,,,,,,12.327676874340021,,,,,,,12.327676874340021,"rgba(239, 83, 80, 0.5)",3.0868645394128467,16.644058810932897,-1.0995166025582974,46.07195184661001,-11.394246572139593,True,False,False,True,True,0.0,0.0,0.0,0.0,0.0,0,0.9288764182017811,0.9831035744784679,False,False,False,False,-0.22433556625494486,-0.23072945099263026,False,False,False,False,-22702.0,-10113.597244872271,False,False,False,False,657.2245835247697,False,False,False,False
2025-04-08 14:00:00+00:00,15.57,15.875,15.135,15.16,943.0,,,,,,,,,,,,,,,,,,,12.449673017616494,,,,,,,12.449673017616494,"rgba(38, 166, 154, 1.0)",3.0599805687423705,16.642412581187255,-0.4844516322521994,52.91228492853425,-4.78763856408402,True,False,True,False,True,0.0,0.0,0.0,0.0,0.0,0,0.9274371022423126,0.9718075298875871,False,False,False,False,-0.08403997135822772,-0.157384711175429,False,False,False,False,-21759.0,-10294.14612479673,False,False,False,False,661.6552101367888,False,False,False,False
2025-04-08 15:00:00+00:00,15.18,15.465,14.98,15.215,44.0,,,,,,,,,,,,,,,,,,,12.454812987560617,,,,,,,12.454812987560617,"rgba(38, 166, 154, 1.0)",3.0330258031415296,16.642188132752004,-0.4705492881972055,57.58934180826632,-0.4198744798963716,True,False,True,False,True,0.0,0.0,0.0,0.0,0.0,0,0.9243182088841254,0.9784446826247469,False,False,False,False,-0.1010432013863017,-0.12921395628086535,False,False,False,False,-21715.0,-10471.213626737866,False,False,False,False,652.0791603672261,False,False,False,False
2025-04-08 16:00:00+00:00,15.16,15.265,14.4,14.4,1196.0,,,,,,,,,,,,,,,,,,,12.562046351678642,,,,,,,12.562046351678642,"rgba(38, 166, 154, 1.0)",3.004725936746104,16.624887423736645,-0.7404626813139682,57.385476962631756,-0.4198744798963716,True,False,True,False,True,0.0,0.0,0.0,0.0,0.0,0,0.9331868936481788,0.9787662456525719,False,False,False,False,-0.12461484165951227,-0.1269143989701888,False,False,False,False,-22911.0,-10664.078531749683,False,False,False,False,660.5120416018427,False,False,False,False
2025-04-08 17:00:00+00:00,14.42,14.83,14.18,14.6,866.0,,,,,,,,,,,,,,,,,,,12.628385382317571,,,,,,,12.628385382317571,"rgba(38, 166, 154, 1.0)",2.974129556966444,16.610040796406796,-0.6758417069285307,57.815682591279355,0.24707003628180502,True,False,True,False,True,0.0,0.0,0.0,0.0,0.0,0,0.9293292796426135,0.9962151765216851,False,False,False,False,-0.1445148898310639,-0.13571464440062636,False,False,False,False,-22045.0,-10840.526926606275,False,False,False,False,663.6979014219692,False,False,False,False
2025-04-08 18:00:00+00:00,14.585,14.67,13.895,13.905,1100.0,,,,,,,,,,,,,,,,,,,12.690933635946472,,,,,,,12.690933635946472,"rgba(38, 166, 154, 1.0)",2.9502512872054565,16.58440499666092,-0.9081955182193687,55.487606251163264,0.24707003628180502,True,False,True,False,True,0.0,0.0,0.0,0.0,0.0,0,0.924410029498525,0.975602261553589,False,False,False,False,-0.15809896211263721,-0.1469068032566318,False,False,False,False,-23145.0,-11031.293950999976,False,False,False,False,670.462275043334,False,False,False,False
2025-04-08 19:00:00+00:00,13.92,13.945,13.065,13.65,1288.0,,,,,,,,,,,,,,,,,,,12.730371619622463,,,,,,,12.730371619622463,"rgba(38, 166, 154, 0.75)",2.917341692285863,16.542542473925366,-0.9914993782092538,53.04941509214836,0.24707003628180502,True,False,True,False,False,0.0,0.0,0.0,0.0,0.0,0,0.9207242476143874,0.9845852703694641,False,False,False,False,-0.20605944815422472,-0.17648312570542826,False,False,False,False,-24433.0,-11239.072339356566,False,False,False,False,680.0365033372358,False,False,False,False
2025-04-09 14:00:00+00:00,14.43,14.68,13.84,13.845,246.0,,,,,,,,,,,,,,,,,,,12.74241831215609,,,,,,,12.74241831215609,#000000,2.8814925905768596,16.53687441997447,-0.9341944618485278,52.167760191998035,0.24707003628180502,True,False,False,False,False,0.0,0.0,0.0,0.0,0.0,0,0.9269993330503851,0.9726550657854847,False,False,False,False,-0.1594757775650702,-0.16797945163524924,False,False,False,False,-24187.0,-11439.815403862665,False,False,False,False,673.3072552234802,False,False,False,False
2025-04-09 15:00:00+00:00,13.845,14.365,13.83,14.01,800.0,,,,,,,,,,,,,,,,,,,12.778731071628268,,,,,,,12.778731071628268,#000000,2.840418956218719,16.517914078645976,-0.882938086705566,52.230874594867686,0.24707003628180502,True,False,False,False,False,0.0,0.0,0.0,0.0,0.0,0,0.9274823127592097,0.9840204928031225,False,False,False,False,-0.16943760093155133,-0.16870852628340027,False,False,False,False,-23387.0,-11625.043072019835,False,False,False,False,675.2714838246666,False,False,False,False
2025-04-09 16:00:00+00:00,14.01,14.68,13.975,14.555,1700.0,,,,,,,,,,,,,,,,,,,12.86807867749345,,,,,,,12.86807867749345,"rgba(38, 166, 154, 0.75)",2.7861532103801294,16.486930516738706,-0.6934042641808356,54.29981977020179,0.24707003628180502,True,False,True,False,False,0.0,0.0,0.0,0.0,0.0,0,0.9187642316450244,0.9952612468459597,False,False,False,False,-0.1553471081853752,-0.16202781723438775,False,False,False,False,-21687.0,-11781.042404236581,False,False,False,False,691.1587476413384,False,False,False,False
2025-04-09 17:00:00+00:00,14.555,17.53,14.555,17.53,2928.0,,,,,,,,,,,,,,,,,,,13.185656195514053,,,,,,,13.185656195514053,"rgba(38, 166, 154, 1.0)",2.7087335194291575,16.52397505437125,0.37140048602520465,61.76648707957489,5.600120573191305,True,False,True,False,True,2.4268983510384246,0.0,0.0,0.0,0.0,0,0.9197982951134592,0.9680033617481091,False,False,False,False,-0.051813951936469455,-0.1069208845854286,False,False,False,False,-18759.0,-11889.227793318185,False,False,False,False,725.8384569802324,False,False,False,False
2025-04-09 18:00:00+00:00,17.53,18.44,17.35,17.41,1439.0,,,,,,,,,,,,,,,,,,,13.371157284048605,,,,,,,13.371157284048605,"rgba(38, 166, 154, 1.0)",2.6387578158691642,16.563604544841205,0.32075526221795625,66.24446405284442,9.692911285802687,True,False,True,False,True,2.027566894688764,0.0,0.0,0.0,0.0,0,0.952871782650143,0.9526334604385129,False,False,False,False,0.0588472168976335,-0.02403683384389755,False,False,False,False,-20198.0,-12018.04596706519,False,False,False,False,736.895225089066,False,False,False,False
2025-04-09 19:00:00+00:00,17.34,18.86,17.34,18.61,3239.0,,,,,,,,,,,,,,,,,,,13.783114382393922,,,,,,,13.783114382393922,"rgba(38, 166, 154, 1.0)",2.578398137401349,16.62340300170523,0.770477208107577,70.72005675313599,13.736487619925548,True,False,True,False,True,5.675942617931334,0.0,0.0,0.0,0.0,0,0.9577937367553568,0.9442547680715799,False,False,False,True,0.07113238454554989,0.02354777535082617,False,False,False,True,-16959.0,-12094.649905560304,False,False,False,False,775.6875471807083,False,False,False,True
2025-04-10 14:00:00+00:00,16.28,16.86,16.14,16.55,812.0,,,,,,,,,,,,,,,,,,,13.83955223880597,,,,,,,13.83955223880597,"rgba(38, 166, 154, 0.75)",2.503234822499952,16.61194040361621,-0.02474414428061911,66.84543143141417,13.736487619925548,True,False,True,False,False,0.0,0.0,0.0,0.0,0.0,0,0.9296060254924681,0.9608922363847043,False,False,False,False,-0.024471432618856183,-0.00046182863401500636,False,False,False,False,-17771.0,-12182.655333381073,False,False,False,False,776.2505309453485,False,False,False,False
2025-04-10 15:00:00+00:00,16.56,16.61,15.52,15.58,1163.0,,,,,,,,,,,,,,,,,,,13.898827587342355,,,,,,,13.898827587342355,"rgba(38, 166, 154, 0.75)",2.424212824778305,16.588822314852823,-0.41614428590653146,61.89179624657851,19.70676251885088,True,False,True,False,False,0.0,0.0,0.0,0.0,0.0,0,0.9235886163813051,0.9614183248496068,False,False,False,False,-0.05046776075499935,-0.025464794694507176,False,False,False,False,-18934.0,-12287.32734371625,False,False,False,False,782.2466467446454,False,False,False,False
2025-04-10 16:00:00+00:00,15.58,15.855,15.07,15.855,400.0,,,,,,,,,,,,,,,,,,,13.915403012814243,,,,,,,13.915403012814243,"rgba(38, 166, 154, 0.75)",2.3430486569870457,16.580323424752372,-0.30956396171689987,59.18097210626761,17.240365756317104,True,False,True,False,False,0.0,0.0,0.0,0.0,0.0,0,0.9172191258433559,0.9919037841009095,False,False,False,False,-0.08514376459602076,-0.055304279645263965,False,False,False,False,-18534.0,-12384.174981798167,False,False,False,False,776.3203421439532,False,False,False,False
2025-04-10 17:00:00+00:00,15.855,16.57,15.27,16.57,1109.0,,,,,,,,,,,,,,,,,,,13.974053554280454,,,,,,,13.974053554280454,"rgba(38, 166, 154, 0.75)",2.2673470865332024,16.572675855502986,-0.0011801702169371784,58.87762814503699,16.80141396698491,True,False,True,False,False,0.0,0.0,0.0,0.0,0.0,0,0.9228439993012287,0.9772317009258719,False,False,False,False,-0.05753954463367708,-0.05642191213947052,False,False,False,False,-17425.0,-12462.327307661762,False,False,False,False,781.47816629676,False,False,False,False
2025-04-10 18:00:00+00:00,16.43,16.95,16.07,16.125,475.0,,,,,,,,,,,,,,,,,,,14.000977375459083,,,,,,,14.000977375459083,"rgba(38, 166, 154, 0.75)",2.185628062371733,16.57245228785093,-0.20472480910836058,57.43332896349766,15.09780426073661,True,False,True,False,False,0.0,0.0,0.0,0.0,0.0,0,0.9278135327883112,0.9758218820664464,False,False,False,False,-0.01765866471203222,-0.03704028842575137,False,False,False,False,-17900.0,-12546.63231064375,False,False,False,False,776.726566819291,False,False,False,False
2025-04-10 19:00:00+00:00,16.125,16.605,15.27,16.02,430.0,,,,,,,,,,,,,,,,,,,14.020660630214888,,,,,,,14.020660630214888,"rgba(38, 166, 154, 0.75)",2.102667143681307,16.56912842933503,-0.26115803967604123,56.16699089648908,13.485562252725579,True,False,True,False,False,0.0,0.0,0.0,0.0,0.0,0,0.9235145385587864,0.9763245603953569,False,False,False,False,-0.05256219276078194,-0.04480124059326665,False,False,False,False,-18330.0,-12636.296925982606,False,False,False,False,771.3509611321701,False,False,False,False
2025-04-11 14:00:00+00:00,17.2,17.34,16.27,16.63,732.0,,,,,,,,,,,,,,,,,,,14.066387666712496,,,,,,,14.066387666712496,"rgba(38, 166, 154, 0.75)",2.029093189375727,16.574370423056234,0.02741597933256107,56.84292509555688,13.485562252725579,True,False,True,False,False,0.0,0.0,0.0,0.0,0.0,0,0.9333902161547214,0.9633105802047781,False,False,False,False,0.0003044250065959239,-0.022248407793335364,False,False,False,False,-17598.0,-12713.22255503714,False,False,False,False,770.7408687115163,False,False,False,False
2025-04-11 15:00:00+00:00,16.66,17.03,16.46,16.87,290.0,,,,,,,,,,,,,,,,,,,14.08434616493656,,,,,,,14.08434616493656,"rgba(38, 166, 154, 0.75)",1.9524453782256608,16.57664567620776,0.1502496956195691,57.87491358621739,13.485562252725579,True,False,True,False,False,0.3669340274619337,0.0,0.0,0.0,0.0,0,0.9380616539642819,0.9658173131611876,False,False,False,False,-0.0033487240178942247,-0.012798565905614795,False,False,False,False,-17308.0,-12784.459414648969,False,False,False,False,763.2875219097874,False,False,False,False
2025-04-11 16:00:00+00:00,16.905,17.37,16.7,17.06,1.0,,,,,,,,,,,,,,,,,,,14.084413523336897,,,,,,,14.084413523336897,"rgba(38, 166, 154, 0.75)",1.8781022432327334,16.57665802296855,0.2573565836327855,59.04130745784865,13.485562252725579,True,False,True,False,False,0.9337784276215721,0.0,0.0,0.0,0.0,0,0.9430379746835444,0.9632227163872735,False,False,False,False,0.014309091420883631,0.0007552627576344183,False,False,False,False,-17307.0,-12854.576322948986,False,False,False,False,751.4691107173876,False,False,False,False
2025-04-11 17:00:00+00:00,17.09,17.59,16.94,17.48,38.0,,,,,,,,,,,,,,,,,,,14.087224395569402,,,,,,,14.087224395569402,"rgba(38, 166, 154, 1.0)",1.8414896241998826,16.577322794942354,0.4901885914507146,60.87215437486648,13.485562252725579,True,False,True,False,True,2.1812916643691693,0.0,0.0,0.0,0.0,0,0.9470353477765109,0.9566134549600913,False,False,False,False,0.028319372973382596,0.014537317865508506,False,False,False,False,-17269.0,-12923.017000112566,False,False,False,False,740.407574117118,False,False,False,False
2025-04-11 18:00:00+00:00,17.52,17.555,17.16,17.37,668.0,,,,,,,,,,,,,,,,,,,14.136229154997945,,,,,,,14.136229154997945,"rgba(38, 166, 154, 1.0)",1.812941584604694,16.589052605089766,0.4307625802959992,61.58643630160097,13.485562252725579,True,False,True,False,True,1.8354288976405329,0.0,0.0,0.0,0.0,0,0.9492782564044049,0.955154903862612,False,False,False,False,0.03395676898481921,0.02424704342516386,False,False,False,False,-17937.0,-13000.753170653457,False,False,False,False,739.2849760687906,False,False,False,False
2025-04-11 19:00:00+00:00,17.39,17.93,17.39,17.75,835.0,,,,,,,,,,,,,,,,,,,14.201489736822813,,,,,,,14.201489736822813,"rgba(38, 166, 154, 1.0)",1.8027666125872335,16.549271566147326,0.6660476322719632,63.09577447526743,13.485562252725579,True,False,True,False,True,2.973189234727524,0.0,0.0,0.0,0.0,0,0.9557582668187001,0.9470353477765109,False,False,False,False,0.05240955293508614,0.038328298180124995,False,False,False,False,-17102.0,-13064.338392813868,False,False,False,False,740.7689299281892,False,False,False,False
2025-04-14 14:00:00+00:00,17.38,17.87,17.32,17.59,3777.0,,,,,,,,,,,,,,,,,,,14.461627273404133,,,,,,,14.461627273404133,"rgba(38, 166, 154, 1.0)",1.7902072832822757,16.616128869653018,0.5439990885085816,63.260572361712704,13.485562252725579,True,False,True,False,True,2.455685402011877,0.0,0.0,0.0,0.0,0,0.953789173789174,0.949002849002849,False,False,False,False,0.048441911583478346,0.04338510488180167,False,False,False,False,-20879.0,-13185.495937111327,False,False,False,False,787.8422798517831,False,False,False,False
2025-04-14 15:00:00+00:00,17.575,17.64,16.605,16.81,1639.0,,,,,,,,,,,,,,,,,,,14.543976863315384,,,,,,,14.543976863315384,"rgba(38, 166, 154, 0.75)",1.7662173838026383,16.622758458247414,0.10601273856191826,59.70041394598277,13.485562252725579,True,False,True,False,False,0.0,0.0,0.0,0.0,0.0,1,0.9476344635656275,0.9528028624978703,False,False,False,False,0.01963812976306761,0.03151161732243464,False,False,False,False,-22518.0,-13330.185922582468,False,False,False,False,801.0385235750113,False,False,False,False
2025-04-14 16:00:00+00:00,16.795,17.095,16.64,16.77,2477.0,,,,,,,,,,,,,,,,,,,14.650321414962928,,,,,,,14.650321414962928,"rgba(38, 166, 154, 0.75)",1.7382247415832168,16.628534332188515,0.08138514222426392,57.15363388840735,11.730290054676097,True,False,True,False,False,0.0,0.0,0.0,0.0,0.0,0,0.9430057737380667,0.9691876750700281,False,False,False,False,0.004109798654212267,0.017810707988323453,False,False,False,False,-24995.0,-13511.035753240105,False,False,False,False,827.0224224343134,False,False,False,False
2025-04-14 17:00:00+00:00,16.77,17.195,16.77,17.135,562.0,,,,,,,,,,,,,,,,,,,14.675156884561892,,,,,,,14.675156884561892,"rgba(38, 166, 154, 0.75)",1.7321668510855959,16.632385211196752,0.29016534318749226,56.92866036692465,11.364034864607639,True,False,True,False,False,1.0053450768933878,0.0,0.0,0.0,0.0,0,0.9407293095564702,0.9699359853680842,False,False,False,False,0.01111207781358853,0.01446139290095599,False,False,False,False,-24433.0,-13680.368532259638,False,False,False,False,822.9135476678898,False,False,False,False
2025-04-14 18:00:00+00:00,17.13,17.395,17.12,17.295,348.0,,,,,,,,,,,,,,,,,,,14.691795091481952,,,,,,,14.691795091481952,"rgba(38, 166, 154, 0.75)",1.7397818595785817,16.636239216501703,0.37864562150215,57.409412324246325,11.364034864607639,True,False,True,False,False,1.50857715745936,0.0,0.0,0.0,0.0,0,0.9466811751904245,0.9659813298207436,False,False,False,False,0.02786237047353459,0.02116188168724529,False,False,False,False,-24085.0,-13841.680648038557,False,False,False,False,815.5505469288528,False,False,False,False
2025-04-14 19:00:00+00:00,17.29,17.415,16.99,17.07,700.0,,,,,,,,,,,,,,,,,,,14.723202814715101,,,,,,,14.723202814715101,"rgba(38, 166, 154, 0.75)",1.7427808186865528,16.642500152535984,0.2452975399317292,56.477733632259515,10.477244935921803,True,False,True,False,False,0.7691475587400021,0.0,0.0,0.0,0.0,0,0.9448386358434426,0.9650377660791946,False,False,False,False,0.02451136197965423,0.022836621833449762,False,False,False,False,-24785.0,-14011.34451396044,False,False,False,False,813.7590655811186,False,False,False,False
2025-04-15 14:00:00+00:00,17.475,17.845,17.22,17.405,5403.0,,,,,,,,,,,,,,,,,,,14.970801284174726,,,,,,,14.970801284174726,"rgba(38, 166, 154, 0.75)",1.7503606449492561,16.71310298655208,0.3952882598477181,57.328734532386534,10.477244935921803,True,False,True,False,False,1.843327071241923,0.0,0.0,0.0,0.0,0,0.9465779143198498,0.9572168174318711,False,False,False,False,0.04462830997358687,0.03373246590351832,False,False,False,False,-19382.0,-14094.610490488183,False,False,False,False,884.9100878201712,False,False,False,False
2025-04-15 15:00:00+00:00,17.415,17.72,17.36,17.545,171.0,,,,,,,,,,,,,,,,,,,14.978062056474032,,,,,,,14.978062056474032,"rgba(38, 166, 154, 1.0)",1.7575349444835713,16.71523859141854,0.4721165921541754,58.49350441381971,10.477244935921803,True,False,True,False,True,2.2920019528766638,0.0,0.0,0.0,0.0,1,0.9476377281255329,0.959577008357496,False,False,False,False,0.04508587149642433,0.039409168699971325,False,False,False,False,-19211.0,-14173.934358852706,False,False,False,False,873.8417143655948,False,False,False,False
2025-04-15 16:00:00+00:00,17.545,17.665,17.18,17.255,0.0,,,,,,,,,,,,,,,,,,,14.978062056474032,,,,,,,14.978062056474032,"rgba(38, 166, 154, 0.5)",1.762483792015378,16.71523859141854,0.3062504239907072,57.394319764062296,10.477244935921803,False,False,True,False,True,1.3028512495912459,0.0,0.0,0.0,0.0,0,0.9546753543667125,0.9594192958390492,False,False,False,False,0.037919452273995756,0.038664310486983544,False,False,False,False,-19211.0,-14252.028399800725,False,False,False,False,860.293780809539,False,False,False,False
2025-04-15 17:00:00+00:00,17.255,17.395,17.105,17.325,550.0,,,,,,,,,,,,,,,,,,,14.998739272522927,,,,,,,14.998739272522927,"rgba(38, 166, 154, 0.5)",1.7729967327703124,16.719936730169383,0.341265868485388,57.02753638794546,10.303514054846076,False,False,True,False,True,1.5344231009115958,0.0,0.0,0.0,0.0,1,0.952288329519451,0.9586956521739131,False,False,False,False,0.02740537960856422,0.03303484504777388,False,False,False,False,-18661.0,-14320.384548641025,False,False,False,False,855.4830245179182,False,False,False,False
2025-04-15 18:00:00+00:00,17.325,17.36,17.05,17.305,2600.0,,,,,,,,,,,,,,,,,,,15.090155580325602,,,,,,,15.090155580325602,"rgba(38, 166, 154, 0.5)",1.785397618923428,16.739931465974557,0.31649450410165314,56.636354674309935,9.695900512419676,False,False,True,False,False,1.464374397434792,0.0,0.0,0.0,0.0,0,0.9515509431798638,0.960552720600883,False,False,False,False,0.024663668039590362,0.028849256543682124,False,False,False,False,-21261.0,-14427.990989747364,False,False,False,False,882.529799331594,False,False,False,False
2025-04-15 19:00:00+00:00,17.29,17.335,17.115,17.205,785.0,,,,,,,,,,,,,,,,,,,15.116063888630418,,,,,,,15.116063888630418,"rgba(38, 166, 154, 0.5)",1.7965355172844908,16.745498261543737,0.2557710293146943,55.591524281137104,8.49465495461358,False,False,True,False,False,1.1089697844496627,0.0,0.0,0.0,0.0,0,0.9517213632967413,0.9603425484223231,False,False,False,False,0.02588215829884278,0.02736570742126245,False,False,False,False,-22046.0,-14546.099656572986,False,False,False,False,881.0177094194762,False,False,False,False
2025-04-16 14:00:00+00:00,16.0,16.64,15.985,16.395,600.0,,,,,,,,,,,,,,,,,,,15.127347525685545,,,,,,,15.127347525685545,#000000,1.7989213910482467,16.74284344215159,-0.19336222465446248,49.94918370409733,3.2003175029734408,False,True,False,False,False,0.0,0.0,0.0,0.0,0.0,0,0.9408639012684267,0.9678322477431153,False,False,False,False,-0.029690458289699056,-0.0011623754342183022,False,False,False,False,-22646.0,-14671.679506858674,False,False,False,False,876.6608457075464,False,False,False,False
2025-04-16 15:00:00+00:00,16.41,16.57,16.18,16.21,464.0,,,,,,,,,,,,,,,,,,,15.135790310112998,,,,,,,15.135790310112998,"rgba(239, 83, 80, 1.0)",1.7991452349869825,16.740742372237786,-0.29499695850936997,45.330339709212126,-0.8639654441225275,False,True,False,True,False,0.0,0.0,0.0,0.0,0.0,0,0.9393159460077785,0.969743765728666,False,False,False,False,-0.0258821643914829,-0.0135222699128506,False,False,False,False,-23110.0,-14802.506181170942,False,False,False,False,870.263003138437,False,False,False,False
2025-04-16 16:00:00+00:00,16.21,16.325,15.965,16.015,100.0,,,,,,,,,,,,,,,,,,,15.137261650874892,,,,,,,15.137261650874892,"rgba(239, 83, 80, 1.0)",1.7975182014890623,16.740017643463098,-0.40334370069938286,41.371532143884835,-4.224200976198588,False,True,False,True,False,0.0,0.0,0.0,0.0,0.0,0,0.9412751677852352,0.9668479518629949,False,False,False,False,-0.03990123870528728,-0.02671175430906894,False,False,False,False,-23210.0,-14932.854922548135,False,False,False,False,858.3209410742752,False,False,False,False
2025-04-16 17:00:00+00:00,16.02,16.2,15.485,15.495,300.0,,,,,,,,,,,,,,,,,,,15.139942958380088,,,,,,,15.139942958380088,"rgba(239, 83, 80, 1.0)",1.7966253977442286,16.736432961588335,-0.6909804142516462,36.72645782242418,-8.197852439429056,False,True,False,True,False,0.0,0.0,0.0,0.0,0.0,0,0.9365491009681883,0.967208390963578,False,False,False,False,-0.05836415286515893,-0.04253795358711394,False,False,False,False,-23510.0,-15065.833915997,False,False,False,False,849.6648024529685,False,False,False,False
2025-04-16 18:00:00+00:00,15.505,15.71,15.095,15.125,1539.0,,,,,,,,,,,,,,,,,,,15.14382112074288,,,,,,,15.14382112074288,"rgba(239, 83, 80, 1.0)",1.7969833505522388,16.710874762010793,-0.8825205651034166,32.478648155382196,-11.79419810002539,False,True,False,True,False,0.0,0.0,0.0,0.0,0.0,0,0.9321595028482652,0.9741066804764371,False,False,False,False,-0.08529387945967185,-0.06391591652339289,False,False,False,False,-25049.0,-15220.611684741232,False,False,False,False,860.3521698567985,False,False,False,False
2025-04-16 19:00:00+00:00,15.14,16.445,14.905,16.37,2779.0,,,,,,,,,,,,,,,,,,15.906666666666668,15.173992300466807,,,,,,,15.540329483566737,"rgba(239, 83, 80, 0.75)",1.8001326477649746,16.556066216639376,-0.1033625032412989,37.82377449240732,-11.79419810002539,False,True,False,True,True,0.0,0.0,0.0,0.0,0.0,0,0.9332421184653099,0.9661934895387949,False,False,False,False,-0.06860373735038493,-0.06625982693688891,False,False,False,False,-22270.0,-15329.904526838267,False,False,False,False,890.0986478435148,False,False,False,False
2025-04-17 14:00:00+00:00,16.25,16.295,15.615,15.655,2312.0,,,,,,,,,,,,,,,,,,15.883203038040989,15.19568665950176,,,,,,,15.539444848771375,"rgba(239, 83, 80, 0.75)",1.8002404794314486,16.53829543628266,-0.4906541355861647,38.59724864106775,-18.13394788547746,False,True,False,True,True,0.0,0.0,0.0,0.0,0.0,0,0.9414711910726486,0.9651560009109542,False,False,False,False,-0.051493807700877005,-0.05887681731888296,False,False,False,False,-24582.0,-15473.34786750744,False,False,False,False,912.1436300474912,False,False,False,False
2025-04-17 15:00:00+00:00,15.665,15.9,15.54,15.58,150.0,,,,,,,,,,,,,,,,,,15.877196463779178,15.1966718230069,,,,,,,15.53693414339304,"rgba(239, 83, 80, 0.75)",1.8002867589398648,16.53666732043383,-0.5313971875220486,38.845901570150446,-17.821187161942838,False,True,False,True,True,0.0,0.0,0.0,0.0,0.0,0,0.9392816419612314,0.9690421892816421,False,False,False,False,-0.06585148169312548,-0.06236414950600422,False,False,False,False,-24732.0,-15616.89286180965,False,False,False,False,900.3274497366774,False,False,False,False
2025-04-17 16:00:00+00:00,15.59,16.04,15.47,15.955,350.0,,,,,,,,,,,,,,,,,,15.873720264711142,15.199665257175175,,,,,,,15.536692760943158,"rgba(239, 83, 80, 0.75)",1.8002867589398648,16.533989514944533,-0.32160960584161763,41.051943671980595,-15.52803673256274,False,True,False,True,True,0.0,0.0,0.0,0.0,0.0,0,0.9357719877119126,0.9702468995335078,False,False,False,False,-0.06371152904759432,-0.06303783927679926,False,False,False,False,-24382.0,-15752.785995735083,False,False,False,False,891.7952412136282,False,False,False,False
2025-04-17 17:00:00+00:00,15.975,16.02,15.63,15.835,200.0,,,,,,,,,,,,,,,,,,15.87215276578599,15.201381147988425,,,,,,,15.536766956887208,"rgba(239, 83, 80, 0.75)",1.800566632534877,16.532508510163677,-0.38738278137572063,41.991408606753005,-14.363569745453866,False,True,False,True,True,0.0,0.0,0.0,0.0,0.0,0,0.9358820504028803,0.9774272815589463,False,False,False,False,-0.05943335166751017,-0.061235595472154715,False,False,False,False,-24582.0,-15889.673034560896,False,False,False,False,881.069733597913,False,False,False,False
2025-04-17 18:00:00+00:00,15.85,15.98,15.69,15.715,324.0,,,,,,,,,,,,,,,,,,15.868064867811395,15.203994361413042,,,,,,,15.536029614612218,"rgba(239, 83, 80, 0.75)",1.7997430997853594,16.529935247490254,-0.45280642975513835,42.06291346112253,-13.901014928937684,False,True,False,True,True,0.0,0.0,0.0,0.0,0.0,0,0.930075917575204,0.9776813745076772,False,False,False,False,-0.05882236446002827,-0.060028979966091495,False,False,False,False,-24906.0,-16029.461049528943,False,False,False,False,872.4329935421314,False,False,False,False
2025-04-17 19:00:00+00:00,15.715,15.79,15.525,15.66,854.0,,,,,,,,,,,,,,,,,,15.842363801597552,15.209205706431709,,,,,,,15.52578475401463,"rgba(239, 83, 80, 0.75)",1.799149178296662,16.521280291897916,-0.4787153296055919,41.8406460194984,-13.656680003347958,False,True,False,True,True,0.0,0.0,0.0,0.0,0.0,0,0.9294359442795161,0.9796186343914137,False,False,False,False,-0.06967433701830501,-0.06485165849219826,False,False,False,False,-25760.0,-16180.322118528495,False,False,False,False,872.1472106965168,False,False,False,False
2025-04-18 14:00:00+00:00,15.66,15.66,15.66,15.66,0.0,,,,,,,,,,,,,,,,,,15.842363801597552,15.209205706431709,,,,,,,15.52578475401463,"rgba(239, 83, 80, 0.75)",1.7985490473366204,16.521280291897916,-0.47887506497159055,41.69246772508232,-13.301157571274928,False,True,False,True,True,0.0,0.0,0.0,0.0,0.0,0,0.9298984537272099,0.9886337410570045,False,False,False,False,-0.06952138450229522,-0.06718652149724674,False,False,False,False,-25760.0,-16328.844256225728,False,False,False,False,858.6255485151754,False,False,False,False
2025-04-18 15:00:00+00:00,15.66,15.66,15.66,15.66,0.0,,,,,,,,,,,,,,,,,,15.842363801597552,15.209205706431709,,,,,,,15.52578475401463,"rgba(239, 83, 80, 0.75)",1.798508122992014,16.521280291897916,-0.4788859615852515,41.593682195471594,-12.8877081770394,False,True,False,True,True,0.0,0.0,0.0,0.0,0.0,0,0.921649604467194,0.9936598417868777,False,False,False,False,-0.06232702923520396,-0.06475677536622534,False,False,False,False,-25760.0,-16475.06372512145,False,False,False,False,845.3135245071882,False,False,False,False
2025-04-18 16:00:00+00:00,15.66,15.66,15.66,15.66,0.0,,,,,,,,,,,,,,,,,,15.842363801597552,15.209205706431709,,,,,,,15.52578475401463,"rgba(239, 83, 80, 0.75)",1.7966747388208324,16.521280291897916,-0.47937463208459163,41.52782517573111,-12.453064932591893,False,True,False,True,True,0.0,0.0,0.0,0.0,0.0,0,0.9287727539635937,0.9869054609512625,False,False,False,False,-0.06232702923520396,-0.06354190230071466,False,False,False,False,-25760.0,-16619.016225507163,False,False,False,False,832.207888468317,False,False,False,False
2025-04-18 17:00:00+00:00,15.66,15.66,15.66,15.66,0.0,,,,,,,,,,,,,,,,,,15.842363801597552,15.209205706431709,,,,,,,15.52578475401463,"rgba(239, 83, 80, 0.75)",1.7940566845524073,16.521280291897916,-0.4800741801047351,41.483920495904115,-12.02180430698835,False,True,False,True,True,0.0,0.0,0.0,0.0,0.0,0,0.9290934810798067,0.9841447601084522,False,False,False,False,-0.06232702923520396,-0.0629344657679593,False,False,False,False,-25760.0,-16760.73690418147,False,False,False,False,819.3054405850872,False,False,False,False
2025-04-18 18:00:00+00:00,15.66,15.66,15.66,15.66,0.0,,,,,,,,,,,,,,,,,,15.842363801597552,15.209205706431709,,,,,,,15.52578475401463,"rgba(239, 83, 80, 0.75)",1.7873406739299795,16.521280291897916,-0.48187807979781794,41.45465070935279,-11.60966628460357,False,True,False,True,True,0.0,0.0,0.0,0.0,0.0,0,0.93235538662549,0.9844993467157622,False,False,False,False,-0.06232702923520396,-0.06263074750158162,False,False,False,False,-25760.0,-16900.26036303137,False,False,False,False,806.6030306535355,False,False,False,False
2025-04-18 19:00:00+00:00,15.66,15.66,15.66,15.66,0.0,,,,,,,,,,,,,,,,,,15.842363801597552,15.209205706431709,,,,,,,15.52578475401463,"rgba(239, 83, 80, 0.75)",1.7791621041357029,16.521280291897916,-0.4840932087615011,41.43513751831858,-11.226057117263835,False,True,False,True,True,0.0,0.0,0.0,0.0,0.0,0,0.9337831382851683,0.9803558633866731,False,False,False,False,-0.06232702923520396,-0.06247888836839279,False,False,False,False,-25760.0,-17037.620667480496,False,False,False,False,794.0975573100698,False,False,False,False
2025-04-21 14:00:00+00:00,14.605,14.65,14.305,14.575,1100.0,,,,,,,,,,,,,,,,,,15.660730367249142,15.19902588435644,,,,,,,15.42987812580279,"rgba(239, 83, 80, 1.0)",1.775163733090294,16.48970891466184,-1.078609752424707,35.02907218808251,-12.033572738094087,False,True,False,True,False,0.0,0.0,0.0,0.0,0.0,0,0.930875847832498,0.9787083456207608,False,False,False,False,-0.13707487053482645,-0.09977687945160962,False,False,False,False,-26860.0,-17189.90561837227,False,False,False,False,798.8402308401462,False,False,False,False
2025-04-21 15:00:00+00:00,14.58,14.595,14.17,14.175,300.0,,,,,,,,,,,,,,,,,,15.612430796192298,15.195523000325183,,,,,,,15.40397689825874,"rgba(239, 83, 80, 1.0)",1.7760513749568947,16.480671491440837,-1.2982008988882972,29.564695187638318,-16.892263560972566,False,True,False,True,False,0.0,0.0,0.0,0.0,0.0,0,0.9292625368731564,0.9810029498525074,False,False,False,False,-0.14313544160029082,-0.12145616052595022,False,False,False,False,-27160.0,-17344.48072506417,False,False,False,False,791.1062737728571,False,False,False,False
2025-04-21 16:00:00+00:00,14.175,14.455,14.17,14.2,0.0,,,,,,,,,,,,,,,,,,15.612430796192298,15.195523000325183,,,,,,,15.40397689825874,"rgba(239, 83, 80, 1.0)",1.7711097783160241,16.480671491440837,-1.2877075827616438,26.225704489566358,-19.651437685650837,False,True,False,True,False,0.0,0.0,0.0,0.0,0.0,0,0.9318060419015964,0.9837379072942015,False,False,False,False,-0.1476077933195565,-0.13453197692275337,False,False,False,False,-27160.0,-17496.659318474027,False,False,False,False,778.8410602259911,False,False,False,False
2025-04-21 17:00:00+00:00,14.205,14.255,14.0,14.025,0.0,,,,,,,,,,,,,,,,,,15.612430796192298,15.195523000325183,,,,,,,15.40397689825874,"rgba(239, 83, 80, 1.0)",1.7729183784304248,16.480671491440837,-1.3851012665427145,23.471319407903962,-21.924215965166344,False,True,False,True,False,0.0,0.0,0.0,0.0,0.0,0,0.9276886512180631,0.9828877005347594,False,False,False,False,-0.1594563429117778,-0.14699415991726558,False,False,False,False,-27160.0,-17646.478553846522,False,False,True,False,766.7660050286889,False,False,False,False
2025-04-21 18:00:00+00:00,14.035,14.175,13.955,14.07,12.0,,,,,,,,,,,,,,,,,14.066666666666668,15.610217555582071,15.19534444503027,,,,14.066666666666668,,,14.95740955575967,"rgba(239, 83, 80, 1.0)",1.7736933396342371,16.274886078855438,-1.2431044474182438,22.261861552148183,-22.888678267049723,False,True,False,True,False,0.0,1.0,14.175,13.955,0.0,0,0.9257313432835823,0.9880597014925375,False,False,False,False,-0.16346912264504418,-0.15523164128115488,False,False,False,False,-27148.0,-17793.788963864405,False,False,False,False,755.0642065011123,False,False,False,False
2025-04-21 19:00:00+00:00,14.075,14.885,14.06,14.805,925.0,,,,,,,,,,,,,,,,,14.576716471006758,15.508147073572607,15.18797235353101,,,,14.576716471006758,,,15.090945299370125,"rgba(239, 83, 80, 0.75)",1.7672644484146736,16.27885493355208,-0.833975319808081,29.373947816763426,-26.149539737746444,False,True,False,True,True,0.0,0.0,0.0,0.0,0.0,0,0.9242900337937988,0.9784193988261103,False,False,False,False,-0.13739359478222693,-0.1463126180316909,False,False,False,False,-26223.0,-17924.474406285113,False,False,False,False,757.6988699662113,False,False,False,False
2025-04-22 14:00:00+00:00,15.17,15.33,15.095,15.175,105.0,,,,,,,,,,,,,,,,,14.639523352527192,15.504709028441896,15.187988777049519,,,,14.639523352527192,,,15.110740386006201,"rgba(239, 83, 80, 0.75)",1.7598620748576612,16.280635030688458,-0.6282509558471404,36.81726868827653,-19.660988970377232,False,True,False,True,True,0.0,0.0,0.0,0.0,0.0,0,0.9327388685484824,0.9748435100980278,False,False,False,False,-0.09048787546541578,-0.11840024674855334,False,False,False,False,-26118.0,-18051.505810838833,False,False,False,False,747.5795076411537,False,False,False,False
2025-04-22 15:00:00+00:00,15.175,15.32,14.96,15.23,500.0,,,,,,,,,,,,,,,,,14.811532641591008,15.487823293983118,15.187872564473613,,,,14.811532641591008,,,15.162409500015913,"rgba(239, 83, 80, 0.5)",1.7528497055052608,16.282634413559094,-0.600527478341716,42.15730861398491,-15.206875597545633,False,False,False,True,True,0.0,0.0,0.0,0.0,0.0,0,0.933620995389526,0.9753516964180163,False,False,False,False,-0.09506257888963836,-0.10673141281909584,False,False,False,False,-25618.0,-18168.81579826769,False,False,False,False,743.741065662221,False,False,False,False
2025-04-22 16:00:00+00:00,15.24,15.51,15.23,15.405,0.0,,,,,,,,,,,,,,,,,14.811532641591008,15.487823293983118,15.187872564473613,,,,14.811532641591008,,,15.162409500015913,#000000,1.7367054862427698,16.282634413559094,-0.5053444124586663,46.93568637595665,-11.17876123715098,False,False,False,False,True,0.0,0.0,0.0,0.0,0.0,0,0.9313772169979766,0.9769670277347936,False,False,False,False,-0.07428011003539209,-0.09050576142724397,False,False,False,False,-25618.0,-18284.307026201524,False,False,False,False,732.2101964271478,False,False,False,False
2025-04-22 17:00:00+00:00,15.405,15.555,14.995,15.015,2505.0,,,,,,,,,,,,,,,,,15.044763610905198,15.427399457689004,15.187887010175087,,,,15.044763610905198,,,15.220016692923096,#000000,1.6691076863007543,16.264094984016083,-0.7483609321723592,47.05768415338961,-11.17876123715098,False,False,False,False,True,0.0,0.0,0.0,0.0,0.0,0,0.933305543976657,0.9750491276126959,False,False,False,False,-0.07856349254786482,-0.0845346269875544,False,False,False,False,-28123.0,-18436.844901764292,False,False,False,False,759.6953096608355,False,False,False,False
2025-04-22 18:00:00+00:00,15.015,15.335,15.0,15.305,900.0,,,,,,,,,,,,,,,,,15.075431237787212,15.412931185541204,15.188170443435101,,,,15.075431237787212,,,15.225510955587842,#000000,1.6060863629970816,16.25580561787582,-0.5920015509636368,49.243314643746004,-9.033582834238288,True,False,False,False,True,0.0,0.0,0.0,0.0,0.0,0,0.9320844484091586,0.9745465358311032,False,False,False,False,-0.08132365666714465,-0.08292914182734953,False,False,False,False,-27223.0,-18573.064360651668,False,False,False,False,761.8705761777218,False,False,False,False
2025-04-22 19:00:00+00:00,15.315,15.4,14.935,15.4,1761.0,,,,,,,,,,,,,,,,,15.119946829656131,15.393316751785282,15.189382585208689,,,,15.119946829656131,,,15.234215388883369,"rgba(38, 166, 154, 1.0)",1.5305583153727087,16.240375458660402,-0.5490646453779585,51.354146439643934,-6.799340344185708,True,False,True,False,True,0.0,0.0,0.0,0.0,0.0,0,0.9339387464387465,0.9722222222222222,False,False,False,False,-0.07694817169820488,-0.0799386567627772,False,False,False,False,-25462.0,-18679.869564362496,False,False,False,False,777.3609548416331,False,False,False,False
2025-04-23 14:00:00+00:00,16.98,17.325,16.81,17.205,2222.0,,,,,,,,,,,,,,,,,15.61594960806271,15.614247258993776,15.239805053626467,,,,15.61594960806271,,,15.49000064022765,"rgba(38, 166, 154, 1.0)",1.4986082943249734,16.293596574483804,0.6081665428968703,59.79111462409705,1.1990533374342505,True,False,True,False,True,3.9724964431526715,0.0,0.0,0.0,0.0,0,0.9420214003256572,0.9641195626889973,False,False,False,False,0.051913315713137106,-0.014012670524820046,False,False,False,False,-23240.0,-18750.569261039047,False,False,False,False,799.7584594177318,False,False,False,False
2025-04-23 15:00:00+00:00,17.205,17.345,16.755,16.975,1297.0,,,,,,,,,,,,,,,,,15.794647012809229,15.712641876389187,15.26670295032198,,,,15.794647012809229,,,15.591330613173463,"rgba(38, 166, 154, 1.0)",1.4552080282231785,16.316136101854017,0.4527626877859263,63.787483692702004,4.858780268832007,True,False,True,False,True,3.0308971396733924,0.0,0.0,0.0,0.0,0,0.9430460503421877,0.9645052778099988,False,False,False,False,0.062448019261411455,0.024217674368295704,False,False,False,False,-24537.0,-18840.281365519062,False,False,False,False,807.4676305895499,False,False,False,False
2025-04-23 16:00:00+00:00,16.975,17.22,16.705,17.18,303.0,,,,,,,,,,,,,,,,,15.830338081671414,15.733842707727039,15.272905418441683,,,,15.830338081671414,,,15.612362069280046,"rgba(38, 166, 154, 1.0)",1.3997033887850532,16.32099663091241,0.6137038575245617,67.0166228201343,7.906702652663263,True,False,True,False,True,3.802959099284898,0.0,0.0,0.0,0.0,0,0.9485810457895653,0.9634960246068134,False,False,False,False,0.05637155837499045,0.040294616371643076,False,False,False,False,-24234.0,-18923.904910239697,False,False,False,False,799.646427014518,False,False,False,False
2025-04-23 17:00:00+00:00,17.175,17.21,16.89,17.085,610.0,,,,,,,,,,,,,,,,,15.897762716935967,15.775360602798706,15.28544817267091,,,,15.897762716935967,,,15.652857164135193,"rgba(38, 166, 154, 1.0)",1.3692158175228402,16.330600008498315,0.5509723024282117,68.425874446205,9.423447206921068,True,False,True,False,True,3.40522325644249,0.0,0.0,0.0,0.0,0,0.9486243845931074,0.9622936576889661,False,False,False,False,0.06244801926141175,0.051371317816527415,False,False,False,False,-24844.0,-19015.689330235982,False,False,False,False,796.7061723321224,False,False,False,False
2025-04-23 18:00:00+00:00,17.095,17.195,16.915,16.97,407.0,,,,,,,,,,,,,,,,,15.937553477093617,15.80093208140858,15.293556500116319,,,,15.937553477093617,,,15.677347352872838,"rgba(38, 166, 154, 1.0)",1.325641653235359,16.3364830284016,0.4778945879169077,68.42255210697888,9.848685197383446,True,False,True,False,True,2.9194359486434536,0.0,0.0,0.0,0.0,0,0.9493047508690616,0.9638470451911936,False,False,False,False,0.07561060163711236,0.0634909597268199,False,False,False,False,-25251.0,-19112.360813488136,False,False,False,False,790.6642161719344,False,False,False,False
2025-04-23 19:00:00+00:00,16.975,17.015,16.51,16.695,3497.0,,,,,,,,,,,,,,,,,16.124083355490562,15.941192642264268,15.349203631176334,,,,16.124083355490562,,,15.804826542977054,"rgba(38, 166, 154, 1.0)",1.2724521902909982,16.365877638943008,0.2586520449005828,66.21967478607664,9.848685197383446,True,False,True,False,True,1.7589524092110338,0.0,0.0,0.0,0.0,0,0.9489346919870313,0.9632931912922649,False,False,False,False,0.061748698530737084,0.06261982912877849,False,False,False,False,-28748.0,-19261.750568317777,False,False,False,False,832.6229104948501,False,False,False,False
2025-04-24 14:00:00+00:00,17.87,18.15,17.77,18.145,3245.0,,,,,,,,,,,,,,,,,16.46076977053602,16.19444263135519,15.441320331835609,,,,16.46076977053602,,,16.03217757790894,"rgba(38, 166, 154, 1.0)",1.2637430389395818,16.440253951092597,1.3489657283001697,69.38474921244288,11.472442425065402,True,False,True,False,True,7.192461483261095,0.0,0.0,0.0,0.0,0,0.9526529213547319,0.9528813752927066,False,False,False,False,0.1526378672341118,0.10762884818144514,False,False,False,False,-25503.0,-19358.51412539812,False,False,False,False,870.0241056809765,False,False,False,False
2025-04-24 15:00:00+00:00,18.145,18.48,18.085,18.245,467.0,,,,,,,,,,,,,,,,,16.505817249591242,16.230176651305683,15.455282845365181,,,,16.505817249591242,,,16.063758915420703,"rgba(38, 166, 154, 1.0)",1.2398213617327254,16.451431746081134,1.446634417890854,71.7171540492854,14.057452372549946,True,False,True,False,True,7.544628202557931,0.0,0.0,0.0,0.0,0,0.9570401643085351,0.9487676859881334,False,False,False,False,0.24363146898992377,0.17563015858568445,False,False,False,False,-25036.0,-19446.53716221365,False,False,False,False,863.7756699339845,False,False,False,False
2025-04-24 16:00:00+00:00,18.235,18.775,18.18,18.745,200.0,,,,,,,,,,,,,,,,,16.527560754730253,16.24727813357731,15.461846253911329,,,,16.527560754730253,,,16.078895047406295,"rgba(38, 166, 154, 1.0)",1.2354253999811962,16.456886944737136,1.8520851645900205,74.32569296750914,16.87319273683164,True,False,True,False,True,9.285924448097237,0.0,0.0,0.0,0.0,0,0.96500603344251,0.9425961041199794,False,False,False,False,0.2856863112414693,0.2306582349135769,False,False,False,False,-24836.0,-19530.094725590185,False,False,False,False,853.4845742760932,False,False,False,False
2025-04-24 17:00:00+00:00,18.75,18.815,18.53,18.775,300.0,,,,,,,,,,,,,,,,,16.561510265198724,16.273986425339366,15.472081204219673,,,,16.561510265198724,,,16.102525964919256,"rgba(38, 166, 154, 1.0)",1.2680518042959275,16.465498405553184,1.8212990877996038,76.12576782533635,18.923969043580314,True,False,True,False,True,9.389618503785815,0.0,0.0,0.0,0.0,0,0.9726177437020812,0.9386060990372975,False,False,False,False,0.34282824425896463,0.2867432395862708,False,False,False,False,-24536.0,-19607.705660077158,False,False,False,False,844.9034180857661,False,False,False,False
2025-04-24 18:00:00+00:00,18.775,18.905,18.695,18.8,560.0,,,,,,,,,,,,,,,,,16.62476996703001,16.324175093134645,15.49156102574823,,,,16.62476996703001,,,16.14683536197096,"rgba(38, 166, 154, 1.0)",1.2993005290788744,16.481907873069776,1.7841077372404457,77.38206659109835,20.503158811346097,True,False,True,False,True,9.4775366157949,0.0,0.0,0.0,0.0,0,0.980827154772938,0.9315338276181651,False,False,False,False,0.34282824443348553,0.3147857420098782,False,False,False,False,-23976.0,-19675.43115371937,False,False,False,False,840.4863108286224,False,False,False,False
2025-04-24 19:00:00+00:00,18.805,18.895,18.5,18.815,890.0,,,,,,,,,,,,,,,,,16.71554501110789,16.398022642591,15.521471382214855,,,,16.71554501110789,,,16.211679678637914,"rgba(38, 166, 154, 1.0)",1.316392309196422,16.506504685437342,1.7536529941988617,78.25704071025186,21.77244207105676,True,False,True,False,True,9.53124783718399,0.0,0.0,0.0,0.0,0,0.980948520470207,0.9263420001158145,False,False,False,False,0.33263086397153074,0.32370830299070447,False,False,False,False,-23086.0,-19728.308190095817,False,False,False,False,841.2539649243027,False,False,False,False
2025-04-25 14:00:00+00:00,19.05,19.38,18.61,18.895,800.0,,,,,,,,,,,,,,,,,16.7990983136489,16.46667252440725,15.54973921528348,,,,16.7990983136489,,,16.271836684446544,"rgba(38, 166, 154, 1.0)",1.3363724530732848,16.529984076732426,1.7697281306784614,79.05650585394537,23.0037024959053,True,False,True,False,True,9.822017022902642,0.0,0.0,0.0,0.0,0,0.979942363112392,0.923400576368876,False,False,False,False,0.34282824468909573,0.3332682738399001,False,False,False,False,-22286.0,-19767.96232668348,False,False,False,False,840.6143685688872,False,False,False,False
2025-04-25 15:00:00+00:00,18.885,19.005,18.745,18.965,600.0,,,,,,,,,,,,,,,,,16.856256597002318,16.514678971834837,15.570290016333194,,,,16.856256597002318,,,16.31374186172345,"rgba(38, 166, 154, 1.0)",1.3405479920236698,16.546712500762244,1.8039544377573147,79.78898391682252,24.181393866755556,True,False,True,False,True,10.079458446432536,0.0,0.0,0.0,0.0,0,0.9814996253818224,0.9264595700535992,False,False,False,False,0.33120094487829044,0.33223460935909527,False,False,False,False,-21686.0,-19797.699344874432,False,False,False,False,836.8839132422379,False,False,False,False
2025-04-25 16:00:00+00:00,18.965,19.58,18.87,19.54,2200.0,,,,,,,,,,,,,,,,,17.080161619901805,16.70423386891099,15.652871505591051,,,,17.080161619901805,,,16.479088998134614,"rgba(38, 166, 154, 1.0)",1.3505293189861574,16.615419701921375,2.165506706862245,81.66664190939635,26.38052617917748,True,False,True,False,True,12.159912003209648,0.0,0.0,0.0,0.0,0,0.9915229634790688,0.9181907913836148,False,False,False,False,0.34282824497425174,0.3375314271666735,False,False,False,False,-19486.0,-19792.86679689188,False,False,False,False,858.0174959826683,False,False,False,False
2025-04-25 17:00:00+00:00,19.54,19.855,19.265,19.455,3284.0,,,,,,,,,,,,,,,,,17.371167391566992,16.96184381286094,15.77579859634198,,,,17.371167391566992,,,16.70293660025664,"rgba(38, 166, 154, 1.0)",1.3587597020546711,16.792533612427906,1.9594828898340149,81.90309465978719,27.01052184844076,True,False,True,False,True,11.740613428888786,0.0,0.0,0.0,0.0,0,1.0005826487210863,0.9137679892792636,False,False,False,False,0.3428282453609,0.3401798362637868,False,False,False,False,-22770.0,-19839.02390081604,False,False,False,False,895.6296278278982,False,False,False,False
2025-04-25 18:00:00+00:00,19.455,19.66,19.41,19.585,1178.0,,,,,,,,,,,,,,,,,17.460455077400816,17.043993995206932,15.818313292933924,,,,17.460455077400816,,,16.774254121847225,"rgba(38, 166, 154, 1.0)",1.3709035620992258,16.826221114899532,2.012379981620318,82.40031985908459,27.905594908340646,True,False,True,False,True,12.212004736967867,0.0,0.0,0.0,0.0,0,1.0032190097155567,0.9117406063443756,False,False,False,False,0.34056630768414276,0.34037307197396477,False,False,False,False,-21592.0,-19866.201824834396,False,False,False,False,900.0074630553727,False,False,False,False
2025-04-25 19:00:00+00:00,19.585,19.665,19.295,19.63,6586.0,,,,,,,,,,,,,,,,,17.845984942769324,17.41846133613887,16.03812813226866,,,,17.845984942769324,,,17.100858137058953,"rgba(38, 166, 154, 1.0)",1.3929381093847435,16.992393701519244,1.8935559883890156,82.85365992873176,28.748012599838447,True,False,True,False,True,12.376834145071449,0.0,0.0,0.0,0.0,0,0.9995910498334989,0.909213063036747,False,False,False,False,0.3356017981544841,0.33798743506422446,False,False,False,False,-15006.0,-19790.849858557893,False,False,False,False,988.1623861087777,False,False,False,False
2025-04-28 14:00:00+00:00,19.16,19.56,19.035,19.19,1200.0,,,,,,,,,,,,,,,,,17.89245914719775,17.46769772722213,16.07254068512324,,,,17.89245914719775,,,17.14423251984771,"rgba(38, 166, 154, 0.75)",1.4195239907659636,17.015571626870944,1.5318010736512833,77.71268160235633,31.91919119274705,True,False,True,False,False,10.146654948589234,0.0,0.0,0.0,0.0,0,0.9962096915272028,0.9118899061169748,False,False,False,False,0.3192407982066222,0.32861411663542334,False,False,False,False,-16206.0,-19735.27079098335,False,False,False,False,991.4466902001144,False,False,False,False
2025-04-28 15:00:00+00:00,19.19,19.27,18.695,18.97,1509.0,,,,,,,,,,,,,,,,,17.935508411493227,17.51679208304617,16.111032228142708,,,,17.935508411493227,,,17.18777757422737,"rgba(38, 166, 154, 0.75)",1.4412644348525836,17.03875180400718,1.3399679817884023,72.0640713952802,26.73173347012124,True,False,True,False,False,9.052104021714005,0.0,0.0,0.0,0.0,0,0.9908635940409686,0.9164338919925513,False,False,False,False,0.2913801832401086,0.30999714993776595,False,False,False,False,-17715.0,-19703.94876321617,False,False,False,False,999.4707725225933,False,False,False,False
2025-04-28 16:00:00+00:00,18.97,19.015,18.72,18.875,9.0,,,,,,,,,,,,,,,,,17.93572931988513,17.517054326995538,16.111250182867238,,,,17.93572931988513,,,17.188011276582635,"rgba(38, 166, 154, 0.75)",1.4462635549131548,17.0388771695946,1.2695630918499197,67.37042763646211,22.61588519423954,True,False,True,False,False,8.578692521496112,0.0,0.0,0.0,0.0,0,0.9988311612413067,0.9143825609257202,False,False,False,False,0.2813195452791245,0.2956583476084452,False,False,False,False,-17724.0,-19673.251883166307,False,False,False,False,984.114636514491,False,False,False,False
2025-04-28 17:00:00+00:00,18.87,19.19,18.755,19.155,0.0,,,,,,,,,,,,,,,,,17.93572931988513,17.517054326995538,16.111250182867238,,,,17.93572931988513,,,17.188011276582635,"rgba(38, 166, 154, 0.75)",1.472946067280429,17.0388771695946,1.4366600905574913,66.08819050794486,21.621842585342193,True,False,True,False,False,9.685089298943819,0.0,0.0,0.0,0.0,0,1.0020447508325054,0.9066425191330255,False,False,False,False,0.29050309119182555,0.29308071940013536,False,False,False,False,-17724.0,-19643.030923737373,False,False,False,False,968.8570452507005,False,False,False,False
2025-04-28 18:00:00+00:00,19.165,19.62,19.09,19.54,400.0,,,,,,,,,,,,,,,,,17.951126880155265,17.53327611850017,16.12281506393996,,,,17.951126880155265,,,17.20240602086513,"rgba(38, 166, 154, 0.75)",1.5006625413672543,17.047147762190527,1.661167763632078,67.29331627199997,21.621842585342193,True,False,True,False,False,11.17671298725853,0.0,0.0,0.0,0.0,0,1.0079171032716268,0.8979508673885204,False,False,False,False,0.3243774444770754,0.3087290819386054,False,False,False,False,-17324.0,-19607.07695592749,False,False,False,False,960.0375561770461,False,False,False,False
2025-04-28 19:00:00+00:00,19.53,19.8,19.515,19.645,0.0,,,,,,,,,,,,,,,,,17.951126880155265,17.53327611850017,16.12281506393996,,,,17.951126880155265,,,17.20240602086513,"rgba(38, 166, 154, 1.0)",1.5313515875475647,17.047147762190527,1.6964440164716792,68.59574510689745,21.621842585342193,True,False,True,False,True,11.579779922289596,0.0,0.0,0.0,0.0,0,1.0125639832480222,0.8961144718473709,False,False,False,False,0.34282824546755203,0.32577866370307873,False,False,False,False,-17324.0,-19571.680413975122,False,False,False,False,945.1532529805028,False,False,False,False
2025-04-29 14:00:00+00:00,19.5,19.7,19.335,19.57,148.0,,,,,,,,,,,,,,,,,17.95719661660625,17.539580894819352,16.127226575466917,,,,17.95719661660625,,,17.20800136229751,"rgba(38, 166, 154, 1.0)",1.5623595663016165,17.050405279063884,1.6126855656540353,68.55763813763427,21.621842585342193,True,False,True,False,True,11.183076554298701,0.0,0.0,0.0,0.0,0,1.0095287897275,0.8989599674626693,False,False,False,False,0.3303521918675645,0.3280654277853216,False,False,False,False,-17472.0,-19539.12722926233,False,False,False,False,932.7942878180144,False,False,False,False
2025-04-29 15:00:00+00:00,19.57,19.64,19.335,19.445,790.0,,,,,,,,,,,,,,,,,17.98758859849446,17.571554448607124,16.150160226378862,,,,17.98758859849446,,,17.23643442449348,"rgba(38, 166, 154, 1.0)",1.5867501577320933,17.067014186636392,1.4986516949602264,67.0068770906425,21.621842585342193,True,False,True,False,True,10.516694961866495,0.0,0.0,0.0,0.0,0,1.0081390616824604,0.9019824428812279,False,False,False,False,0.32769173413842173,0.32787858096187167,False,False,False,False,-18262.0,-19519.32680710322,False,False,False,False,930.5804228906034,False,False,False,False
2025-04-29 16:00:00+00:00,19.445,19.62,19.26,19.345,0.0,,,,,,,,,,,,,,,,,17.98758859849446,17.571554448607124,16.150160226378862,,,,17.98758859849446,,,17.23643442449348,"rgba(38, 166, 154, 0.75)",1.6067072618324048,17.067014186636392,1.4177976707254236,64.76462406153342,19.762111398126365,True,False,True,False,False,9.98030186591889,0.0,0.0,0.0,0.0,0,1.016387644423485,0.9000235793444942,False,False,False,False,0.3234884694396417,0.3256835252007567,False,False,False,False,-18262.0,-19499.833368233405,False,False,False,False,916.152819434935,False,False,False,False
2025-04-29 17:00:00+00:00,19.345,19.725,19.335,19.655,623.0,,,,,,,,,,,,,,,,,18.012240276771664,17.597298630910565,16.168553993689255,,,,18.012240276771664,,,17.25936430045716,"rgba(38, 166, 154, 0.75)",1.63512604688108,17.08063241169073,1.5744153750224625,65.45654997367947,19.762111398126365,True,False,True,False,False,11.245272042152383,0.0,0.0,0.0,0.0,0,1.0151166223796873,0.9016829052258637,False,False,False,False,0.33146204746214525,0.328572786331451,False,False,False,False,-17639.0,-19470.98323849335,False,False,False,False,911.6078144824554,False,False,False,False
2025-04-29 18:00:00+00:00,19.655,19.76,19.585,19.605,0.0,,,,,,,,,,,,,,,,,18.012240276771664,17.597298630910565,16.168553993689255,,,,18.012240276771664,,,17.25936430045716,"rgba(38, 166, 154, 0.75)",1.6616611464933286,17.08063241169073,1.5191831340803432,65.26954430801493,19.755710646556835,True,False,True,False,False,10.969998487221808,0.0,0.0,0.0,0.0,0,1.0140670252378983,0.9021218748152964,False,False,False,False,0.3428282454837375,0.33570051590759425,False,False,False,False,-17639.0,-19442.580397586476,False,False,False,False,897.4743599943553,False,False,False,False
2025-04-29 19:00:00+00:00,19.605,19.71,19.365,19.41,1443.0,,,,,,,,,,,,,,,,,18.063827273604012,17.652236600127058,16.209464771726466,,,,18.063827273604012,,,17.308509548485848,"rgba(38, 166, 154, 0.5)",1.683440524639869,17.110161996169552,1.3661534043933288,62.69591082402194,17.064797247130315,False,False,True,False,False,9.8917148056934,0.0,0.0,0.0,0.0,0,1.0119223278049934,0.9020244348698577,False,False,False,False,0.330817720175605,0.33325911804159963,False,False,False,False,-19082.0,-19436.990003825445,False,False,False,False,905.9321218549079,False,False,False,False
2025-04-30 14:00:00+00:00,18.16,18.94,18.155,18.87,1700.0,,,,,,,,,,,,,,,,18.655,18.087103946637022,17.685308629999675,16.244392184043235,,,,18.087103946637022,,,17.667951190169983,"rgba(38, 166, 154, 0.5)",1.6952503548932005,17.169671235326188,1.002995669498581,55.97849669602992,10.769309929135702,False,True,True,False,False,6.985961886693058,0.0,0.0,0.0,0.0,0,1.0010520163646992,0.909877264757452,False,False,False,False,0.24526361554646148,0.2892613667940306,False,False,False,False,-20782.0,-19457.84287198319,False,False,False,False,918.2432517486303,False,False,False,False
2025-04-30 15:00:00+00:00,18.87,19.185,18.835,19.12,800.0,,,,,,,,,,,,,,,,18.780333333333335,18.104560063064703,17.706114560448306,16.263100517399646,,,,18.104560063064703,,,17.713527118561498,"rgba(38, 166, 154, 0.5)",1.7106813036104294,17.187494984411742,1.1296698055386853,53.79010647780954,8.878159361811463,False,True,True,False,False,8.068256967567631,0.0,0.0,0.0,0.0,0,1.0075016116743831,0.9109183613666998,False,False,False,False,0.2847240380417191,0.28699270241787483,False,False,False,False,-19982.0,-19465.969339084226,False,False,False,False,916.4100230393492,False,False,False,False
2025-04-30 16:00:00+00:00,19.12,19.28,18.965,19.06,0.0,,,,,,,,,,,,,,,,18.780333333333335,18.104560063064703,17.706114560448306,16.263100517399646,,,,18.104560063064703,,,17.713527118561498,#000000,1.723576399119969,17.187494984411742,1.0864067392337977,51.81608693209774,7.088253031884307,False,True,False,False,False,7.745795204550902,0.0,0.0,0.0,0.0,0,1.0154878982392084,0.9078381720746715,False,False,False,False,0.29445007393522227,0.2907213881765486,False,False,False,False,-19982.0,-19473.96981444726,False,False,False,False,902.2021157054057,False,False,False,False
2025-04-30 17:00:00+00:00,19.06,19.24,18.735,19.145,2610.0,,,,,,,,,,,,,,,,18.912961513372473,18.15696847407662,17.769465320110392,16.322294470761186,,,,18.15696847407662,,,17.790422444580166,#000000,1.7380748773510981,17.23070179466513,1.1013899517679835,51.32505154616827,6.553266998658486,False,True,False,False,False,8.121091177832838,0.0,0.0,0.0,0.0,0,1.007344732357953,0.9116869381279747,False,False,False,False,0.2827851639607408,0.2867532760686447,False,False,False,False,-17372.0,-19441.381135153504,False,False,False,False,928.6796022836165,False,False,False,False
2025-04-30 18:00:00+00:00,19.145,19.495,19.09,19.32,0.0,,,,,,,,,,,,,,,,18.912961513372473,18.15696847407662,17.769465320110392,16.322294470761186,,,,18.15696847407662,,,17.790422444580166,"rgba(38, 166, 154, 0.5)",1.754866625665218,17.23070179466513,1.1905737876477531,52.637466810567176,6.553266998658486,False,True,True,False,False,8.896043464615161,0.0,0.0,0.0,0.0,0,1.0108791531902381,0.9111437812408116,False,False,False,False,0.30925126958248206,0.29800227282556335,False,False,False,False,-17372.0,-19409.29770670151,False,False,False,False,914.2814689148782,False,False,False,False
2025-04-30 19:00:00+00:00,19.325,19.81,19.205,19.62,369.0,,,,,,,,,,,,,,,,18.95552807689968,18.167876441983463,17.7813077808305,16.331977623789783,,,,18.167876441983463,,,17.809172480875855,"rgba(38, 166, 154, 0.5)",1.775785888704569,17.23974180490424,1.3403970660179936,55.90451526350207,6.553266998658486,False,True,True,False,True,10.209317833944269,0.0,0.0,0.0,0.0,1,1.0109510423986883,0.9064183649566642,False,False,False,False,0.32816128543597056,0.31308177913076696,False,False,False,False,-17003.0,-19371.99076551234,False,False,False,False,905.827492652632,False,False,False,False
2025-05-01 14:00:00+00:00,20.64,21.045,20.5,21.035,400.0,,,,,,,,,,,,,,,,19.085106027102114,18.190616372787105,17.80340735888785,16.34667792125575,,,,18.190616372787105,,,17.856451920008205,"rgba(38, 166, 154, 0.5)",1.828538438157528,17.25885716895015,2.0651153687831503,63.83946432964804,8.042310396517031,False,False,True,False,True,15.863772655568273,0.0,0.0,0.0,0.0,0,1.019737222897494,0.8968570932453551,False,False,False,False,0.34282824652976596,0.32795501283026646,False,False,False,False,-16603.0,-19329.06067612455,False,False,False,False,897.9852059448392,False,False,False,False
2025-05-01 15:00:00+00:00,21.04,21.305,20.66,20.735,165.0,,,,,,,,,,,,,,,,19.1346522722259,18.20002395482604,17.812549368689126,16.35276751989884,,,,18.20002395482604,,,17.874998278909978,"rgba(38, 166, 154, 0.5)",1.8708837700618477,17.266572486229393,1.8538979113897318,66.50351189208678,10.274407639759431,False,False,True,False,True,14.179996420157316,0.0,0.0,0.0,0.0,0,1.0197178212096683,0.8974210708916388,False,False,False,False,0.34282824670221923,0.3353916297662428,False,False,False,False,-16768.0,-19289.35430905285,False,False,False,False,886.6210942247642,False,False,False,False
2025-05-01 16:00:00+00:00,20.735,21.12,20.685,21.02,600.0,,,,,,,,,,,,,,,,19.29783840056191,18.234209026046,17.845785403647906,16.374976527336376,,,,18.234209026046,,,17.938202339398046,"rgba(38, 166, 154, 1.0)",1.9178183574708016,17.29382984154108,1.9429213115745507,69.1765633558112,12.652869922918846,True,False,True,False,True,15.253257479731765,0.0,0.0,0.0,0.0,0,1.0157867345168565,0.9023882495807553,False,False,False,False,0.3366701684847693,0.3360308991255061,False,False,False,False,-16168.0,-19240.961218990018,False,False,False,False,882.1773563298067,False,False,False,False
2025-05-01 17:00:00+00:00,21.025,21.27,21.015,21.25,0.0,,,,,,,,,,,,,,,,19.29783840056191,18.234209026046,17.845785403647906,16.374976527336376,,,,18.234209026046,,,17.938202339398046,"rgba(38, 166, 154, 1.0)",1.9685218582240982,17.29382984154108,2.0097161440858877,71.63640392010818,14.939137092540221,True,False,True,False,True,16.10904204665868,0.0,0.0,0.0,0.0,0,1.0172353760445683,0.9041318477251624,False,False,False,False,0.34282824682863233,0.3394295729770692,False,False,False,False,-16168.0,-19193.318409393276,False,False,False,False,868.5001880146159,False,False,False,False
2025-05-01 18:00:00+00:00,21.245,21.47,21.175,21.225,200.0,,,,,,,,,,,,,,,,19.35605469511007,18.246857167494483,17.857936666137462,16.382892876125435,,,,18.246857167494483,,,17.960935351216865,"rgba(38, 166, 154, 1.0)",2.016036384270495,17.303717312851873,1.9450455942872522,73.02964942204183,16.34986174479083,True,False,True,False,True,15.9645285570062,0.0,0.0,0.0,0.0,0,1.014105764207349,0.9039879259302258,False,False,False,False,0.34282824696598385,0.34112890997152656,False,False,False,False,-16368.0,-19149.515023201133,False,False,False,False,858.1358440143892,False,False,False,False
2025-05-01 19:00:00+00:00,21.225,21.235,20.585,20.62,300.0,,,,,,,,,,,,,,,,19.417250606569613,18.26269309611957,17.87349438780583,16.39357086620499,,,,18.26269309611957,,,17.986752239175004,"rgba(38, 166, 154, 0.5)",2.0475721241517606,17.315788101699304,1.6137218607962438,68.69374844823614,16.34986174479083,False,False,True,False,False,12.535885097948057,0.0,0.0,0.0,0.0,0,1.007065091498726,0.9085591846189484,False,False,False,False,0.3123985190304698,0.32676371450099817,False,False,False,False,-16668.0,-19111.041922066233,False,False,False,False,849.4825751149413,False,False,False,False
2025-05-02 14:00:00+00:00,21.68,22.08,21.64,21.97,1048.0,,,,,,,,,,,,,,,,19.73444152832031,18.339370318917616,17.946142604430506,16.439516950547844,,,,18.339370318917616,,,18.11486785055407,"rgba(38, 166, 154, 0.75)",2.1099470404522624,17.373393018180742,2.1785414011310844,70.37907607361015,16.34986174479083,True,False,True,False,False,17.47301112342282,0.0,0.0,0.0,0.0,0,1.010580497569345,0.8936231055190165,False,False,False,False,0.3428282473480503,0.33479598092452423,False,False,False,False,-15620.0,-19056.917241103965,False,False,False,False,852.5603646480429,False,False,False,False
2025-05-02 15:00:00+00:00,21.965,22.2,21.87,22.165,600.0,,,,,,,,,,,,,,,,19.89439774795268,18.38399866714411,17.988425027428644,16.46634248320409,,,,18.38399866714411,,,18.183290981432382,"rgba(38, 166, 154, 1.0)",2.1740226695155034,17.40579644580365,2.189123241873542,71.96507606355505,16.34986174479083,True,False,True,False,True,18.135471387195395,0.0,0.0,0.0,0.0,0,1.0130726449171492,0.8941574451006251,False,False,False,False,0.34282824746412593,0.3388121141943251,False,False,False,False,-15020.0,-18994.3293769008,False,False,False,False,848.6447000798562,False,False,False,False
2025-05-02 16:00:00+00:00,22.17,22.365,22.065,22.225,200.0,,,,,,,,,,,,,,,,19.94608670670225,18.399193779556683,18.00280342301613,16.475449354295634,,,,18.399193779556683,,,18.205883315892674,"rgba(38, 166, 154, 1.0)",2.2356787731193237,17.64926840424436,2.0466856199432293,73.17130344472672,16.683381697930983,True,False,True,False,True,18.3403293266059,0.0,0.0,0.0,0.0,0,1.0330836822551157,0.8888954414106268,False,False,False,False,0.34282824757960617,0.34082018088696564,False,False,False,False,-14820.0,-18929.611091987612,False,False,False,False,838.5881931018739,False,False,False,False
2025-05-02 17:00:00+00:00,22.235,22.24,22.055,22.125,200.0,,,,,,,,,,,,,,,,19.993821982883663,18.413959731322862,18.01681902874469,16.48440360833162,,,,18.413959731322862,,,18.227251087820708,"rgba(38, 166, 154, 1.0)",2.2862712610884617,17.657583296844876,1.954018658760662,73.15441122038544,17.067310621522665,True,False,True,False,True,17.771933814684786,0.0,0.0,0.0,0.0,0,1.035606553498551,0.8814692139350565,False,False,False,False,0.33822107340726604,0.33952062714711584,False,False,False,False,-15020.0,-18868.996966530438,False,False,False,False,828.6876009607596,False,False,False,False
2025-05-02 18:00:00+00:00,22.135,22.33,22.07,22.2,2075.0,,,,,,,,,,,,,,,,20.400125292151117,18.562909043222167,18.15885497120042,16.57662864089623,,,,18.562909043222167,,,18.42462948686748,"rgba(38, 166, 154, 1.0)",2.3333753593383366,17.75933430963278,1.9031081615717564,73.38291736351465,17.77297570897055,True,False,True,False,True,18.037398231785044,0.0,0.0,0.0,0.0,0,1.0379588927171202,0.8801235594629918,False,False,False,False,0.3418032258943187,0.34066192652071725,False,False,False,False,-12945.0,-18777.15205232066,False,False,False,False,848.0102738140811,False,False,False,False
2025-05-02 19:00:00+00:00,22.18,22.195,21.855,21.94,1256.0,,,,,,,,,,,,,,,,20.56025113790625,18.64277718105891,18.236142867068583,16.629053827533184,,,,18.64277718105891,,,18.517056253391733,"rgba(38, 166, 154, 1.0)",2.368698530782141,17.808550257785544,1.7441855468413103,71.20922953239749,17.77297570897055,True,False,True,False,True,16.535390074991295,0.0,0.0,0.0,0.0,0,1.0345585179027375,0.878748292856719,False,False,False,False,0.32989495924901147,0.33527844288486436,False,False,False,False,-14201.0,-18706.203958486232,False,False,False,False,854.3356959254907,False,False,False,False
2025-05-05 14:00:00+00:00,21.79,21.81,21.41,21.62,100.0,,,,,,,,,,,,,,,,20.56859370461327,18.648268144204764,18.241549139826255,16.632889275353396,,,,18.648268144204764,,,18.52282506599942,"rgba(38, 166, 154, 0.5)",2.387384746522368,17.811455303851695,1.5952789770044815,67.18125636422218,22.469740697507646,False,False,True,False,False,14.716372092960043,0.0,0.0,0.0,0.0,0,1.0311166429587482,0.8803935514461831,False,False,False,False,0.30200589035577713,0.31864216662032074,False,False,False,False,-14301.0,-18637.906222695747,False,False,False,False,842.6405688568784,False,False,False,False
2025-05-05 15:00:00+00:00,21.61,21.66,21.45,21.465,100.0,,,,,,,,,,,,,,,,20.576110849118393,18.653575865483376,18.24679695158334,16.63665090386227,,,,18.653575865483376,,,18.528283642511845,"rgba(38, 166, 154, 0.5)",2.394238862296214,17.81415764148731,1.5248446660878776,63.32697929928135,18.783562068881707,False,True,True,False,False,13.843741489752205,0.0,0.0,0.0,0.0,0,1.036308352709712,0.8808799856912896,False,False,False,False,0.2983445818660787,0.3084933742431997,False,False,False,False,-14401.0,-18572.21775412682,False,False,False,False,831.1267615877795,False,False,False,False
2025-05-05 16:00:00+00:00,21.46,21.645,21.455,21.57,500.0,,,,,,,,,,,,,,,,20.613188509919585,18.68011282960688,18.273037435783596,16.655493886263304,,,,18.68011282960688,,,18.55545816539334,"rgba(38, 166, 154, 0.5)",2.417294575152727,17.828363736921766,1.5478611094975194,61.397254128170125,16.93612910333914,False,True,True,False,False,14.252174652161962,0.0,0.0,0.0,0.0,0,1.053271142751933,0.8690315453541181,False,False,False,False,0.29776594223757374,0.30312965824038673,False,False,False,False,-13901.0,-18499.795773442685,False,False,False,False,825.9930133461085,False,False,False,False
2025-05-05 17:00:00+00:00,21.57,21.715,21.54,21.69,0.0,,,,,,,,,,,,,,,,20.613188509919585,18.68011282960688,18.273037435783596,16.655493886263304,,,,18.68011282960688,,,18.55545816539334,"rgba(38, 166, 154, 0.5)",2.4313202730759285,17.828363736921766,1.5882877734543692,60.856330981018864,16.28041028346017,False,True,True,False,False,14.721644126221204,0.0,0.0,0.0,0.0,0,1.0488377843719088,0.8667161226508407,False,False,False,False,0.30295435075955107,0.3030420044999689,False,False,False,False,-13901.0,-18428.496614164505,False,False,False,False,813.1869201159362,False,False,False,False
2025-05-05 18:00:00+00:00,21.69,21.84,21.63,21.63,0.0,,,,,,,,,,,,,,,,20.613188509919585,18.68011282960688,18.273037435783596,16.655493886263304,,,,18.68011282960688,,,18.55545816539334,"rgba(38, 166, 154, 0.5)",2.4403445665732,17.828363736921766,1.5578276589099043,59.922341915532215,15.14938772187881,False,True,True,False,False,14.369266160917974,0.0,0.0,0.0,0.0,0,1.0509874549745373,0.8614457831325301,False,False,False,False,0.30918057861860737,0.3061112915592881,False,False,False,False,-13901.0,-18358.302868208466,False,False,False,False,800.5793709668519,False,False,False,False
2025-05-05 19:00:00+00:00,21.635,21.645,21.295,21.3,7.0,,,,,,,,,,,,,,,,20.613611866969006,18.68046256352137,18.273385942660852,16.655748978758172,,,,18.68046256352137,,,18.55580233797735,"rgba(38, 166, 154, 0.5)",2.4467117057738754,17.828541631640093,1.41882607589925,56.37481796389382,11.621432895649761,False,True,True,False,False,12.441884845668731,0.0,0.0,0.0,0.0,0,1.0483049248380403,0.8711239700610101,False,False,False,False,0.2877564437064359,0.296933867632862,False,False,False,False,-13908.0,-18289.305924515313,False,False,False,False,788.2758148278309,False,False,False,False
2025-05-06 14:00:00+00:00,20.59,21.09,20.55,21.03,1400.0,,,,,,,,,,,,,,,20.89,20.640060492139437,18.73559663850569,18.330202688380506,16.70067131453976,,,,18.73559663850569,,,19.05930622671308,#000000,2.445280479131455,18.013357610485823,1.2336590486281014,52.00361304888156,7.490008115130486,False,True,False,False,False,10.895304016995443,0.0,0.0,0.0,0.0,0,1.0282096288866602,0.8779463390170511,False,False,False,False,0.24043543589752123,0.26868465176519163,False,False,False,False,-15308.0,-18243.084127236005,False,False,False,False,797.759910721973,False,False,False,False
2025-05-06 15:00:00+00:00,21.02,21.35,20.99,21.205,100.0,,,,,,,,,,,,,,,20.909444444444446,20.643737384023535,18.739948611654754,18.334618428184278,16.70406446564693,,,,18.739948611654754,,,19.066362666790788,#000000,2.442439027981075,18.016601099624285,1.305415964881322,50.63601536490707,6.193173682978987,False,True,False,False,False,11.636512520763443,0.0,0.0,0.0,0.0,0,1.0376868507727388,0.8785786673422853,False,False,False,False,0.26360733252706364,0.26614599214612766,False,False,False,False,-15208.0,-18196.02855937188,False,False,False,False,786.9419276100044,False,False,False,False
2025-05-06 16:00:00+00:00,21.205,21.53,21.03,21.03,402.0,,,,,,,,,,,,,,,20.970150718541888,20.658426623491057,18.75739492062371,18.352325361281682,16.71769876140579,,,,18.75739492062371,,,19.091199277068824,"rgba(239, 83, 80, 1.0)",2.434075888798902,18.02895971663808,1.232927986005723,48.37917800073518,3.98502220366813,False,True,False,True,False,10.626256539502009,0.0,0.0,0.0,0.0,0,1.0381536475145257,0.8851517107811492,False,False,False,False,0.2717802030732585,0.26896309760969306,False,False,False,False,-15610.0,-18155.935093335105,False,False,False,False,780.973835709074,False,False,False,False
2025-05-06 17:00:00+00:00,21.04,21.24,21.04,21.09,0.0,,,,,,,,,,,,,,,20.970150718541888,20.658426623491057,18.75739492062371,18.352325361281682,16.71769876140579,,,,18.75739492062371,,,19.091199277068824,"rgba(239, 83, 80, 1.0)",2.4243190796592207,18.02895971663808,1.262639191781719,47.463492609564994,2.96783054980871,False,True,False,True,False,10.887808642266421,0.0,0.0,0.0,0.0,0,1.0342957930493857,0.8803893389077606,False,False,False,False,0.26138437164512107,0.26517373462740707,False,False,False,False,-15610.0,-18116.463231422935,False,False,False,False,768.8657142252124,False,False,False,False
2025-05-06 18:00:00+00:00,21.09,21.32,21.075,21.245,455.0,,,,,,,,,,,,,,,21.017095177485505,20.674624901092788,18.77697769716513,18.372220192973874,16.73308816780397,,,,18.77697769716513,,,19.114801227304252,#000000,2.414369753435881,18.04210180484294,1.3265980451416062,48.37168673427155,2.96783054980871,False,True,False,False,False,11.567196420122144,0.0,0.0,0.0,0.0,0,1.033786892789062,0.874515217248406,False,False,False,False,0.2634896659960267,0.2643317003117169,False,False,False,False,-15155.0,-18070.54907279622,False,False,False,False,763.9995791209456,False,False,False,False
2025-05-06 19:00:00+00:00,21.25,21.555,21.135,21.14,500.0,,,,,,,,,,,,,,,21.062522459456307,20.693336959449656,18.798690333489688,18.39424626888309,16.75011590227133,,,,18.798690333489688,,,19.139782384710013,"rgba(239, 83, 80, 1.0)",2.400675650015284,18.05686725557187,1.2842770927461615,47.97290210338345,2.96783054980871,False,True,False,True,False,10.93770130208156,0.0,0.0,0.0,0.0,0,1.0325504465762492,0.8753556070129012,False,False,False,False,0.27280764785602396,0.26856967408387045,False,False,False,False,-15655.0,-18033.098699574573,False,False,False,False,759.9065623903882,False,False,False,False
2025-05-07 14:00:00+00:00,21.32,21.485,21.23,21.39,100.0,,,,,,,,,,,,,,,21.07286438958404,20.69750695002162,18.803146645162414,18.39875027764316,16.753574800712023,,,,18.803146645162414,,,19.14516861262465,#000000,2.3879033228501965,18.06004613285176,1.394509499309886,50.146123936472364,2.96783054980871,False,True,False,False,True,12.049843858147376,0.0,0.0,0.0,0.0,0,1.0272908366533866,0.8762284196547145,False,False,False,False,0.2737751629921075,0.271172418537989,False,False,False,False,-15555.0,-17994.67856469745,False,False,False,False,749.6754528959635,False,False,False,False
2025-05-07 15:00:00+00:00,21.39,21.64,21.25,21.54,0.0,,,,,,,,,,,,,,,21.07286438958404,20.69750695002162,18.803146645162414,18.39875027764316,16.753574800712023,,,,18.803146645162414,,,19.14516861262465,"rgba(38, 166, 154, 0.5)",2.3746449198764905,18.06004613285176,1.465462831103708,52.89198658415535,2.96783054980871,False,True,True,False,True,12.711890015499257,0.0,0.0,0.0,0.0,0,1.0273616936289196,0.8736435656747222,False,False,False,False,0.2786479487997209,0.27491018366885495,False,False,False,False,-15555.0,-17956.85409082617,False,False,False,False,738.0525776572664,False,False,False,False
2025-05-07 16:00:00+00:00,21.53,21.85,21.48,21.81,30.0,,,,,,,,,,,,,,,21.07929695346502,20.699386138003327,18.804659924080912,18.400255492315296,16.754688960940097,,,,18.804659924080912,,,19.14765749376093,"rgba(38, 166, 154, 0.5)",2.3626264835772552,18.06134977177289,1.5866453094825528,56.769991081388554,1.7836481430510176,False,True,True,False,True,13.892302534336899,0.0,0.0,0.0,0.0,0,1.0268359643102267,0.8805078929306794,False,False,False,False,0.29673707488938605,0.28582362927912053,False,False,False,False,-15525.0,-17919.150926627313,False,False,False,False,727.0750183137429,False,False,False,False
2025-05-07 17:00:00+00:00,21.805,21.95,21.43,21.46,550.0,,,,,,,,,,,,,,,21.16233908208463,20.72936591717858,18.83118277446789,18.42678513881382,16.774616732663674,,,,18.83118277446789,,,19.18485792904172,"rgba(38, 166, 154, 0.5)",2.3170199192726053,18.08238714846393,1.457740101171173,55.545766114071554,1.7836481430510176,False,True,True,False,True,11.718507205285885,0.0,0.0,0.0,0.0,0,1.0282637030939152,0.8735679495095013,False,False,False,False,0.2988044425215196,0.29231403590032007,False,False,False,False,-16075.0,-17890.55943939278,False,False,False,False,724.3296691925996,False,False,False,False
2025-05-07 18:00:00+00:00,21.46,21.7,21.05,21.66,200.0,,,,,,,,,,,,,,,21.178804745339402,20.738096206361362,18.840213170667717,18.43589492406553,16.78160926900825,,,,18.840213170667717,,,19.194923663088453,"rgba(38, 166, 154, 0.5)",2.2576425717951247,18.0888008553317,1.5818266315862048,56.32777995290615,1.7836481430510176,False,True,True,False,True,12.60815518793757,0.0,0.0,0.0,0.0,0,1.0310994908490436,0.873881932021467,False,False,False,False,0.27292991729143373,0.2826219765958769,False,False,False,False,-15875.0,-17859.3104558363,False,False,False,False,716.2005270345747,False,False,False,False
2025-05-07 19:00:00+00:00,21.66,22.45,21.27,22.24,1016.0,,,,,,,,,,,,,,,21.351493092082197,20.808637694859954,18.89397789513222,18.489082163708197,16.82069153247163,,,,18.89397789513222,,,19.272776475650836,"rgba(38, 166, 154, 0.5)",2.201912763898593,18.133895030239366,1.8647900303237153,60.359451449868125,5.294680503073053,False,False,True,False,True,15.100105962497459,0.0,0.0,0.0,0.0,0,1.0368852459016393,0.8586065573770494,False,False,False,False,0.3129295614240254,0.2977757690099512,False,False,False,False,-14859.0,-17812.794014660543,False,False,False,False,720.8485808789999,False,False,False,False
2025-05-08 14:00:00+00:00,22.37,22.64,21.98,22.02,1000.0,,,,,,,,,,,,,,,21.501300191204592,20.882635252594422,18.948880480987114,18.54319170008329,16.86025226256239,,,,18.948880480987114,,,19.347251977486366,"rgba(38, 166, 154, 0.5)",2.129672651747992,18.179349957032283,1.803399240637001,60.84789888476014,5.845728378804104,False,False,True,False,True,13.728456398522113,0.0,0.0,0.0,0.0,0,1.0505575699527947,0.8535951289594309,False,False,False,False,0.3428282460036097,0.32030200750678045,False,False,False,False,-15859.0,-17782.502634588287,False,False,False,False,725.17650985762,False,False,False,False
2025-05-08 15:00:00+00:00,22.02,22.84,21.94,22.84,1050.0,,,,,,,,,,,,,,,21.66161693370572,20.969503569110962,19.01018330650799,18.603248494996034,16.90366813964945,,,,19.01018330650799,,,19.42964408879403,"rgba(38, 166, 154, 1.0)",2.065981929575632,18.23062010517172,2.2310843230729906,64.83740557794556,9.676435505046207,True,False,True,False,True,17.081945718133497,0.0,0.0,0.0,0.0,0,1.0613501128513783,0.8409821489638192,False,False,False,False,0.34282824551860586,0.33156512651269315,False,False,False,False,-14809.0,-17736.40181854816,False,False,False,False,730.2125329606026,False,False,False,False
2025-05-08 16:00:00+00:00,22.84,23.25,22.84,23.23,0.0,,,,,,,,,,,,,,,21.66161693370572,20.969503569110962,19.01018330650799,18.603248494996034,16.90366813964945,,,,19.01018330650799,,,19.42964408879403,"rgba(38, 166, 154, 1.0)",2.028188787257358,18.23062010517172,2.464948000027527,68.70667630864217,13.263586242745404,True,False,True,False,True,18.580565677263895,0.0,0.0,0.0,0.0,0,1.0662205973649723,0.8467269090156585,False,False,False,False,0.34282824616753654,0.33719668634011485,False,False,False,False,-14809.0,-17691.015743841985,False,False,False,False,718.8914084185777,False,False,False,False
2025-05-08 17:00:00+00:00,23.23,23.34,23.125,23.14,524.0,,,,,,,,,,,,,,,21.77175560711524,21.02640163123672,19.04558925625608,18.637474385197383,16.927601876899207,,,,19.04558925625608,,,19.481764551340923,"rgba(38, 166, 154, 1.0)",1.9934599081509314,18.261943489620574,2.447030156179139,70.43265881587584,14.854137306373232,True,False,True,False,True,18.013834734559293,0.0,0.0,0.0,0.0,0,1.070602092427077,0.8404351139749187,False,False,False,False,0.3428282463362272,0.34001246633817106,False,False,False,False,-15333.0,-17654.457360216526,False,False,False,False,715.8698361950338,False,False,False,False
2025-05-08 18:00:00+00:00,23.135,23.515,23.085,23.43,305.0,,,,,,,,,,,,,,,21.834561058700213,21.06027490173521,19.066616750617598,18.657773464202027,16.941761872370815,,,,19.066616750617598,,,19.512197609525174,"rgba(38, 166, 154, 1.0)",1.960724509869583,18.2804284204596,2.626361609506744,72.52586350198362,16.874486260342607,True,False,True,False,True,19.12640459437101,0.0,0.0,0.0,0.0,0,1.0682987898177774,0.8417721518987343,False,False,False,False,0.3428282463952791,0.3414203563667251,False,False,False,False,-15028.0,-17613.737091065883,False,False,False,False,709.4997612152658,False,False,False,False
2025-05-08 19:00:00+00:00,23.43,23.505,22.77,22.77,100.0,,,,,,,,,,,,,,,21.84982798758407,21.069599990458922,19.072940436913417,18.663927130556765,16.94615347718355,,,,19.072940436913417,,,19.52048980453934,"rgba(38, 166, 154, 0.75)",1.9129176621019768,18.285716172888463,2.3442116281074314,68.37118115774217,16.874486260342607,True,False,True,False,False,15.043852033218965,0.0,0.0,0.0,0.0,0,1.0576453697056714,0.8777458722182343,False,False,False,False,0.3298506421030333,0.3356354992348792,False,False,False,False,-15128.0,-17575.198531514474,False,False,False,False,700.0501525142539,False,False,False,False
2025-05-09 14:00:00+00:00,22.96,23.06,22.52,22.87,100.0,,,,,,,,,,,,,,,21.862172710248554,21.077894865951315,19.078926759197074,18.669783730802312,16.950395422664126,,,,19.078926759197074,,,19.527834697772676,"rgba(38, 166, 154, 0.75)",1.8464621638479983,18.290562183749106,2.480114624557168,66.0763554178501,22.108825445138024,True,False,True,False,False,15.443227568441198,0.0,0.0,0.0,0.0,0,1.0140376266280753,0.8963820549927641,False,False,False,False,0.3024484726416043,0.31904198593824173,False,False,False,False,-15028.0,-17535.707081413475,False,False,False,False,690.747049374498,False,False,False,False
2025-05-09 15:00:00+00:00,22.87,22.96,22.715,22.86,0.0,,,,,,,,,,,,,,,21.862172710248554,21.077894865951315,19.078926759197074,18.669783730802312,16.950395422664126,,,,19.078926759197074,,,19.527834697772676,"rgba(38, 166, 154, 0.75)",1.7823417559870058,18.290562183749106,2.563727074732915,64.46453741328813,20.509723702225415,True,False,True,False,False,15.381794441891639,0.0,0.0,0.0,0.0,0,1.017323995576852,0.9021009952082564,False,False,False,False,0.30616735395733935,0.31260466994779057,False,False,False,False,-15028.0,-17496.827901856675,False,False,False,False,680.0377927950484,False,False,False,False
2025-05-09 16:00:00+00:00,22.86,22.87,22.515,22.64,13.0,,,,,,,,,,,,,,,21.86351965158275,21.078880031633055,19.079674132574485,18.670517907501402,16.950933118986555,,,,19.079674132574485,,,19.52870496845565,"rgba(38, 166, 154, 0.5)",1.7094540959926399,18.291152375302786,2.5439978966922423,61.55207495165004,17.654838442649236,False,False,True,False,False,14.024319461081845,0.0,0.0,0.0,0.0,0,1.0451225079896516,0.8965149901080506,False,False,False,False,0.2948402217631083,0.30372244585544944,False,False,False,False,-15041.0,-17458.7530506651,False,False,False,False,669.6961215889236,False,False,False,False
2025-05-09 17:00:00+00:00,22.64,22.88,22.575,22.88,306.0,,,,,,,,,,,,,,,21.89786304338936,21.103202220039595,19.097679918969508,18.68816583831746,16.96378851232659,,,,19.097679918969508,,,19.5501399066085,"rgba(38, 166, 154, 0.5)",1.6930335719280294,18.30553834265756,2.7019320426901134,61.07883846855354,17.021664477542046,False,False,True,False,False,15.027014868619169,0.0,0.0,0.0,0.0,0,1.0561417019638044,0.891259145167501,False,False,False,False,0.2975675309536203,0.3006449884045349,False,False,False,False,-14735.0,-17416.52432119742,False,False,False,False,664.0574220294053,False,False,False,False
2025-05-09 18:00:00+00:00,22.88,22.915,22.71,22.89,0.0,,,,,,,,,,,,,,,21.89786304338936,21.103202220039595,19.097679918969508,18.68816583831746,16.96378851232659,,,,19.097679918969508,,,19.5501399066085,"rgba(38, 166, 154, 0.5)",1.6667908908659117,18.30553834265756,2.750471989297215,60.82504238091368,16.453174969819784,False,False,True,False,False,15.068916138427998,0.0,0.0,0.0,0.0,0,1.0657393736887093,0.8780013987100785,False,False,False,False,0.30420903014113626,0.3024270092728356,False,False,False,False,-14735.0,-17374.950300713735,False,False,False,False,653.7619581219726,False,False,False,False
2025-05-09 19:00:00+00:00,22.9,22.98,22.78,22.84,765.0,,,,,,,,,,,,,,,21.98098717661134,21.16411842620187,19.142998753051877,18.732567959883866,16.996164704560883,,,,19.142998753051877,,,19.603367404061967,"rgba(38, 166, 154, 0.5)",1.6413022790366423,18.34163970812035,2.740726281401345,60.14416466984227,15.413855937446542,False,True,True,False,False,14.748993455348366,0.0,0.0,0.0,0.0,0,1.0648272590718637,0.886157008459167,False,False,False,False,0.3095017478403119,0.30596437855657377,False,False,False,False,-15500.0,-17345.881303803446,False,False,False,False,655.4865789262831,False,False,False,False
2025-05-12 14:00:00+00:00,25.18,25.22,24.57,24.88,1000.0,,,,,,,,,,,,,,,22.274352729595268,21.325091448486415,19.231931334014213,18.816926744393136,17.052358184553473,,,,19.231931334014213,,,19.7401320882085,"rgba(38, 166, 154, 1.0)",1.66244796165923,18.42295032677859,3.8840612290665977,67.09254336023226,11.568204319926338,True,False,True,False,True,20.0,0.0,0.0,0.0,0.0,0,1.0518958992972431,0.8824619661749943,False,False,False,False,0.34282824757645025,0.324396313066512,False,False,False,False,-14500.0,-17301.759113046806,False,False,False,False,660.8278722762632,False,False,False,False
2025-05-12 15:00:00+00:00,24.89,25.03,24.72,24.905,1480.0,,,,,,,,,,,,,,,22.61339782964783,21.53903868540025,19.358501507770818,18.937520645620435,17.134019473170092,,,,19.358501507770818,,,19.916495628321883,"rgba(38, 166, 154, 1.0)",1.6741289250405298,18.53311345958405,3.8060907049089363,71.7715187842208,15.837281188599206,True,False,True,False,True,20.0,0.0,0.0,0.0,0.0,0,1.067639673571877,0.8781387319522914,False,False,False,False,0.3414610750828841,0.33292869407469805,False,False,False,False,-13020.0,-17235.375250829027,False,False,False,False,673.5282153417475,False,False,False,False
2025-05-12 16:00:00+00:00,24.865,25.3,24.865,25.25,392.0,,,,,,,,,,,,,,,22.69736243072051,21.595435020118845,19.392575169689493,18.969989536442114,17.15606186950291,,,,19.392575169689493,,,19.962284805294775,"rgba(38, 166, 154, 1.0)",1.6814878975327925,18.562275005038238,3.9772662085611814,75.53690680428154,19.20116483507671,True,False,True,False,True,20.0,0.0,0.0,0.0,0.0,0,1.0589639532107904,0.8878013845786584,False,False,False,False,0.34282824769283793,0.337878470883768,False,False,False,False,-12628.0,-17163.94307639757,False,False,False,False,669.1634368093172,False,False,False,False
2025-05-12 17:00:00+00:00,25.25,25.44,25.175,25.23,150.0,,,,,,,,,,,,,,,22.729834003462337,21.617404773257043,19.405830132244958,18.982610703033686,17.164615257758005,,,,19.405830132244958,,,19.980058973951206,"rgba(38, 166, 154, 1.0)",1.7218593108863995,18.573609678532627,3.8658154469314434,77.8629219465646,21.29104534280637,True,False,True,False,True,20.0,0.0,0.0,0.0,0.0,0,1.0611706380937154,0.8800575723652648,False,False,False,False,0.3428282478273787,0.3403533593555733,False,False,False,False,-12778.0,-17095.94395893404,False,False,False,False,661.1143912773898,False,False,False,False
2025-05-12 18:00:00+00:00,25.25,25.54,25.235,25.515,73.0,,,,,,,,,,,,,,,22.746244969888718,21.628431256025248,19.41242162167563,18.988878974331644,17.16884734623451,,,,19.41242162167563,,,19.98896483363115,"rgba(38, 166, 154, 1.0)",1.7677117926804928,18.5792669775781,3.9235655105885843,79.97539078891086,23.304016198954173,True,False,True,False,True,20.0,0.0,0.0,0.0,0.0,0,1.0585491394563298,0.8831429950136723,False,False,False,False,0.3428282478739269,0.34159080361475014,False,False,False,False,-12705.0,-17027.86730840793,False,False,False,False,651.9963386994457,False,False,False,False
2025-05-12 19:00:00+00:00,25.52,25.84,25.36,25.8,394.0,,,,,,,,,,,,,,,22.839001612253128,21.690497366881214,19.44913948533027,19.023736530648286,17.19226665034566,,,,19.44913948533027,,,20.03892832909171,"rgba(38, 166, 154, 1.0)",1.8266661479909005,18.6108906651908,3.935644913941336,81.89892945608784,25.238377271844698,True,False,True,False,True,20.0,0.0,0.0,0.0,0.0,0,1.0568548387096774,0.8815322580645163,False,False,False,False,0.3428282479944351,0.34220952580459263,False,False,False,False,-12311.0,-16954.73758269618,False,False,False,False,647.9963954637954,False,False,False,False
2025-05-13 14:00:00+00:00,26.98,27.93,26.98,27.93,100.0,,,,,,,,,,,,,,,22.87718099426896,21.713512078233272,19.46128659495221,19.035101437770123,17.199550798588056,,,,19.46128659495221,,,20.057326380762525,"rgba(38, 166, 154, 1.0)",1.9626963481279145,18.62191632355752,4.742498087042777,85.32563999738213,28.595765186035962,True,False,True,False,True,20.0,0.0,0.0,0.0,0.0,0,1.0587589236683141,0.868674982348788,False,False,False,False,0.34282824888397045,0.34251888734428154,False,False,False,False,-12211.0,-16881.19126358461,False,False,False,False,639.5003273170698,False,False,False,False
2025-05-13 15:00:00+00:00,27.93,28.25,27.855,28.11,0.0,,,,,,,,,,,,,,,22.87718099426896,21.713512078233272,19.46128659495221,19.035101437770123,17.199550798588056,,,,19.46128659495221,,,20.057326380762525,"rgba(38, 166, 154, 1.0)",2.090738741805437,18.62191632355752,4.538148878539046,87.71736886135015,30.97314967471509,True,False,True,False,True,20.0,0.0,0.0,0.0,0.0,0,1.0693723454459652,0.869513921661161,False,False,False,False,0.34282824912025456,0.342673568232268,False,False,False,False,-12211.0,-16808.78519748252,False,False,False,False,629.585593560216,False,False,False,False
2025-05-13 16:00:00+00:00,28.12,28.95,28.02,28.69,200.0,,,,,,,,,,,,,,,22.966534041715864,21.76625795257374,19.4882615596861,19.060222134248253,17.21540084226201,,,,19.4882615596861,,,20.099335306097196,"rgba(38, 166, 154, 1.0)",2.228668293030628,19.179681108654837,4.2672653086532994,89.63627544573966,32.96075396794615,True,False,True,False,True,20.0,0.0,0.0,0.0,0.0,0,1.0726348709929632,0.8584050039093043,False,False,False,False,0.34282824927907196,0.34275090875567,False,False,False,False,-12011.0,-16734.400930854885,False,False,False,False,622.9253517995925,False,True,False,False
2025-05-13 17:00:00+00:00,28.64,28.655,27.98,28.0,300.0,,,,,,,,,,,,,,,23.087529027297197,21.83996188298075,19.526911432411275,19.09630827199438,17.238379143013038,,,,19.526911432411275,,,20.157817951539325,"rgba(38, 166, 154, 0.75)",2.32595975153601,19.20371298178235,3.78178814676771,86.30444869112598,32.96075396794615,True,False,True,False,False,20.0,0.0,0.0,0.0,0.0,0,1.083064833005894,0.8581532416502948,False,False,False,False,0.33424905635709035,0.33849998255638014,False,False,False,False,-12311.0,-16665.821071461785,False,False,False,False,617.9187571980484,False,False,False,False
2025-05-13 18:00:00+00:00,28.0,28.46,27.87,28.44,150.0,,,,,,,,,,,,,,,23.14647016343596,21.876441159749856,19.546207689247133,19.11433337706064,17.24987928655093,,,,19.546207689247133,,,20.186666335208905,"rgba(38, 166, 154, 0.75)",2.4299800966818554,19.219658938801498,3.7944101162758104,84.73457307336648,32.96075396794615,True,False,True,False,False,20.0,0.0,0.0,0.0,0.0,0,1.080614805520703,0.8529642409033878,False,False,False,False,0.32647923141343244,0.33248960698490626,False,False,False,False,-12161.0,-16595.97888430734,False,False,False,False,610.6642028228849,False,False,False,False
2025-05-13 19:00:00+00:00,28.44,28.515,28.23,28.31,125.0,,,,,,,,,,,,,,,23.195464859437752,21.906973154784357,19.56239752792241,19.129455722174917,17.25952697441602,,,,19.56239752792241,,,20.210763647747093,"rgba(38, 166, 154, 0.75)",2.52717550023909,19.234087654955765,3.5913265003501276,82.84714438628708,39.310949540706304,True,False,True,False,False,20.0,0.0,0.0,0.0,0.0,0,1.0844074190506132,0.8533480037723987,False,False,False,False,0.3370608208374104,0.33477521391115833,False,False,False,False,-12286.0,-16529.157506256062,False,False,False,False,603.1345252597395,False,False,False,False
2025-05-14 14:00:00+00:00,27.94,28.385,27.68,28.3,200.0,,,,,,,,,,,,,,,23.268553907022753,21.95350773742668,19.587503177582878,19.1529478806087,17.274609090067578,,,,19.587503177582878,,,20.247424358541718,"rgba(38, 166, 154, 0.75)",2.6140239423484353,19.253788040328736,3.4606461758510756,81.51853089057857,37.768840082251614,True,False,True,False,False,20.0,0.0,0.0,0.0,0.0,0,1.0697892271662763,0.8594847775175645,False,False,False,False,0.31975920546996367,0.327267209690561,False,False,False,False,-12486.0,-16466.472893755967,False,False,False,False,596.8843775812938,False,False,False,False
2025-05-14 15:00:00+00:00,28.41,28.54,28.19,28.34,50.0,,,,,,,,,,,,,,,23.287356984478937,21.965471786248134,19.593928791253877,19.15895513782824,17.27845462326787,,,,19.593928791253877,,,20.256833464615415,"rgba(38, 166, 154, 0.75)",2.6958175513691485,19.259554338680626,3.3683457757397597,80.71638914519505,36.66026272758198,True,False,True,False,False,20.0,0.0,0.0,0.0,0.0,0,1.079874951152794,0.8572098475967176,False,False,False,False,0.3366770967002622,0.3319721531954116,False,False,False,False,-12436.0,-16403.98494191479,False,False,False,False,588.405550021894,False,False,False,False
2025-05-14 16:00:00+00:00,28.34,28.46,28.245,28.37,0.0,,,,,,,,,,,,,,,23.287356984478937,21.965471786248134,19.593928791253877,19.15895513782824,17.27845462326787,,,,19.593928791253877,,,20.256833464615415,"rgba(38, 166, 154, 0.75)",2.7716974374351118,19.259554338680626,3.286955328627084,80.25063822798899,35.80721316885793,True,False,True,False,False,20.0,0.0,0.0,0.0,0.0,0,1.0801860758495625,0.8663565402507294,False,False,False,False,0.3360377687093162,0.33400496095236387,False,False,False,False,-12436.0,-16342.465795528515,False,False,False,False,579.2829833548878,False,False,False,False
2025-05-14 17:00:00+00:00,28.36,28.43,27.98,28.04,56.0,,,,,,,,,,,,,,,23.307400264978657,21.978386970465394,19.600944839805532,19.16552299517789,17.28267816426864,,,,19.600944839805532,,,20.266986646939223,"rgba(38, 166, 154, 0.75)",2.8252904052280274,19.265264509544203,3.105781789446736,77.05148197542471,32.45783841334381,True,False,True,False,False,20.0,0.0,0.0,0.0,0.0,0,1.0736949846468784,0.8650499960633021,False,False,False,False,0.328513503098504,0.33125923202543395,False,False,False,False,-12492.0,-16282.768651411792,False,False,False,False,571.1700688842694,False,False,False,False
2025-05-14 18:00:00+00:00,28.03,28.25,27.905,28.0,100.0,,,,,,,,,,,,,,,23.342065370938677,22.000950797542973,19.613301141459033,19.177099373379697,17.290143874584626,,,,19.613301141459033,,,20.284712111581,"rgba(38, 166, 154, 0.75)",2.868363236700912,19.27493392937971,3.0418274641727545,74.5729903639629,29.914801863623524,True,False,True,False,False,20.0,0.0,0.0,0.0,0.0,0,1.0755148741418763,0.8667245324706069,False,False,False,False,0.32203831988019815,0.32664877595281605,False,False,False,False,-12592.0,-16225.547432010058,False,False,False,False,563.8651065759861,False,False,False,False
2025-05-14 19:00:00+00:00,28.02,28.285,27.86,28.21,0.0,,,,,,,,,,,,,,,23.342065370938677,22.000950797542973,19.613301141459033,19.177099373379697,17.290143874584626,,,,19.613301141459033,,,20.284712111581,"rgba(38, 166, 154, 0.75)",2.909407207198224,19.27493392937971,3.071095049367397,73.72871630118597,28.899973986652427,True,False,True,False,False,20.0,0.0,0.0,0.0,0.0,0,1.0758267716535432,0.8622047244094488,False,False,False,False,0.32178492554926214,0.3242168507510391,False,False,False,False,-12592.0,-16169.213363296723,False,False,False,False,555.1230119003894,False,False,False,False
2025-05-15 14:00:00+00:00,27.66,27.845,27.41,27.845,34.0,,,,,,,,,,,,,,,23.352864917395532,22.008140692640694,19.617319318192884,19.18087277817565,17.292596987339433,,,,19.617319318192884,,,20.29035893874884,"rgba(38, 166, 154, 0.5)",2.9406126790054485,19.277572780386695,2.9134837378552394,69.92518880055164,25.160794487578613,False,False,True,False,False,20.0,0.0,0.0,0.0,0.0,0,1.0638380997030787,0.863884982028442,False,False,False,False,0.29938797164997977,0.31180241120050944,False,False,False,False,-12626.0,-16114.279822780494,False,False,False,False,547.043585359298,False,False,False,False
2025-05-15 15:00:00+00:00,27.955,28.23,27.93,28.21,0.0,,,,,,,,,,,,,,,23.352864917395532,22.008140692640694,19.617319318192884,19.18087277817565,17.292596987339433,,,,19.617319318192884,,,20.29035893874884,"rgba(38, 166, 154, 0.5)",2.9816250436465976,19.277572780386695,2.9958251251769528,69.04512394902162,24.200494614719233,False,False,True,False,False,20.0,0.0,0.0,0.0,0.0,0,1.0694411971007718,0.8591691995947317,False,False,False,False,0.3221650320388806,0.316983721619695,False,False,False,False,-12626.0,-16060.197965062967,False,False,False,False,538.5622894622546,False,False,False,False
2025-05-15 16:00:00+00:00,28.21,28.64,28.14,28.63,100.0,,,,,,,,,,,,,,,23.389891944042454,22.0320292667899,19.63023803617118,19.192953052864283,17.300338643394745,,,,19.63023803617118,,,20.30909018865251,"rgba(38, 166, 154, 0.5)",3.029349820230903,19.289612017986936,3.0832979141712724,70.04792727438188,24.200494614719233,False,False,True,False,False,20.0,0.0,0.0,0.0,0.0,0,1.08528414912903,0.8490580909592497,False,False,False,False,0.33795654953753707,0.32747013557861604,False,False,False,False,-12526.0,-16005.404198162767,False,False,False,False,531.7628741217545,False,False,False,False
2025-05-15 17:00:00+00:00,28.63,28.8,28.59,28.66,0.0,,,,,,,,,,,,,,,23.389891944042454,22.0320292667899,19.63023803617118,19.192953052864283,17.300338643394745,,,,19.63023803617118,,,20.30909018865251,"rgba(38, 166, 154, 0.5)",3.0711648566262686,19.289612017986936,3.0510859623167894,70.82431061705813,24.200494614719233,False,False,True,False,False,20.0,0.0,0.0,0.0,0.0,0,1.0895581376966248,0.8449924907121967,False,False,False,False,0.34282824935279915,0.3351491924657076,False,False,False,False,-12526.0,-15951.459947028461,False,False,False,False,523.518488476456,False,False,False,False
2025-05-15 18:00:00+00:00,28.67,28.67,28.27,28.28,0.0,,,,,,,,,,,,,,,23.389891944042454,22.0320292667899,19.63023803617118,19.192953052864283,17.300338643394745,,,,19.63023803617118,,,20.30909018865251,"rgba(38, 166, 154, 0.5)",3.0969603115265847,19.289612017986936,2.9029716488621813,67.92538452210863,22.65672356003094,False,False,True,False,False,20.0,0.0,0.0,0.0,0.0,0,1.0878426415988625,0.8432735603128209,False,False,False,False,0.33147958160902946,0.33331438703736854,False,False,False,False,-12526.0,-15898.352040872982,False,False,False,False,515.4019227636427,False,False,False,False
2025-05-15 19:00:00+00:00,28.28,28.365,27.925,28.32,38.0,,,,,,,,,,,,,,,23.40309087410401,22.04068658938768,19.634989474554178,19.1974036066014,17.30320749491061,,,,19.634989474554178,,,20.315875607911572,"rgba(38, 166, 154, 0.5)",3.117164760506543,19.814237204596726,2.728685664347456,66.20098216498769,20.887476335968074,False,True,True,False,False,20.0,0.0,0.0,0.0,0.0,0,1.0903681370993337,0.8454458901935894,False,False,False,False,0.31523049470265785,0.32427244087001317,False,False,False,False,-12488.0,-15845.478365820687,False,False,False,False,508.00034256575674,False,False,False,False
2025-05-16 14:00:00+00:00,27.22,27.45,26.81,27.18,200.0,,,,,,,,,,,,,,27.146666666666665,23.456349883814674,22.07810948646536,19.656837177399016,19.218015440861873,17.316820543316418,,,,19.656837177399016,,,21.47879986642067,"rgba(38, 166, 154, 0.5)",3.1169233458883476,20.25616187054763,2.221369395749135,57.81604672578389,13.1248739590026,False,True,True,False,False,18.89756322484548,0.0,0.0,0.0,0.0,0,1.0790111867323788,0.8406477352734101,False,False,False,False,0.26546339722420353,0.29486791904710835,False,False,False,False,-12688.0,-15796.525212862227,False,False,False,False,503.2251434562101,False,False,False,False
2025-05-16 15:00:00+00:00,27.18,27.69,27.125,27.59,0.0,,,,,,,,,,,,,,27.146666666666665,23.456349883814674,22.07810948646536,19.656837177399016,19.218015440861873,17.316820543316418,,,,19.656837177399016,,,21.47879986642067,"rgba(38, 166, 154, 0.5)",3.1193180748766096,20.25616187054763,2.3511030146364518,54.63869517507814,10.451197633871203,False,True,True,False,False,20.0,0.0,0.0,0.0,0.0,0,1.088258659040356,0.8460438512869399,False,False,False,False,0.2789330309586671,0.28690047500288773,False,False,False,False,-12688.0,-15748.331023515526,False,False,False,False,495.4232032475867,False,False,False,False
2025-05-16 16:00:00+00:00,27.57,27.695,27.16,27.32,0.0,,,,,,,,,,,,,,27.146666666666665,23.456349883814674,22.07810948646536,19.656837177399016,19.218015440861873,17.316820543316418,,,,19.656837177399016,,,21.47879986642067,#000000,3.110077234636637,20.25616187054763,2.27127418277047,51.17861393117237,7.426976560371877,False,True,False,False,False,18.727659818946204,0.0,0.0,0.0,0.0,0,1.0790019132653061,0.8442283163265306,False,False,False,False,0.2799075834190538,0.28340402921097074,False,False,False,False,-12688.0,-15700.884030902882,False,False,False,False,487.74222335227523,False,False,False,False
2025-05-16 17:00:00+00:00,27.31,27.405,27.2,27.265,100.0,,,,,,,,,,,,,,27.194444444444443,23.483427508593493,22.097139318923134,19.667921579732024,19.228466911812294,17.323712000810772,,,,19.667921579732024,,,21.499185294052694,"rgba(239, 83, 80, 1.0)",3.085339931919198,20.264404760201383,2.2689866900481146,48.595308471923246,5.13101765093981,False,True,False,True,False,18.410725013358885,0.0,0.0,0.0,0.0,0,1.081035722848238,0.8421641492847438,False,False,False,False,0.27382504768334226,0.2786145384471565,False,False,False,False,-12788.0,-15655.723038175705,False,False,False,False,481.7307160134802,False,False,False,False
2025-05-16 18:00:00+00:00,27.27,27.36,27.185,27.23,0.0,,,,,,,,,,,,,,27.194444444444443,23.483427508593493,22.097139318923134,19.667921579732024,19.228466911812294,17.323712000810772,,,,19.667921579732024,,,21.499185294052694,"rgba(239, 83, 80, 1.0)",3.06116190771166,20.264404760201383,2.275474296949447,46.6813809277577,3.330956285913068,False,True,False,True,False,18.206068471924702,0.0,0.0,0.0,0.0,0,1.0824352581631012,0.8441370435901561,False,False,False,False,0.27236819184818983,0.27549136514767314,False,False,False,False,-12788.0,-15611.262215878407,False,False,False,False,474.2620227419534,False,False,False,False
2025-05-16 19:00:00+00:00,27.23,27.39,27.145,27.34,100.0,,,,,,,,,,,,,,27.21875,23.510136999111612,22.116036755432678,19.678976253310896,19.23889350816166,17.33059509177036,,,,19.678976253310896,,,21.515564767964534,"rgba(239, 83, 80, 1.0)",3.033171493059034,20.271909096746565,2.33026418698307,46.25753024042008,2.756382007631835,False,True,False,True,False,18.602336075032923,0.0,0.0,0.0,0.0,0,1.079403466344216,0.8429665457476825,False,False,False,False,0.2721254923650185,0.2738084287563458,False,False,False,False,-12688.0,-15565.940321058588,False,False,False,False,468.459510761458,False,False,False,False
2025-05-19 14:00:00+00:00,27.3,27.62,27.265,27.34,34.0,,,,,,,,,,,,,,27.233602150537635,23.519410625991235,22.12257472809631,19.68278503241639,19.24248368167305,17.33296056204494,,,,19.68278503241639,,,21.52230279679326,"rgba(239, 83, 80, 1.0)",3.002729444541546,20.275440780720206,2.3527125402929547,45.97496311552833,2.1456544263368755,False,True,False,True,False,18.602336075032934,0.0,0.0,0.0,0.0,0,1.0802866806248994,0.8387824126268322,False,False,False,False,0.28063883790462885,0.27722363333048733,False,False,False,False,-12688.0,-15521.321091274734,False,False,False,False,461.72370439306326,False,False,False,False
2025-05-19 15:00:00+00:00,27.34,27.575,27.21,27.43,0.0,,,,,,,,,,,,,,27.233602150537635,23.519410625991235,22.12257472809631,19.68278503241639,19.24248368167305,17.33296056204494,,,,19.68278503241639,,,21.52230279679326,"rgba(239, 83, 80, 1.0)",2.9731736357751,20.275440780720206,2.406371135944307,46.59216012408086,2.1456544263368755,False,True,False,True,False,18.935587170318076,0.0,0.0,0.0,0.0,0,1.0819263547194085,0.8367100820067536,False,False,False,False,0.27820245551600015,0.27771304442324374,False,False,False,False,-12688.0,-15477.393632495281,False,False,False,False,454.56519734820955,False,False,False,False
2025-05-19 16:00:00+00:00,27.425,27.81,27.38,27.81,0.0,,,,,,,,,,,,,,27.233602150537635,23.519410625991235,22.12257472809631,19.68278503241639,19.24248368167305,17.33296056204494,,,,19.68278503241639,,,21.52230279679326,#000000,2.951711790723335,20.275440780720206,2.5526066748655714,50.02529718664884,2.1456544263368755,False,True,False,False,True,20.0,0.0,0.0,0.0,0.0,0,1.0819227083998721,0.8320025550942192,False,False,False,False,0.2880900353873128,0.2829015399052783,False,False,False,False,-12688.0,-15434.147219588378,False,False,False,False,447.5176749087024,False,False,False,False
2025-05-19 17:00:00+00:00,27.81,27.96,27.75,27.78,100.0,,,,,,,,,,,,,,27.34528714107366,23.549361914026317,22.14323733497454,19.69457584397039,19.253569068119315,17.340202296852294,,,,19.69457584397039,,,21.554372266502753,"rgba(38, 166, 154, 0.5)",2.95228198499374,20.294457845586656,2.5355105618168845,52.025860975764836,2.1456544263368755,False,True,True,False,True,20.0,0.0,0.0,0.0,0.0,0,1.087537800413815,0.830176667197199,False,False,False,False,0.30086636944741113,0.2918839546763447,False,False,False,False,-12788.0,-15393.121681300187,False,False,False,False,442.1298039798853,False,False,False,False
2025-05-19 18:00:00+00:00,27.77,27.78,27.5,27.61,201.0,,,,,,,,,,,,,,27.423147392290247,23.60556750953654,22.18287501946831,19.71759234139982,19.275246755420493,17.354451050500735,,,,19.71759234139982,,,21.593146678102695,"rgba(38, 166, 154, 0.5)",2.9425946141224957,20.31766029705451,2.478200587993709,51.7100587640015,2.1456544263368755,False,True,True,False,True,19.0517006319199,0.0,0.0,0.0,0.0,0,1.0831880842972588,0.8337822848993821,False,False,False,False,0.29029467704517314,0.2910893158607589,False,False,False,False,-12989.0,-15355.848476938943,False,False,False,False,438.3913574065537,False,False,False,False
2025-05-19 19:00:00+00:00,27.61,27.8,27.48,27.75,554.0,,,,,,,,,,,,,,27.532107576933022,23.754467551330304,22.290129506290306,19.780715287818694,19.334749026275627,17.393697671811697,,,,19.780715287818694,,,21.68097777007661,"rgba(38, 166, 154, 0.5)",2.9368547894054466,20.373907736868198,2.5115617870317175,52.73300065886388,-2.247336333814914,False,True,True,False,True,19.58303174704941,0.0,0.0,0.0,0.0,0,1.0824530979032005,0.8343055336591518,False,False,False,False,0.29029467704517314,0.29069199645296606,False,False,False,False,-12435.0,-15310.56400442826,False,False,False,False,440.18373946226603,False,False,False,False
2025-05-20 14:00:00+00:00,27.47,27.78,27.4,27.57,0.0,,,,,,,,,,,,,,27.532107576933022,23.754467551330304,22.290129506290306,19.780715287818694,19.334749026275627,17.393697671811697,,,,19.780715287818694,,,21.68097777007661,#000000,2.929647535913551,20.373907736868198,2.4562996657165614,51.61422749097969,-2.247336333814914,False,True,False,False,True,18.419086981929777,0.0,0.0,0.0,0.0,0,1.0807083529227395,0.8356057044350416,False,False,False,False,0.2878452437200322,0.2892686200864991,False,False,False,False,-12435.0,-15265.981616762705,False,False,False,False,433.35918536207583,False,False,False,False
2025-05-20 15:00:00+00:00,27.53,27.7,27.43,27.66,0.0,,,,,,,,,,,,,,27.532107576933022,23.754467551330304,22.290129506290306,19.780715287818694,19.334749026275627,17.393697671811697,,,,19.780715287818694,,,21.68097777007661,#000000,2.9207272064357657,20.373907736868198,2.49461580906188,51.75525403411007,-2.247336333814914,False,True,False,False,True,18.77211955825656,0.0,0.0,0.0,0.0,1,1.0808364544319602,0.837546816479401,False,False,False,False,0.2866217882136637,0.2879452041500814,False,False,False,False,-12435.0,-15222.090428905918,False,False,False,False,426.6404383021987,False,False,False,False
2025-05-20 16:00:00+00:00,27.69,27.84,27.53,27.75,0.0,,,,,,,,,,,,,,27.532107576933022,23.754467551330304,22.290129506290306,19.780715287818694,19.334749026275627,17.393697671811697,,,,19.780715287818694,,,21.68097777007661,"rgba(38, 166, 154, 0.5)",2.8992716435447576,20.373907736868198,2.5441190650606016,52.741795937288515,-1.3346033981493477,False,True,True,False,True,19.127844389855767,0.0,0.0,0.0,0.0,0,1.0892361386531295,0.8326326643927978,False,False,False,False,0.29250206736782813,0.29022363575895477,False,False,False,False,-12435.0,-15178.879724581795,False,False,False,False,420.0258578634049,False,False,False,False
2025-05-20 17:00:00+00:00,27.745,27.93,27.705,27.75,100.0,,,,,,,,,,,,,,27.55103431725462,23.78096805929036,22.309460441760017,19.792171958314857,19.345550909493273,17.400831281534266,,,,19.792171958314857,,,21.6966694946079,"rgba(38, 166, 154, 0.5)",2.8976799153618655,20.384421976760418,2.541888075419041,53.39949053940748,-0.3900803356273599,False,True,True,False,True,19.127844389855767,0.0,0.0,0.0,0.0,0,1.0944537280178246,0.8297923132012415,False,False,False,False,0.2990178236281755,0.2946207296935651,False,False,False,False,-12435.0,-15136.338953658045,False,False,False,False,415.0642166562203,False,False,False,False
2025-05-20 18:00:00+00:00,27.745,27.785,27.35,27.46,0.0,,,,,,,,,,,,,,27.55103431725462,23.78096805929036,22.309460441760017,19.792171958314857,19.345550909493273,17.400831281534266,,,,19.792171958314857,,,21.6966694946079,#000000,2.8932217663340025,20.384421976760418,2.4455705765704363,50.455730991949736,-0.3900803356273599,False,True,False,False,False,17.17142433714007,0.0,0.0,0.0,0.0,0,1.0885925220290547,0.8302770500912915,False,False,False,False,0.28674409612667384,0.2906824129101195,False,False,False,False,-12435.0,-15094.457729570322,False,False,False,False,408.6291125220153,False,False,False,False
2025-05-20 19:00:00+00:00,27.46,28.085,27.41,28.05,34.0,,,,,,,,,,,,,,27.55813773717498,23.790017887136536,22.3160656705599,19.796085677816343,19.34924041128523,17.40326691396795,,,,19.796085677816343,,,21.702135716323486,"rgba(38, 166, 154, 0.5)",2.8951383262164843,20.388115825448658,2.646465664583387,53.998962779454104,0.07189491253190994,False,True,True,False,True,19.563462095079046,0.0,0.0,0.0,0.0,0,1.0916331519596247,0.8235154956233736,False,False,False,False,0.2955724972187576,0.29312745506443855,False,False,False,False,-12401.0,-15052.69869500334,False,False,False,False,402.82090922710034,False,False,False,False
2025-05-21 14:00:00+00:00,28.04,28.5,27.95,28.47,0.0,,,,,,,,,,,,,,27.55813773717498,23.790017887136536,22.3160656705599,19.796085677816343,19.34924041128523,17.40326691396795,,,,19.796085677816343,,,21.702135716323486,"rgba(38, 166, 154, 0.5)",2.8995576518800648,20.388115825448658,2.7872817666898504,58.860177008532474,4.489975017826751,False,True,True,False,True,20.0,0.0,0.0,0.0,0.0,0,1.1003373342747313,0.8166627441751001,False,False,False,False,0.3185436448272677,0.30583554994585316,False,False,False,False,-12401.0,-15011.58708732887,False,False,False,False,396.5756238127267,False,False,False,False
2025-05-21 15:00:00+00:00,28.47,28.865,28.425,28.785,0.0,,,,,,,,,,,,,,27.55813773717498,23.790017887136536,22.3160656705599,19.796085677816343,19.34924041128523,17.40326691396795,,,,19.796085677816343,,,21.702135716323486,"rgba(38, 166, 154, 0.5)",2.9074688877669854,20.388115825448658,2.888039218538423,63.56530290510511,8.615790565148892,False,False,True,False,True,20.0,0.0,0.0,0.0,0.0,0,1.1067876874506708,0.8209944751381215,False,False,False,False,0.34009865733602146,0.3229671036409373,False,False,False,False,-12401.0,-14971.11286892067,False,False,False,False,390.4271645288084,False,False,False,False
2025-05-21 16:00:00+00:00,28.785,29.25,28.785,29.04,232.0,,,,,,,,,,,,,,27.763764350453172,23.868308085691577,22.37021703835137,19.826577540741575,19.37780426613052,17.42172509635593,,,,19.826577540741575,,,21.77139939628736,"rgba(38, 166, 154, 0.5)",2.912889005842828,21.005825610688355,2.7581464220559964,67.7195862832913,12.181867475594402,False,False,True,False,True,20.0,0.0,0.0,0.0,0.0,0,1.100805814504661,0.819718754937589,False,False,False,False,0.34282824907828263,0.33289767635961,False,False,False,False,-12169.0,-14927.669258549806,False,False,False,False,387.9709294198346,False,False,False,False
2025-05-21 17:00:00+00:00,29.045,29.09,27.51,27.845,0.0,,,,,,,,,,,,,,27.763764350453172,23.868308085691577,22.37021703835137,19.826577540741575,19.37780426613052,17.42172509635593,,,,19.826577540741575,,,21.77139939628736,"rgba(38, 166, 154, 0.5)",2.8931283560679333,21.005825610688355,2.3639374226060275,61.0301077641242,17.391717810783987,False,True,True,False,False,15.611249144319746,0.0,0.0,0.0,0.0,0,1.0812277166330804,0.825453418074717,False,False,False,False,0.3049200587771696,0.31890886756838976,False,False,False,False,-12169.0,-14884.899192525776,False,False,False,False,381.9558762505348,False,False,False,False
2025-05-21 18:00:00+00:00,27.79,28.035,27.605,27.64,0.0,,,,,,,,,,,,,,27.763764350453172,23.868308085691577,22.37021703835137,19.826577540741575,19.37780426613052,17.42172509635593,,,,19.826577540741575,,,21.77139939628736,"rgba(38, 166, 154, 0.5)",2.8657539328426753,21.005825610688355,2.3149839605143274,55.50318468271584,12.69031302858631,False,True,True,False,False,14.389025288298079,0.0,0.0,0.0,0.0,0,1.0783328178162699,0.8451128982369317,False,False,False,False,0.2800323421505639,0.29947060485947685,False,False,False,False,-12169.0,-14842.79222830057,False,False,False,False,376.03407971951873,False,False,False,False
2025-05-21 19:00:00+00:00,27.645,27.88,27.16,27.68,855.0,,,,,,,,,,,,,27.573333333333334,27.698896414342627,24.061844045291632,22.520519911255267,19.919768809034704,19.4660081022452,17.480799098878364,,,,19.919768809034704,,,22.67445281634016,#000000,2.838134366918583,21.500227107644843,2.177406737463475,52.08771669850158,9.857238420453491,False,True,False,False,False,14.551368885135702,0.0,0.0,0.0,0.0,0,1.07489972230793,0.8485806849737736,False,False,False,False,0.2646492694752748,0.2820599371673758,False,False,False,False,-11314.0,-14788.082271272653,False,False,False,False,383.45990794092154,False,False,False,False
2025-05-22 14:00:00+00:00,27.93,28.18,27.8,28.05,334.0,,,,,,,,,,,,,27.69599663582843,27.735432489451473,24.140797708857228,22.581774967704575,19.957609628239588,19.501778979739342,17.504680026075974,,,,19.957609628239588,,,22.7311529194138,#000000,2.8140443115535767,21.53876561834395,2.3138350575799316,52.20820778288437,9.857238420453491,False,True,False,False,False,16.041906647222625,0.0,0.0,0.0,0.0,0,1.0826344541047934,0.8391167192429022,False,False,False,False,0.2888066637711123,0.2854333004692441,False,False,False,False,-10980.0,-14729.042236059122,False,False,False,False,382.6930876627677,False,False,False,False
2025-05-22 15:00:00+00:00,28.06,28.54,28.03,28.2,34.0,,,,,,,,,,,,,27.71158353774871,27.741590224693073,24.149159297323145,22.588213808983514,19.961559236863458,19.505508618277332,17.507161882648997,,,,19.961559236863458,,,22.73782522950546,"rgba(38, 166, 154, 0.5)",2.787628457024729,21.54351125129193,2.387867985754682,53.184619501566644,9.857238420453491,False,True,True,False,False,16.637234001697845,0.0,0.0,0.0,0.0,0,1.0871136398585268,0.8346916807627248,False,False,False,False,0.2991677339831463,0.2923005172261952,False,False,False,False,-10946.0,-14670.390418445802,False,False,False,False,377.2869932803992,False,False,False,False
2025-05-22 16:00:00+00:00,28.22,28.29,27.885,27.94,70.0,,,,,,,,,,,,,27.729273008507352,27.74863636363636,24.165358403744705,22.60091551249612,19.969465241264857,19.512985962452465,17.51216427127017,,,,19.969465241264857,,,22.74839982333886,#000000,2.748195394786838,21.551054939287845,2.324778315556311,52.01059552812569,9.387795263812336,False,True,False,False,False,15.02935792347239,0.0,0.0,0.0,0.0,0,1.0795937647614549,0.8427806644622895,False,False,False,False,0.2875891014652895,0.28994480934574235,False,False,False,False,-11016.0,-14613.733202655943,False,False,False,False,372.5228538496953,False,False,False,False
2025-05-22 17:00:00+00:00,27.94,28.185,27.78,28.11,100.0,,,,,,,,,,,,,27.750502512562818,27.75770341207349,24.18818841436966,22.61891420007079,19.980714102850534,19.523628507603874,17.519293260819442,,,,19.980714102850534,,,22.762706344335804,"rgba(38, 166, 154, 0.5)",2.7005088976535445,21.561378849294126,2.424958183398666,52.370032517638464,9.297635297467068,False,True,True,False,False,15.72328562214734,0.0,0.0,0.0,0.0,0,1.079036715357284,0.8442953020134227,False,False,False,False,0.28146397527056344,0.2857043923081529,False,False,False,False,-10916.0,-14556.40400571554,False,False,False,False,368.2976933248938,False,False,False,False
2025-05-22 18:00:00+00:00,28.11,28.22,28.04,28.14,34.0,,,,,,,,,,,,,27.759623919644945,27.76184728531257,24.19610665092484,22.625128659816596,19.98458297276423,19.527286946197574,17.521739887005648,,,,19.98458297276423,,,22.768045188809484,"rgba(38, 166, 154, 0.5)",2.653288420326953,21.56526947215466,2.4779554599025326,52.81815007234015,9.225718444696632,False,True,True,False,False,15.846539881226114,0.0,0.0,0.0,0.0,0,1.084378472773456,0.840927131290681,False,False,False,False,0.290074278733256,0.28788933552070445,False,False,False,False,-10882.0,-14499.436501750959,False,False,False,False,363.11478335086446,False,False,False,False
2025-05-22 19:00:00+00:00,28.14,28.295,27.75,27.78,1100.0,,,,,,,,,,,,,27.83886690410236,27.80914554439662,24.424494456762755,22.812151103293896,20.104902881258067,19.641394296163867,17.598872588604753,,,,20.104902881258067,,,22.889975396368904,#000000,2.593921737828965,21.657838745132693,2.3601950535297855,50.385664663704915,6.447356821248505,False,True,False,False,False,13.590938839394262,0.0,0.0,0.0,0.0,0,1.0765641066202642,0.8401486988847585,False,False,False,False,0.2837949077662138,0.2858421216434591,False,False,False,False,-11982.0,-14460.406478467998,False,False,False,False,374.5393603531766,False,False,False,False
2025-05-23 14:00:00+00:00,27.41,27.72,27.25,27.36,0.0,,,,,,,,,,,,,27.83886690410236,27.80914554439662,24.424494456762755,22.812151103293896,20.104902881258067,19.641394296163867,17.598872588604753,,,,20.104902881258067,,,22.889975396368904,"rgba(239, 83, 80, 1.0)",2.52860841620884,21.657838745132693,2.2550590349677773,46.23285554516974,2.2460001507848517,False,True,False,True,False,11.047547964829434,0.0,0.0,0.0,0.0,0,1.0679902308358937,0.8486567399353976,False,False,False,False,0.2527120546564068,0.26927708814993295,False,False,False,False,-11982.0,-14421.981571825083,False,False,False,False,368.7325485647553,False,False,False,False
2025-05-23 15:00:00+00:00,27.36,27.52,27.18,27.385,100.0,,,,,,,,,,,,,27.820701687603098,27.798695313716333,24.440686144799713,22.82665386250133,20.114864668844767,19.650900264729408,17.605438018381527,,,,20.114864668844767,,,22.893991422939454,"rgba(239, 83, 80, 1.0)",2.4632161463792497,21.661079319362212,2.3237589965669643,43.69289143077614,-0.31156376962821497,False,True,False,True,False,11.158872015160906,0.0,0.0,0.0,0.0,0,1.0734597156398105,0.8485781990521326,False,False,False,False,0.23468605395116304,0.25198157105054797,False,False,False,False,-11882.0,-14382.60201257198,False,False,False,False,364.5661524629761,False,False,False,False
2025-05-23 16:00:00+00:00,27.44,27.575,27.23,27.36,600.0,,,,,,,,,,,,,27.740310918293567,27.748261641403797,24.535061188189264,22.91226561359608,20.174283577957492,19.707643647252933,17.644753069881666,,,,20.174283577957492,,,22.92322566522497,"rgba(239, 83, 80, 1.0)",2.389973805879983,21.684681158165272,2.3746364198100856,41.84158470269548,-2.2288254927371014,False,True,False,True,False,11.006103100550924,0.0,0.0,0.0,0.0,0,1.0726000964785336,0.8562469850458272,False,False,False,False,0.23493709768295837,0.24345933436675316,False,False,False,False,-12482.0,-14353.135314702648,False,False,False,False,368.21628963409273,False,False,False,False
2025-05-23 17:00:00+00:00,27.32,27.71,27.31,27.61,0.0,,,,,,,,,,,,,27.740310918293567,27.748261641403797,24.535061188189264,22.91226561359608,20.174283577957492,19.707643647252933,17.644753069881666,,,,20.174283577957492,,,22.92322566522497,"rgba(239, 83, 80, 1.0)",2.3204743185527223,21.684681158165272,2.553494686177067,43.10948921507162,-2.2288254927371014,False,True,False,True,False,12.143363844349075,0.0,0.0,0.0,0.0,0,1.0688158212074927,0.8593938419487098,False,False,False,False,0.24011298042450502,0.2417861573956291,False,False,False,False,-12482.0,-14324.125464862296,False,False,False,False,362.5075099498432,False,False,False,False
2025-05-23 18:00:00+00:00,27.59,27.79,27.515,27.68,200.0,,,,,,,,,,,,,27.73572123334306,27.74485373212646,24.568077085533268,22.94179250854834,20.19461701925426,19.727040155256137,17.658153623188404,,,,20.19461701925426,,,22.93860790817856,"rgba(239, 83, 80, 0.75)",2.2507816500131006,21.69702012309115,2.6581787162135546,44.6217902531776,-2.2288254927371014,False,True,False,True,True,12.460908650474998,0.0,0.0,0.0,0.0,1,1.0709494949494949,0.8621414141414141,False,False,False,False,0.24897419580720828,0.2453801766014187,False,False,False,False,-12282.0,-14292.46460494195,False,False,False,False,359.988013671551,False,False,False,False
2025-05-23 19:00:00+00:00,27.68,27.75,27.31,27.37,234.0,,,,,,,,,,,,,27.719163252299005,27.733048658138955,24.603573589235427,22.974540334526605,20.217681442880338,19.749087992964437,17.673497713723446,,,,20.217681442880338,,,22.95294185482403,"rgba(239, 83, 80, 0.75)",2.182384632617345,21.70867319309551,2.5941012974027555,43.16839680066643,-2.2288254927371014,False,True,False,True,True,10.508807549760522,0.0,0.0,0.0,0.0,0,1.0618249234241495,0.8637755924552635,False,False,False,False,0.24077971365184148,0.2430799451266301,False,False,False,False,-12516.0,-14264.922518043624,False,False,False,False,358.0347111340076,False,False,False,False
2025-05-26 14:00:00+00:00,27.37,27.37,27.37,27.37,0.0,,,,,,,,,,,,,27.719163252299005,27.733048658138955,24.603573589235427,22.974540334526605,20.217681442880338,19.749087992964437,17.673497713723446,,,,20.217681442880338,,,22.95294185482403,"rgba(239, 83, 80, 0.75)",2.097697150051216,21.70867319309551,2.6988294314869368,42.199467832325645,-2.6357482349594292,False,True,False,True,True,10.508807549760522,0.0,0.0,0.0,0.0,0,1.0603364606923327,0.8709155613070204,False,False,False,False,0.2301241185912349,0.2366020318589325,False,False,False,False,-12516.0,-14237.807440244498,False,False,False,False,352.48378537999196,False,False,False,False
2025-05-26 15:00:00+00:00,27.37,27.37,27.37,27.37,0.0,,,,,,,,,,,,,27.719163252299005,27.733048658138955,24.603573589235427,22.974540334526605,20.217681442880338,19.749087992964437,17.673497713723446,,,,20.217681442880338,,,22.95294185482403,"rgba(239, 83, 80, 1.0)",2.0133573278803225,21.70867319309551,2.811883776669081,41.553515186765125,-3.5788558308854945,False,True,False,True,False,10.508807549760522,0.0,0.0,0.0,0.0,0,1.063899063899064,0.86992266992267,False,False,False,False,0.2301241185912349,0.2333630752250837,False,False,False,False,-12516.0,-14211.112751248458,False,False,False,False,347.0189204903797,False,False,False,False
2025-05-26 16:00:00+00:00,27.37,27.37,27.37,27.37,0.0,,,,,,,,,,,,,27.719163252299005,27.733048658138955,24.603573589235427,22.974540334526605,20.217681442880338,19.749087992964437,17.673497713723446,,,,20.217681442880338,,,22.95294185482403,"rgba(239, 83, 80, 1.0)",1.9422383019653597,21.70867319309551,2.9148466494434633,41.122880089724774,-4.35131174574974,False,True,False,True,False,10.508807549760533,0.0,0.0,0.0,0.0,0,1.0628967109059435,0.8762674140631439,False,False,False,False,0.2301241185912349,0.23174359690815932,False,False,False,False,-12516.0,-14184.831933399644,False,False,False,False,341.63878218820327,False,False,False,False
2025-05-26 17:00:00+00:00,27.37,27.37,27.37,27.37,0.0,,,,,,,,,,,,,27.719163252299005,27.733048658138955,24.603573589235427,22.974540334526605,20.217681442880338,19.749087992964437,17.673497713723446,,,,20.217681442880338,,,22.95294185482403,"rgba(239, 83, 80, 1.0)",1.8581979015812886,21.70867319309551,3.0466759229933564,40.83579002503121,-5.009490453962258,False,True,False,True,False,10.508807549760533,0.0,0.0,0.0,0.0,0,1.060932196373872,0.869525622982035,False,False,False,False,0.2301241185912349,0.2309338577496971,False,False,False,False,-12516.0,-14158.958570091121,False,False,False,False,336.3420568829598,False,False,False,False
2025-05-26 18:00:00+00:00,27.37,27.37,27.37,27.37,0.0,,,,,,,,,,,,,27.719163252299005,27.733048658138955,24.603573589235427,22.974540334526605,20.217681442880338,19.749087992964437,17.673497713723446,,,,20.217681442880338,,,22.95294185482403,"rgba(239, 83, 80, 1.0)",1.7957159028095917,21.70867319309551,3.15268512020567,40.64439664856883,-5.585430005470791,False,True,False,True,False,10.508807549760533,0.0,0.0,0.0,0.0,0,1.0595627041970346,0.8776074390550389,False,False,False,False,0.2301241185912349,0.23052898817046602,False,False,False,False,-12516.0,-14133.486344198234,False,False,False,False,331.12745134989063,False,False,False,False
2025-05-26 19:00:00+00:00,27.37,27.37,27.37,27.37,0.0,,,,,,,,,,,,,27.719163252299005,27.733048658138955,24.603573589235427,22.974540334526605,20.217681442880338,19.749087992964437,17.673497713723446,,,,20.217681442880338,,,22.95294185482403,"rgba(239, 83, 80, 1.0)",1.7410625004951126,21.70867319309551,3.251650532530887,40.51680106426058,-6.097182517216169,False,True,False,True,False,10.508807549760533,0.0,0.0,0.0,0.0,0,1.0534732210846944,0.8810390049919622,False,False,False,False,0.2301241185912349,0.23032655338085045,False,False,False,False,-12516.0,-14108.409036536244,False,False,False,False,325.9936924142334,False,False,False,False
2025-05-27 14:00:00+00:00,28.78,28.915,28.29,28.44,100.0,,,,,,,,,,,,,27.741209784631742,27.748101920236344,24.62404033066999,22.99168835630487,20.228942123997466,19.759773302246117,17.680755636237436,,,,20.228942123997466,,,22.967787350617716,"rgba(38, 166, 154, 0.5)",1.6867173941022935,21.720489437177527,3.983779728790157,51.37523248041105,-2.7153259894265602,False,False,True,False,True,15.765389199169903,0.0,0.0,0.0,0.0,0,1.049925484351714,0.8700115913230668,False,False,False,False,0.313744246549074,0.27203539996496223,False,False,False,False,-12416.0,-14082.170136744984,False,False,False,False,322.4899142372685,False,False,False,False
2025-05-27 15:00:00+00:00,28.445,28.8,28.415,28.68,0.0,,,,,,,,,,,,,27.741209784631742,27.748101920236344,24.62404033066999,22.99168835630487,20.228942123997466,19.759773302246117,17.680755636237436,,,,20.228942123997466,,,22.967787350617716,"rgba(38, 166, 154, 1.0)",1.6395461303400949,21.720489437177527,4.244778743357983,59.70653706227459,4.495563560202946,True,False,True,False,True,16.85019661746792,0.0,0.0,0.0,0.0,0,1.0538862676930718,0.8720304610545485,False,False,False,False,0.3140915264054565,0.29306346318520937,False,False,False,False,-12416.0,-14056.33804160165,False,False,False,False,317.49007060568294,False,False,False,False
2025-05-27 16:00:00+00:00,28.685,29.09,28.605,28.825,420.0,,,,,,,,,,,,,27.851588136809372,27.826682659355725,24.713951118784067,23.066293230875154,20.277552934587803,19.80584967399226,17.711948700200992,,,,20.277552934587803,,,23.036266636372197,"rgba(38, 166, 154, 1.0)",1.56610205850619,21.775192117053315,4.501499659397083,65.86292729577075,9.527688089802567,True,False,True,False,True,17.499399104856284,0.0,0.0,0.0,0.0,0,1.0626088398706361,0.8664068330707356,False,False,False,False,0.3308492523768006,0.31195635778100494,False,False,False,False,-11996.0,-14024.394816150461,False,False,False,False,319.0793718366026,False,False,False,False
2025-05-27 17:00:00+00:00,28.855,29.165,28.855,29.04,50.0,,,,,,,,,,,,,27.865395887497044,27.836819571865448,24.724855821177744,23.07532111158287,20.283424289232137,19.811412497937255,17.715710426868213,,,,20.283424289232137,,,23.04470565802296,"rgba(38, 166, 154, 1.0)",1.491791467928227,21.781957744785537,4.8653195914133365,70.78997734390185,13.495912650865513,True,False,True,False,True,18.45455429117618,0.0,0.0,0.0,0.0,0,1.0721778221778224,0.8593073593073595,False,False,False,False,0.34229778314455644,0.32712707046278067,False,False,False,False,-11946.0,-13992.171640706269,False,False,False,False,314.90759862983356,False,False,False,False
2025-05-27 18:00:00+00:00,29.04,29.125,28.765,28.815,0.0,,,,,,,,,,,,,27.865395887497044,27.836819571865448,24.724855821177744,23.07532111158287,20.283424289232137,19.811412497937255,17.715710426868213,,,,20.283424289232137,,,23.04470565802296,"rgba(38, 166, 154, 1.0)",1.4050641131855282,21.781957744785537,5.005495613484368,70.91583871132056,13.495912650865513,True,False,True,False,True,16.82569429209066,0.0,0.0,0.0,0.0,0,1.0701871101871103,0.855883575883576,False,False,False,False,0.3377081502842538,0.33241761037351725,False,False,False,False,-11946.0,-13960.44804937749,False,False,False,False,310.0253102789834,False,False,False,False
2025-05-27 19:00:00+00:00,28.8,28.94,28.59,28.94,100.0,,,,,,,,,,,,,27.88751404602478,27.85329992204032,24.74550930591951,23.092700358791404,20.294879566286596,19.822280840338145,17.72309561802434,,,,20.294879566286596,,,23.05989709391787,"rgba(38, 166, 154, 1.0)",1.2986201720869062,21.79418046525921,5.502624776925597,71.657308690525,14.045704610099193,True,False,True,False,True,17.394869366070594,0.0,0.0,0.0,0.0,0,1.0667888074616922,0.8616755496335775,False,False,False,False,0.3250689649810876,0.32874328767730243,False,False,False,False,-11846.0,-13927.665909077063,False,False,False,False,306.7691039180689,False,False,False,False
2025-05-28 14:00:00+00:00,29.085,29.19,28.665,28.685,690.0,,,,,,,,,,,,,28.019323507933343,27.955969642500506,24.883319697412425,23.210288226118553,20.37330504607477,19.89675638986232,17.773893558535306,,,,20.37330504607477,,,23.158979438348176,"rgba(38, 166, 154, 0.75)",1.1863379833801526,21.874482399666995,5.740790310808608,68.84295368757645,14.045704610099193,True,False,True,False,False,15.550659365830267,0.0,0.0,0.0,0.0,0,1.0624635629216292,0.8646622803364705,False,False,False,False,0.3364748259786054,0.33260905682795394,False,False,False,False,-12536.0,-13906.089693432456,False,False,False,False,312.7106681984089,False,False,False,False
2025-05-28 15:00:00+00:00,28.685,29.14,28.675,28.985,348.0,,,,,,,,,,,,,28.078566461786796,28.004392558845865,24.950813459758006,23.268672949890565,20.412714606374898,19.934212811320066,17.79953694043484,,,,20.412714606374898,,,23.20698711263015,"rgba(38, 166, 154, 0.75)",1.0615587638038169,21.913699799273147,6.661242355900023,68.83382064750785,14.045704610099193,True,False,True,False,False,16.941831428061583,0.0,0.0,0.0,0.0,0,1.0553848708793492,0.8688864900772233,False,False,False,False,0.3350665193883688,0.33383778810816134,False,False,False,False,-12188.0,-13879.452643921875,False,False,False,False,313.25778962168937,False,False,False,False
2025-05-28 16:00:00+00:00,28.985,29.43,28.985,29.345,472.0,,,,,,,,,,,,,28.173497118073385,28.083034507292783,25.045914582747965,23.350351173953282,20.467576189850107,19.986311318780654,17.835124127247433,,,,20.467576189850107,,,23.277401288277947,"rgba(38, 166, 154, 0.75)",0.916531859047098,21.97133243399912,8.045184128860672,70.60016900337688,14.045704610099193,True,False,True,False,False,18.55910274773545,0.0,0.0,0.0,0.0,0,1.063438096027863,0.8625922547474916,False,False,False,False,0.3428282474673863,0.3383330177877738,False,False,False,False,-11716.0,-13845.910742465723,False,False,False,False,315.71890916243837,False,False,False,False
2025-05-28 17:00:00+00:00,29.345,29.89,29.29,29.84,400.0,,,,,,,,,,,,,28.269625060086522,28.163596757852083,25.13100088872545,23.42264687666744,20.51573604935041,20.031989197876495,17.866213086124716,,,,20.51573604935041,,,23.342972559526157,"rgba(38, 166, 154, 1.0)",0.883717995457362,22.025063195931025,8.843247330302932,73.57731664380086,16.82916296958136,True,False,True,False,True,20.0,0.0,0.0,0.0,0.0,0,1.0681630632117514,0.8546789899323322,False,False,False,False,0.3428282477080576,0.3405806327479157,False,False,False,False,-11316.0,-13806.687320101913,False,False,False,False,317.0255927413153,False,False,False,False
2025-05-28 18:00:00+00:00,29.86,30.155,29.82,30.06,839.0,,,,,,,,,,,,,28.476061911487754,28.34110456019844,25.31224634473805,23.5769663810029,20.618804469225548,20.12972638558153,17.932748090689266,,,,20.618804469225548,,,23.483951163274785,"rgba(38, 166, 154, 1.0)",0.8527801803722461,22.14107208119108,9.286013091148808,76.20679730723771,19.58396926421689,True,False,True,False,True,20.0,0.0,0.0,0.0,0.0,0,1.0781804672665734,0.849913316271774,False,False,False,False,0.34282824794111405,0.34170444034451486,False,False,False,False,-10477.0,-13755.064260875526,False,False,False,False,325.1182192104422,False,False,False,False
2025-05-28 19:00:00+00:00,30.055,30.28,29.485,29.86,895.0,,,,,,,,,,,,,28.63305872518286,28.483662859120805,25.486108083560403,23.730480736060432,20.724749874244388,20.23048560008316,18.002131110649493,,,,20.724749874244388,,,23.61295385555736,"rgba(38, 166, 154, 1.0)",0.8246892507848317,22.248470040973004,9.229573383893793,75.56671877595258,19.58396926421689,True,False,True,False,True,20.0,0.0,0.0,0.0,0.0,0,1.070936526160407,0.8505822535673282,False,False,False,False,0.3360453662361398,0.3388749032903273,False,False,False,False,-11372.0,-13718.117528148774,False,False,False,False,333.9535956567919,False,False,False,False
2025-05-29 14:00:00+00:00,30.24,30.33,29.41,30.2,365.0,,,,,,,,,,,,,28.69200759392486,28.538306486576623,25.554873880294586,23.791993411176737,20.767751520088922,20.271422614117412,18.03044428469969,,,,20.767751520088922,,,23.663828541554118,"rgba(38, 166, 154, 1.0)",0.8013887608056621,22.291047047051983,9.86905898829538,76.3762250666722,20.387141392395407,True,False,True,False,True,20.0,0.0,0.0,0.0,0.0,0,1.0648140646520297,0.8521429150125577,False,False,False,False,0.3352398730768445,0.3370573881835859,False,False,False,False,-11007.0,-13676.084698254996,False,False,False,False,334.4349352590122,False,False,False,False
2025-05-29 15:00:00+00:00,30.2,30.625,30.065,30.19,1108.0,,,,,,,,,,,,,28.879800663279703,28.713445615299168,25.765210528424344,23.98061074598728,20.900232279362836,20.39755598088659,18.11781049933235,,,,20.900232279362836,,,23.822095187510325,"rgba(38, 166, 154, 1.0)",0.7847505083528468,22.423868674604243,9.896306205263238,76.79241169813886,21.22695635324459,True,False,True,False,True,20.0,0.0,0.0,0.0,0.0,0,1.0787179073147104,0.8470854190214758,False,False,False,False,0.34282824813730434,0.33994281816044514,False,False,False,False,-12115.0,-13651.881834716158,False,False,False,False,346.4281920767019,False,False,False,False
2025-05-29 16:00:00+00:00,30.05,30.62,30.05,30.53,416.0,,,,,,,,,,,,,28.943912881859962,28.774354255288365,25.84118768964023,24.049781257284955,20.949579873381353,20.4445986335338,18.15057623698459,,,,20.949579873381353,,,23.87914154685333,"rgba(38, 166, 154, 1.0)",0.7880775273974524,22.47201551376518,10.224862664014179,78.21655377535727,23.002424567341734,True,False,True,False,True,20.0,0.0,0.0,0.0,0.0,0,1.092905543309658,0.8405584129316679,False,False,False,False,0.34217625726953893,0.34105953771499203,False,False,False,False,-11699.0,-13621.60459696862,False,False,False,False,347.50682475768326,False,False,False,False
2025-05-29 17:00:00+00:00,30.525,30.57,30.18,30.235,549.0,,,,,,,,,,,,,29.0169030698806,28.845048199094023,25.936205932268766,24.137811829604665,21.013437096934204,20.505566154687383,18.193299475139412,,,,21.013437096934204,,,23.949753108229864,"rgba(38, 166, 154, 0.75)",0.8233178318559281,22.531940950358464,9.356118319795469,75.63999595307209,23.002424567341734,True,False,True,False,False,20.0,0.0,0.0,0.0,0.0,0,1.0838704413804359,0.8454760544994695,False,False,False,False,0.3428282479112657,0.34194389281312887,False,False,False,False,-12248.0,-13600.308401666782,False,False,False,False,350.63074995523857,False,False,False,False
2025-05-29 18:00:00+00:00,30.23,30.53,30.14,30.18,993.0,,,,,,,,,,,,,29.127157782453676,28.954397953193986,26.09656469408225,24.28980821440136,21.126209004594166,20.613454711795583,18.269534424695777,,,,21.126209004594166,,,24.068160969316686,"rgba(38, 166, 154, 0.75)",0.8548179406817609,22.63319762331201,8.82854935247268,73.29636475171174,23.002424567341734,True,False,True,False,False,20.0,0.0,0.0,0.0,0.0,0,1.0809973924380705,0.8478650586701433,False,False,False,False,0.3402288224748453,0.3410863576439871,False,False,False,False,-13241.0,-13594.737728772721,False,False,False,False,360.58996313422716,False,False,False,False
2025-05-29 19:00:00+00:00,30.18,30.69,30.11,30.52,762.0,,,,,,,,,,,,,29.209372260574177,29.03629253177072,26.216130378237782,24.404360440957205,21.212352555621628,20.695959752890516,18.328140568289292,,,,21.212352555621628,,,24.157515498334472,"rgba(38, 166, 154, 0.75)",0.8938186123097948,22.709956482904822,8.737839433565343,73.36951701172231,23.002424567341734,True,False,True,False,False,20.0,0.0,0.0,0.0,0.0,0,1.0841539838854075,0.8447953121184991,False,False,False,False,0.34282824774730825,0.34195730269564767,False,False,False,False,-12479.0,-13577.439469411902,False,False,False,False,366.8133745585027,False,False,False,False
2025-05-30 14:00:00+00:00,29.48,30.53,29.48,30.38,300.0,,,,,,,,,,,,,29.231524034862577,29.059525006490592,26.25809317036561,24.446040862876423,21.24470702770688,20.727041857025696,18.350472695811593,,,,21.24470702770688,,,24.18820066501991,"rgba(38, 166, 154, 0.75)",0.9268799352743109,22.736618456223887,8.246355598920205,71.76370258853552,26.297427613477083,True,False,True,False,False,20.0,0.0,0.0,0.0,0.0,0,1.0674130154639176,0.8530927835051546,False,False,False,False,0.3161990991889435,0.32907820094229556,False,False,False,False,-12779.0,-13565.060562909392,False,False,False,False,365.77750828627785,False,False,False,False
2025-05-30 15:00:00+00:00,30.39,30.43,29.75,29.89,100.0,,,,,,,,,,,,,29.23782423615531,29.066301413203963,26.27150166779436,24.459541607158716,21.255310898248904,20.737240079277996,18.35783073102161,,,,21.255310898248904,,,24.197935804694406,"rgba(38, 166, 154, 0.75)",0.9454095923445003,22.74511523276101,7.557448988348585,65.89401468125462,20.716255249292587,True,False,True,False,False,17.011373106308532,0.0,0.0,0.0,0.0,0,1.0698254364089779,0.8599469069262328,False,False,False,False,0.31916130337351456,0.32411975215790506,False,False,False,False,-12879.0,-13554.423965034826,False,False,False,False,361.6569267624596,False,False,False,False
2025-05-30 16:00:00+00:00,29.91,29.915,28.75,28.93,110.0,,,,,,,,,,,,29.198333333333338,29.23748159541462,29.067314704993134,26.28292203185414,24.472126216170548,21.26585087518244,20.747437965215212,18.36534221306742,,,,21.26585087518244,,,24.82960111690386,"rgba(38, 166, 154, 0.5)",0.9482983812173872,23.29371850766903,5.943573883459907,56.26886069451104,12.045376986083554,False,True,True,False,False,10.561692807269186,0.0,0.0,0.0,0.0,0,1.047257452136683,0.8795540835285565,False,False,False,False,0.26231136066031757,0.29321555640911134,False,False,False,False,-12989.0,-13545.65770201103,False,False,False,False,357.75526898319663,False,False,False,False
2025-05-30 17:00:00+00:00,28.96,29.48,28.93,29.38,1320.0,,,,,,,,,,,,29.258333333333333,29.239919393246645,29.08384473689814,26.416233099522216,24.620096394562605,21.39120177636343,20.868849214064024,18.45521076064163,,,,21.39120177636343,,,24.916711088579003,#000000,0.9564987861610832,23.375154632865375,6.277943531151908,52.85429328187054,9.351942126106309,False,True,False,False,False,12.652113134147903,0.0,0.0,0.0,0.0,0,1.0476537216828479,0.8906148867313916,False,False,False,False,0.25293139007919974,0.27307347324415554,False,False,False,False,-11669.0,-13516.562233762797,False,False,False,False,372.6737919446974,False,False,False,False
2025-05-30 18:00:00+00:00,29.38,30.07,29.375,30.045,720.0,,,,,,,,,,,,29.449775193798448,29.268785953707468,29.11665679268714,26.497537461546095,24.706406663445396,21.462736381082436,20.937998342371678,18.506145503583326,,,,21.462736381082436,,,24.99325528652775,"rgba(38, 166, 154, 0.5)",0.9772090152363301,23.436078100175305,6.763058666856837,54.03372093344504,9.351942126106309,False,True,True,False,False,15.559833063812771,0.0,0.0,0.0,0.0,0,1.0542217209152434,0.8785852400902351,False,False,False,False,0.291293188204273,0.2821833307242143,False,False,False,False,-10949.0,-13476.75506734787,False,False,False,False,378.05869439516727,False,False,False,False
2025-05-30 19:00:00+00:00,30.05,30.79,30.05,30.62,1584.0,,,,,,,,,,,,29.889634886627388,29.38712254120148,29.23750635778062,26.69614757190005,24.909668553668563,21.62794373620276,21.09739438648258,18.623017839363612,,,,21.62794373620276,,,25.183554484153383,"rgba(38, 166, 154, 0.5)",1.0122144041652932,23.589363468111184,6.945797750908832,57.10836247948887,9.351942126106309,False,False,True,False,True,17.909024567182886,0.0,0.0,0.0,0.0,0,1.0592326139088732,0.8703437250199839,False,False,False,False,0.34282824670021056,0.31250578871221246,False,False,False,False,-9365.0,-13413.006926768834,False,False,False,False,396.7554588231491,False,False,False,False
2025-06-02 14:00:00+00:00,32.19,32.45,32.04,32.29,410.0,,,,,,,,,,,,30.124154601029602,29.4576036181586,29.304976406961757,26.76693669511249,24.97596788032121,21.678088599003797,21.145418188177672,18.65736475514738,,,,21.678088599003797,,,25.263813842989066,"rgba(38, 166, 154, 1.0)",1.1081981886038828,23.64972962296981,7.79668336032499,63.3181488354867,5.769775829507047,True,False,True,False,True,20.0,0.0,0.0,0.0,0.0,0,1.06421159397675,0.8675197003979088,False,False,False,False,0.34282824793261396,0.3276670183224132,False,False,False,False,-8955.0,-13343.890540307302,False,False,False,False,396.9608005468212,False,False,False,False
2025-06-02 15:00:00+00:00,32.29,32.38,31.66,32.06,1194.0,,,,,,,,,,,,30.55119832646435,29.629357291783005,29.471514833938276,26.95509545468147,25.15660400008576,21.818391148936158,21.280143359518025,18.75476080270441,,,,21.818391148936158,,,25.452133152263933,"rgba(38, 166, 154, 1.0)",1.1839075703511819,23.800709230732892,6.97629694758786,66.19580013378925,8.346801827811532,True,False,True,False,True,20.0,0.0,0.0,0.0,0.0,0,1.0674148546488975,0.8650923544540564,False,False,False,False,0.3283108474295001,0.32798893287595665,False,False,False,False,-10149.0,-13294.35735363587,False,False,False,False,409.3179974375681,False,False,False,False
2025-06-02 16:00:00+00:00,32.05,32.11,31.85,31.99,0.0,,,,,,,,,,,,30.55119832646435,29.629357291783005,29.471514833938276,26.95509545468147,25.15660400008576,21.818391148936158,21.280143359518025,18.75476080270441,,,,21.818391148936158,,,25.452133152263933,"rgba(38, 166, 154, 1.0)",1.2510055415003445,23.800709230732892,6.546166661616544,67.71058263219814,9.831665816619882,True,False,True,False,True,20.0,0.0,0.0,0.0,0.0,0,1.0711619410690176,0.8835676276705583,False,False,False,False,0.32574406333534556,0.3268664981056511,False,False,False,False,-10149.0,-13245.592123346942,False,False,False,False,402.97198197341976,False,False,False,False
2025-06-02 17:00:00+00:00,31.97,32.28,31.97,32.24,0.0,,,,,,,,,,,,30.55119832646435,29.629357291783005,29.471514833938276,26.95509545468147,25.15660400008576,21.818391148936158,21.280143359518025,18.75476080270441,,,,21.818391148936158,,,25.452133152263933,"rgba(38, 166, 154, 1.0)",1.3197234968385674,23.800709230732892,6.394741617834081,69.33819598210715,11.59252665801678,True,False,True,False,True,20.0,0.0,0.0,0.0,0.0,0,1.0694367204258362,0.8827361563517914,False,False,False,False,0.33506867613316277,0.33096758711940694,False,False,False,False,-10149.0,-13197.58294314001,False,False,False,False,396.7243543459249,False,False,False,False
2025-06-02 18:00:00+00:00,32.22,32.54,32.22,32.31,0.0,,,,,,,,,,,,30.55119832646435,29.629357291783005,29.471514833938276,26.95509545468147,25.15660400008576,21.818391148936158,21.280143359518025,18.75476080270441,,,,21.818391148936158,,,25.452133152263933,"rgba(38, 166, 154, 1.0)",1.3871891405685897,23.800709230732892,6.134196498812894,70.60197472644302,13.125032695434918,True,False,True,False,True,20.0,0.0,0.0,0.0,0.0,0,1.0702883011675006,0.8812643952029227,False,False,False,False,0.3428282480083211,0.336897917563864,False,False,False,False,-10149.0,-13150.318091308382,False,False,False,False,390.5735891622671,False,False,False,False
2025-06-02 19:00:00+00:00,32.31,32.38,32.04,32.24,194.0,,,,,,,,,,,,30.60972101711256,29.65712440147329,29.498505779127647,26.985482253889867,25.185857011720014,21.84123914446494,21.302093675878414,18.77067241060751,,,,21.84123914446494,,,25.48133696178428,"rgba(38, 166, 154, 1.0)",1.4481543146082987,23.82469769230755,5.811053575439335,70.91960288793545,13.881961189591088,True,False,True,False,True,20.0,0.0,0.0,0.0,0.0,0,1.0674219616542546,0.8821106005387417,False,False,False,False,0.3319748079853246,0.3344363627745943,False,False,False,False,-10343.0,-13106.793779815227,False,False,False,False,387.5259366171157,False,False,False,False
2025-06-03 14:00:00+00:00,33.36,34.46,33.1,34.38,958.0,,,,,,,,,,,,31.107213662044174,29.874425000874517,29.705780025426865,27.179307945966276,25.362104140080763,21.971495906000413,21.426475977851958,18.858908634155103,,,,21.971495906000413,,,25.68571391155001,"rgba(38, 166, 154, 1.0)",1.5903334116970806,23.98495947568481,6.536390701382806,75.16559096767634,18.266008342196443,True,False,True,False,True,20.0,0.0,0.0,0.0,0.0,0,1.068234209313048,0.8639926233287228,False,False,False,False,0.34282824870044326,0.3386323057375188,False,False,False,False,-9385.0,-13049.091550670804,False,False,False,False,396.3704957393309,False,False,False,False
2025-06-03 15:00:00+00:00,34.38,34.555,33.76,33.8,1482.0,,,,,,,,,,,,31.65211072085633,30.174858893216484,29.995072388676125,27.461256067456247,25.62300894831891,22.16853480095637,21.615027876415663,18.993927554672602,,,,22.16853480095637,,,25.96047465632109,"rgba(38, 166, 154, 1.0)",1.6921213084534579,24.209936711555265,5.667479772599594,74.79403510518483,18.266008342196443,True,False,True,False,True,20.0,0.0,0.0,0.0,0.0,0,1.0811965811965814,0.8614926739926739,False,False,False,False,0.34282824886219726,0.34073027729985805,False,False,False,False,-10867.0,-13015.260673916217,False,False,False,False,413.20196092166685,False,False,False,False
2025-06-03 16:00:00+00:00,33.79,34.09,33.56,33.87,940.0,,,,,,,,,,,,31.882880011968883,30.3352514742396,30.151295944096244,27.623341307814993,25.77680246102385,22.28817816988189,21.729864525456012,19.077216472797662,,,,22.28817816988189,,,26.10810379590989,"rgba(38, 166, 154, 1.0)",1.7878435397210364,24.33590254680696,5.332735914173271,74.67912279661947,18.567529085947527,True,False,True,False,True,20.0,0.0,0.0,0.0,0.0,0,1.0855463980463982,0.8646978021978022,False,False,False,False,0.32447363563463294,0.3326019564672455,False,False,False,False,-9927.0,-12967.380663467902,False,False,False,False,421.36937238024564,False,False,False,False
2025-06-03 17:00:00+00:00,33.87,33.89,33.515,33.525,949.0,,,,,,,,,,,,32.052301997768986,30.475220696419807,30.288895324696888,27.77391250680864,25.922689621928676,22.40448982528854,21.841785112076835,19.159252560800464,,,,22.40448982528854,,,26.239818455723604,"rgba(38, 166, 154, 1.0)",1.8537213071776488,24.451480554325922,4.894759212477741,72.65579151169337,18.567529085947527,True,False,True,False,True,20.0,0.0,0.0,0.0,0.0,0,1.0840374514729392,0.8657988886351524,False,False,False,False,0.31776489492235804,0.32518342569480174,False,False,False,False,-10876.0,-12934.956157057546,False,False,False,False,429.5496921883038,False,False,False,False
2025-06-03 18:00:00+00:00,33.525,33.97,33.175,33.92,784.0,,,,,,,,,,,,32.17279505245029,30.58374093539539,30.396067570103476,27.89364875449741,26.03987078810277,22.499174016040183,21.93301892908713,19.226539869412317,,,,22.499174016040183,,,26.343106989386122,"rgba(38, 166, 154, 0.75)",1.9313253209895083,24.5432882273241,4.8550659336210495,72.26713157393246,18.567529085947527,True,False,True,False,False,20.0,0.0,0.0,0.0,0.0,0,1.0780660733142255,0.8655905868155077,False,False,False,False,0.31067554572498157,0.31792948570989166,False,False,False,False,-10092.0,-12890.879317413244,False,False,False,False,435.0450457977875,False,False,False,False
2025-06-03 19:00:00+00:00,33.92,34.345,33.795,34.295,1773.0,,,,,,,,,,,,32.45437979814248,30.836446943621755,30.64556485617406,28.167325777591216,26.307331453529148,22.716053901230673,22.142066010774894,19.381167394485722,,,,22.716053901230673,,,26.581292016943742,"rgba(38, 166, 154, 0.75)",2.011680501829547,24.75498670904893,4.742310363039654,72.8563270619351,18.567529085947527,True,False,True,False,False,20.0,0.0,0.0,0.0,0.0,0,1.0856521413035327,0.8617715442886071,False,False,False,False,0.33797694265536826,0.32795321418262996,False,False,False,False,-8319.0,-12819.997467530868,False,False,False,False,455.7885334598373,False,False,False,False
2025-06-04 14:00:00+00:00,35.55,35.55,34.79,35.46,1797.0,,,,,,,,,,,,32.80989717434635,31.133691645197814,30.937572731321932,28.46895041296261,26.597284365282345,22.948558912874645,22.365893319793862,19.54631203622283,,,,22.948558912874645,,,26.8510200747503,"rgba(38, 166, 154, 1.0)",2.125945318086812,24.99167395284884,4.924080576339495,75.30721868477059,20.576885696759916,True,False,True,False,True,20.0,0.0,0.0,0.0,0.0,0,1.0903854674346478,0.8537882144439521,False,False,False,False,0.34282824925401684,0.3353907317183234,False,False,False,False,-6522.0,-12722.35409594124,False,False,False,False,476.58250968526613,False,False,False,False
2025-06-04 15:00:00+00:00,35.46,35.66,34.875,34.96,1302.0,,,,,,,,,,,,33.00750907606711,31.320580143611647,31.122647052230434,28.668919598758354,26.793581362473912,23.110361141628687,22.522113140157295,19.66307688038065,,,,23.110361141628687,,,27.02609854941351,"rgba(38, 166, 154, 1.0)",2.21077718999078,25.14869033875481,4.437945943022013,74.18761473850023,20.576885696759916,True,False,True,False,True,20.0,0.0,0.0,0.0,0.0,0,1.0959718247853842,0.8502457993983417,False,False,False,False,0.34282824928884875,0.3391094905035861,False,False,False,False,-7824.0,-12646.41062158556,False,False,False,False,489.37968007774265,False,False,False,False
2025-06-04 16:00:00+00:00,34.965,35.17,34.74,35.045,896.0,,,,,,,,,,,,33.115462032129,31.433872307143748,31.235607890499185,28.796109962391935,26.920729708035957,23.217615944220427,22.62592322137418,19.7415009273329,,,,23.217615944220427,,,27.135852749140916,"rgba(38, 166, 154, 1.0)",2.2919672202582855,25.248838577785797,4.274128065893656,73.62182760133732,20.576885696759916,True,False,True,False,True,20.0,0.0,0.0,0.0,0.0,0,1.1024695908588278,0.8516771102100993,False,False,False,False,0.32653157624901136,0.3328205333762987,False,False,False,False,-6928.0,-12557.75309256873,False,False,False,False,495.6838710842893,False,False,False,False
2025-06-04 17:00:00+00:00,35.05,35.45,34.98,35.33,50.0,,,,,,,,,,,,33.121954989977525,31.44045055285728,31.24215440265918,28.803358102849618,26.9279410865326,23.223679277917714,22.631789941057487,19.745930247167397,,,,23.223679277917714,,,27.14215732512735,"rgba(38, 166, 154, 1.0)",2.374950778057928,25.254566306506064,4.242375794302959,73.86739361127266,20.576885696759916,True,False,True,False,True,20.0,0.0,0.0,0.0,0.0,0,1.0993596820490177,0.8516228748068007,False,False,False,False,0.34007834042628476,0.3364494369012917,False,False,False,False,-6878.0,-12469.694905087044,False,False,False,False,488.77404362561816,False,False,False,False
2025-06-04 18:00:00+00:00,35.345,35.56,35.345,35.4,720.0,,,,,,,,,,,,33.21887592387825,31.537122113542388,31.33827771763356,28.908845513726877,27.032654089878182,23.311627171484776,22.71687759409507,19.810177052052055,,,,23.311627171484776,,,27.234307147036397,"rgba(38, 166, 154, 1.0)",2.4537751627949356,25.338124686027378,4.100569386525127,74.18854128685062,20.579508868087018,True,False,True,False,True,20.0,0.0,0.0,0.0,0.0,0,1.1043375452597357,0.8518436414690017,False,False,False,False,0.34282824924049354,0.33963884307089265,False,False,False,False,-6158.0,-12371.839170124453,False,False,False,False,492.3589421740582,False,False,False,False
2025-06-04 19:00:00+00:00,35.41,35.56,35.21,35.4,515.0,,,,,,,,,,,,33.28205418691377,31.602681887266225,31.403646502302546,28.981756555043436,27.105592677953098,23.373530560116766,22.776835501374922,19.855678097301222,,,,23.373530560116766,,,27.297721996034,"rgba(38, 166, 154, 1.0)",2.5300558605804393,25.396035618684223,3.954048816543003,74.40263973723593,21.12533730360333,True,False,True,False,True,20.0,0.0,0.0,0.0,0.0,0,1.1021311112749799,0.8480200575178822,False,False,False,False,0.3393251416675414,0.33948199236921706,False,False,False,False,-6158.0,-12275.500578339577,False,False,False,False,492.7099663263984,False,False,False,False
2025-06-05 14:00:00+00:00,35.37,35.99,35.34,35.99,2013.0,,,,,,,,,,,,33.53647785500481,31.862774249512054,31.66286084752754,29.267817905367707,27.391524996449384,23.617055340917222,23.012811491847586,20.035335404144615,,,,23.617055340917222,,,27.548332261346367,"rgba(38, 166, 154, 1.0)",2.6174729457286463,25.62480864130768,3.959999424485697,75.92315859821753,22.83720356631592,True,False,True,False,True,20.0,0.0,0.0,0.0,0.0,0,1.1029174607828764,0.8437912329570444,False,False,False,False,0.3428282492432039,0.34115512080621047,False,False,False,False,-4145.0,-12149.446305807181,False,False,False,False,516.280354445369,False,False,False,False
2025-06-05 15:00:00+00:00,36.01,36.395,35.935,36.26,3103.0,,,,,,,,,,,,33.89829804798223,32.24285644301244,32.042708012708,29.69026053639847,27.817604600389878,23.98669704832341,23.37176123833757,20.311704812028697,,,,23.98669704832341,,,27.920236342397587,"rgba(38, 166, 154, 1.0)",2.7038258896314353,26.77586049506342,3.5076739006406155,77.48346113030117,24.487376383575096,True,False,True,False,True,20.0,0.0,0.0,0.0,0.0,0,1.1106959706959705,0.8413919413919411,False,False,False,False,0.34282824941348533,0.3419916851098479,False,False,False,False,-1042.0,-11977.237835949707,False,False,False,False,556.3845349966035,False,False,False,False
2025-06-05 16:00:00+00:00,36.245,36.255,35.74,35.805,860.0,,,,,,,,,,,,33.97222431077694,32.3304291521807,32.13099832000773,29.794000128812034,27.925006719499386,24.083202878675447,23.465839022903417,20.38539375988445,,,,24.083202878675447,,,28.01088678659251,"rgba(38, 166, 154, 0.75)",2.7712891152602874,26.855075367362996,3.2295167557053683,75.06408582906118,24.487376383575096,True,False,True,False,False,20.0,0.0,0.0,0.0,0.0,0,1.1074168797953965,0.8440628425283156,False,False,False,False,0.3344630989779084,0.33822739204387814,False,False,False,False,-1902.0,-11821.032598183045,False,False,False,False,561.0917515082841,False,False,False,False
2025-06-05 17:00:00+00:00,35.72,36.14,35.52,35.915,569.0,,,,,,,,,,,,34.01649259580085,32.38496115291623,32.18613411844225,29.859947028769465,27.993866939215522,24.145802609860166,23.52694292555972,20.433534125456575,,,,24.145802609860166,,,28.068460187002596,"rgba(38, 166, 154, 0.75)",2.833753246043002,26.905753710771155,3.179262803424815,73.7869822133696,26.894257384183973,True,False,True,False,False,20.0,0.0,0.0,0.0,0.0,0,1.1035612846842913,0.8485179520792369,False,False,False,False,0.3261428452310102,0.33218511863744415,False,False,False,False,-1333.0,-11658.427441622067,False,False,False,False,561.2143600120316,False,False,False,False
2025-06-05 18:00:00+00:00,35.855,35.91,35.44,35.45,1897.0,,,,,,,,,,,,34.13140895179801,32.54252363852432,32.34658065555086,30.060771072708608,28.207782736109685,24.34528127400308,23.72219757422816,20.58923620393872,,,,24.34528127400308,,,28.24322276335768,"rgba(38, 166, 154, 0.5)",2.8800803917708375,27.059765288412827,2.9131946231641064,69.64445175835152,23.07152145829636,False,False,True,False,False,20.0,0.0,0.0,0.0,0.0,0,1.0988219895287958,0.8550756253635835,False,False,False,False,0.3184821952813157,0.32533365695937994,False,False,False,False,-3230.0,-11527.754147953508,False,False,False,False,581.924214895566,False,False,False,False
2025-06-05 19:00:00+00:00,35.49,35.7,34.865,35.13,2308.0,,,,,,,,,,,,34.22067339238845,32.69384366263571,32.5026299282104,30.2718915070141,28.440170300606386,24.571161415022253,23.944295954427382,20.769870712156607,,,,24.571161415022253,,,28.426817109057662,"rgba(38, 166, 154, 0.5)",2.9159092844179426,27.223710821673006,2.71143180639284,64.90065952336744,18.869694157456394,False,True,True,False,False,20.0,0.0,0.0,0.0,0.0,0,1.0907709011943543,0.8602243937748825,False,False,False,False,0.29924185964726446,0.3122877583033222,False,False,False,False,-5538.0,-11434.88974255888,False,False,False,False,608.6850797809061,False,False,False,False
2025-06-06 14:00:00+00:00,33.5,33.5,32.39,33.195,250.0,,,,,,,,,,,,34.21028643111018,32.69587008675421,32.505691968966225,30.284028220527542,28.456554490613126,24.59012623521849,23.963244085860016,20.786229375623872,,,,24.59012623521849,,,28.436503861834204,#000000,2.9156098213976502,27.230684097619076,2.0456495442596028,54.39925633052175,9.606527456383958,False,True,False,False,False,12.793676782253119,0.0,0.0,0.0,0.0,0,1.074123515773203,0.8688259678212604,False,False,False,False,0.18346774661090245,0.24787775245711235,False,False,False,False,-5788.0,-11347.341064379672,False,False,False,False,603.1240707920549,False,False,False,False
2025-06-06 15:00:00+00:00,33.195,33.24,32.51,32.63,1508.0,,,,,,,,,,,,34.13954666843232,32.699306159504985,32.515455033124,30.348948907989776,28.5479993567963,24.699605904790566,24.072963558060454,20.88210970609365,,,,24.699605904790566,,,28.48824191184901,"rgba(239, 83, 80, 1.0)",2.903360094414341,27.269340826809696,1.8463638676798877,46.11314832177162,2.733210758209225,False,True,False,True,False,10.169580200367804,0.0,0.0,0.0,0.0,0,1.0731810789790006,0.8822739164250867,False,False,False,False,0.17504292234068108,0.21146033739889672,False,False,False,False,-7296.0,-11284.529575009445,False,False,False,False,617.1531549658215,False,False,False,False
2025-06-06 16:00:00+00:00,32.63,32.825,32.08,32.18,600.0,,,,,,,,,,,,34.10491938799801,32.69463553434468,32.513405842160964,30.369456501434954,28.579728358084793,24.74007702939442,24.113740372684386,20.918466756753432,,,,24.74007702939442,,,28.504303722856953,"rgba(239, 83, 80, 1.0)",2.893691569760107,27.281419678825536,1.6928481156616724,39.66596894757933,-2.4298667372530787,False,True,False,True,False,8.149747027901558,0.0,0.0,0.0,0.0,0,1.056991525423729,0.8909604519774013,False,False,False,False,0.15331343229887104,0.18238688484888388,False,False,False,False,-7896.0,-11231.994232761235,False,False,False,False,616.8872145787545,False,False,False,False
2025-06-06 17:00:00+00:00,32.195,32.54,32.195,32.475,169.0,,,,,,,,,,,,34.09563551251009,32.69350492616493,32.51299426965794,30.37527682764382,28.588667699600673,24.75146123778884,24.1252111803446,20.928702931187246,,,,24.75146123778884,,,28.508931823112267,"rgba(239, 83, 80, 1.0)",2.8899697105554143,27.285070555719226,1.7958421589419837,36.94631859405211,-4.3718934256470945,False,True,False,True,False,9.193702267711888,0.0,0.0,0.0,0.0,0,1.0594221463136921,0.8968118417307145,False,False,False,False,0.1449726488802482,0.16367976686456603,False,False,False,False,-7727.0,-11177.65323690447,False,False,False,False,609.943226755828,False,False,False,False
2025-06-06 18:00:00+00:00,32.52,32.52,31.68,31.71,1072.0,,,,,,,,,,,,34.02453115736263,32.676120699316364,32.500413983142415,30.40370856062622,28.63808000945138,24.818847844134435,24.193469368981813,20.990774327697604,,,,24.818847844134435,,,28.530743243839108,"rgba(239, 83, 80, 1.0)",2.8835332930715523,27.301532713866532,1.5288421662153067,33.46635570897243,-7.353452395745585,False,True,False,True,False,5.852626685468767,0.0,0.0,0.0,0.0,0,1.039043711981893,0.9035224218418446,False,False,False,False,0.1316157609395141,0.14764776390204007,False,False,False,False,-8799.0,-11140.77489214626,False,False,False,False,617.1068976588384,False,False,False,False
2025-06-06 19:00:00+00:00,31.71,31.82,31.36,31.57,345.0,,,,,,,,,,,,33.99853050135837,32.66773520907472,32.49362662233186,30.410438349897202,28.651866590686055,24.83910976248564,24.214105098153482,21.009904178859156,,,,24.83910976248564,,,28.535664539105813,"rgba(239, 83, 80, 1.0)",2.8782055032465523,27.30507149501912,1.4818012473988165,30.866805238256546,-9.741276989613198,False,True,False,True,False,5.257876096766768,0.0,0.0,0.0,0.0,0,1.0303799252837107,0.9149925988581096,False,False,False,False,0.10627508770918202,0.12696142580561104,False,False,False,False,-9144.0,-11109.817141880427,False,False,False,False,612.8881860672285,False,False,False,False
2025-06-09 14:00:00+00:00,31.25,31.87,31.16,31.27,3167.0,,,,,,,,,,,,33.77006571238412,32.58650532272251,32.42617355001138,30.46134200188561,28.7664614283856,25.015574586382307,24.394535953386207,21.179888731548235,,,,25.015574586382307,,,28.575068410838245,"rgba(239, 83, 80, 1.0)",2.858258396832394,27.339030650672196,1.3753023007591685,28.527377917510485,-12.086933727986974,False,True,False,True,False,3.9874022731206296,0.0,0.0,0.0,0.0,0,1.028013761145826,0.9170820754054624,False,False,False,False,0.10256072711931662,0.11476107646246383,False,False,False,False,-12311.0,-11128.440131928792,False,False,False,False,652.48681884138,False,False,False,False
2025-06-09 15:00:00+00:00,31.28,31.45,30.57,30.68,2427.0,,,,,,,,,,,,33.586691588128964,32.505539456159084,32.3552274831287,30.47745629436784,28.831761478996693,25.133825358316845,24.51679487179487,21.29986569325,,,,25.133825358316845,,,28.58839527801787,"rgba(239, 83, 80, 1.0)",2.834056637935603,27.354237524153717,1.1734989454088152,25.890177062230414,-14.839828859200871,False,True,False,True,False,1.5554293431534063,0.0,0.0,0.0,0.0,0,1.0241031390134532,0.9229960762331838,False,False,False,False,0.07761884991386844,0.09618996318816614,False,False,False,False,-14738.0,-11184.40230042602,False,False,False,False,679.9986511074051,False,False,False,False
2025-06-09 16:00:00+00:00,30.675,30.93,30.565,30.88,2752.0,,,,,,,,,,,,33.39787749357685,32.417058273615226,32.276937070528795,30.49002123928954,28.8974985273028,25.259875787627337,24.64772157945016,21.430879673051496,,,,25.259875787627337,,,28.602233705555278,"rgba(239, 83, 80, 1.0)",2.809562740497642,27.374139109330553,1.2478315006585232,25.432704933324313,-15.696397874956759,False,True,False,True,False,2.32937718950992,0.0,0.0,0.0,0.0,0,1.027604130083585,0.9238603638406966,False,False,False,False,0.06469392340392864,0.0804419432960474,False,False,False,False,-11986.0,-11196.830171737245,False,False,False,False,712.1227030282205,False,False,False,False
2025-06-09 17:00:00+00:00,30.87,31.005,30.745,30.86,1200.0,,,,,,,,,,,,33.32554564674838,32.38299835492116,32.2468748479075,30.496533393317055,28.92593132249838,25.313851727133027,24.703822786902485,21.487350910779963,,,,25.313851727133027,,,28.610363623775992,"rgba(239, 83, 80, 1.0)",2.7897138734098386,27.385718035421753,1.2453900730441818,25.08277983944069,-16.62158835470464,False,True,False,True,False,2.2463149388801114,0.0,0.0,0.0,0.0,0,1.0273876404494384,0.9214185393258427,False,False,False,False,0.07096878323354726,0.07570536326479732,False,False,False,False,-13186.0,-11227.670014035892,False,False,False,False,719.6866921285581,False,False,False,False
2025-06-09 18:00:00+00:00,30.86,31.145,30.82,31.03,571.0,,,,,,,,,,,,33.29428548464247,32.36864311176473,32.23430844438177,30.500592435189123,28.940048973991896,25.33975709519857,24.730712141049136,21.514349523572793,,,,25.33975709519857,,,28.615337151223812,"rgba(239, 83, 80, 1.0)",2.7712695857886054,27.39243188246337,1.3125998770348817,26.108772557343464,-16.62158835470464,False,True,False,True,False,2.9178669619815807,0.0,0.0,0.0,0.0,0,1.0312631726851205,0.918153716453562,False,False,False,False,0.07559857113360031,0.07565196719919881,False,False,False,False,-12615.0,-11249.179006066342,False,False,False,False,717.3814720955572,False,False,False,False
2025-06-09 19:00:00+00:00,31.03,31.165,30.75,30.845,614.0,,,,,,,,,,,,33.26047959712142,32.35267164652576,32.220236226880104,30.504209033200386,28.954447082928684,25.366969144627113,24.759013087179177,21.54297241661876,,,,25.366969144627113,,,28.620124779385176,"rgba(239, 83, 80, 1.0)",2.748486384431482,27.399185630658128,1.2537134580183231,26.25171673886524,-16.72601566519736,False,True,False,True,False,2.1273164608373314,0.0,0.0,0.0,0.0,0,1.0293911335578,0.9181397306397303,False,False,False,False,0.07272671199335043,0.07418933959627462,False,False,False,False,-13229.0,-11279.873905197095,False,False,False,False,715.7786585746959,False,False,False,False
2025-06-10 14:00:00+00:00,30.75,30.91,30.165,30.245,2193.0,,,,,,,,,,,,33.12398670815312,32.28020794462488,32.15466478554672,30.50229055683475,28.992054498020256,25.45381454766867,24.85030217431658,21.638635627444348,,,,25.45381454766867,,,28.624494605326163,"rgba(239, 83, 80, 1.0)",2.728993985184102,27.411606877519613,1.0382555395369415,24.809944414498972,-18.737121212977446,False,True,False,True,False,0.0,0.0,0.0,0.0,0.0,0,1.019145084934559,0.9227930938457254,False,False,False,False,0.05046809309897954,0.06232871634762708,False,False,True,False,-15422.0,-11344.092914418845,False,False,False,False,738.6813150309022,False,False,False,False
2025-06-10 15:00:00+00:00,30.245,31.15,30.16,31.125,2759.0,,,,,,,,,,,30.811666666666667,32.9912838273531,32.21339552792572,32.095187245176405,30.51349871754469,29.048218885880715,25.566775636421063,24.968432509043716,21.76106636641576,,,,25.566775636421063,,,28.88550282026976,"rgba(239, 83, 80, 0.75)",2.7077822995916456,27.9164752892325,1.1849271306823186,29.64759220242948,-18.737121212977446,False,True,False,True,True,3.116635546158765,0.0,0.0,0.0,0.0,0,1.0179038699903595,0.9212229720424182,False,False,False,False,0.007892100626608924,0.035110408487118,False,False,False,False,-12663.0,-11364.54108628832,False,False,False,False,770.0040853405006,False,False,False,False
2025-06-10 16:00:00+00:00,31.125,31.25,30.95,31.07,600.0,,,,,,,,,,,30.861383844398134,32.96784735490499,32.20238957921721,32.08559850869661,30.51800521566175,29.061832877706905,25.591983944663347,24.994699506308798,21.788065537633376,,,,25.591983944663347,,,28.896867374354567,"rgba(239, 83, 80, 0.75)",2.680076099833873,27.926563868155732,1.1728906250233406,32.670499336902864,-23.604646999618737,False,True,False,True,True,2.8863292921774075,0.0,0.0,0.0,0.0,0,1.0287820785481356,0.9286828300014176,False,False,False,False,0.03391911044367559,0.034514759465396797,False,False,False,False,-13263.0,-11393.974557818734,False,False,False,False,767.3683630871595,False,False,False,False
2025-06-10 17:00:00+00:00,31.075,31.175,30.84,30.855,500.0,,,,,,,,,,,30.87372937721344,32.94739813590917,32.19230161043896,32.07669497986266,30.52084422784854,29.072303192390727,25.612310564152306,25.015942022788973,21.810124958296445,,,,25.612310564152306,,,28.902405452100133,"rgba(239, 83, 80, 0.75)",2.6438543389842053,27.932799253416636,1.1052805381502606,33.865920437028606,-22.25276236282279,False,True,False,True,True,1.9810229272937825,0.0,0.0,0.0,0.0,0,1.0250868117071787,0.9270781659698106,False,False,False,False,0.0228575747885685,0.02868616712698265,False,False,False,False,-13763.0,-11430.7036344417,False,False,False,False,763.2231171478238,False,False,False,False
2025-06-10 18:00:00+00:00,30.855,31.14,30.715,31.055,300.0,,,,,,,,,,,30.880673639496674,32.93540784908203,32.186391346861576,32.07148275194406,30.522581639933296,29.078574082641236,25.62446301028766,25.02864347121189,21.823328952763525,,,,25.62446301028766,,,28.90572741602466,"rgba(239, 83, 80, 0.75)",2.606508886725005,27.93657959804844,1.1963973795883567,35.98740791884941,-19.998539653721082,False,True,False,True,True,2.7778611229393384,0.0,0.0,0.0,0.0,0,1.0212630236019562,0.9313913105110213,False,False,False,False,0.011626125068118366,0.02015614609755051,False,False,False,False,-13463.0,-11462.212105225548,False,False,False,False,756.0413633935939,False,False,False,False
2025-06-10 19:00:00+00:00,31.06,31.37,30.79,30.93,1530.0,,,,,,,,,,,30.92083347981485,32.878251217200926,32.15856068351867,32.04705354040186,30.532398169924722,29.110916056443813,25.686278900581996,25.0932327431574,21.890519391418554,,,,25.686278900581996,,,28.92422713138475,"rgba(239, 83, 80, 0.75)",2.567345033789259,27.957270202513495,1.1579003828320342,36.838630529572335,-18.908050855707845,False,True,False,True,True,2.240294542387929,0.0,0.0,0.0,0.0,0,1.017852102737793,0.9304261924922381,False,False,False,False,0.018603395204838204,0.019379770651194356,False,False,False,False,-14993.0,-11516.953002818951,False,False,False,False,768.0407221006699,False,False,False,False
2025-06-11 14:00:00+00:00,32.04,32.825,31.98,32.81,2200.0,,,,,,,,,,,31.371904550640135,32.864195783604295,32.171263461704136,32.06308272033378,30.58668866717516,29.190694273985365,25.797127478086946,25.20669289720446,22.00109589827831,,,,25.797127478086946,,,29.028082859001398,#000000,2.537237623234491,28.041985443823688,1.8792148250182463,45.915518981529885,-10.355853633669042,False,True,False,False,True,9.217890570591234,0.0,0.0,0.0,0.0,0,1.018634826420043,0.915660155980399,False,False,False,False,0.09524197618182581,0.05731087341651008,False,False,False,False,-12793.0,-11536.736677193852,False,False,False,False,790.2416411378688,False,False,False,False
2025-06-11 15:00:00+00:00,32.81,32.96,32.45,32.745,1199.0,,,,,,,,,,,31.549541886737092,32.86098114721957,32.18105765593581,32.07453077263078,30.617674203390518,29.23488420484425,25.857616328087605,25.268567429238797,22.06141164229779,,,,25.857616328087605,,,29.07847391893136,"rgba(38, 166, 154, 0.5)",2.5057639895191697,28.086155128259968,1.859251266769946,51.627221669477734,-5.300268697056026,False,False,True,False,True,8.933914464711659,0.0,0.0,0.0,0.0,0,1.023387374956882,0.9179717143842704,False,False,False,False,0.07740379521411173,0.06735733431531091,False,False,False,False,-13992.0,-11574.802775221853,False,False,False,False,796.5789800349561,False,False,False,False
2025-06-11 16:00:00+00:00,32.76,32.84,32.22,32.67,1515.0,,,,,,,,,,,31.6963016756264,32.85327828346954,32.18980891750745,32.08537642686739,30.653006031746035,29.286954557921085,25.93100436654987,25.343847186809445,22.135659458115835,,,,25.93100436654987,,,29.130581878290336,"rgba(38, 166, 154, 0.5)",2.464811346325076,28.13499838850879,1.8398980588322498,55.01003259171996,-2.3985546132309565,False,False,True,False,True,8.602007795658448,0.0,0.0,0.0,0.0,0,1.0144437398717678,0.9318678221658563,False,False,False,False,0.064555488507052,0.06595641141118146,False,False,False,False,-15507.0,-11635.767073280429,False,False,False,False,807.717290422011,False,False,False,False
2025-06-11 17:00:00+00:00,32.67,33.495,32.63,32.94,1520.0,,,,,,,,,,,31.862477934504668,32.857734321047836,32.20787030820726,32.10523578279515,30.69510570626754,29.344440759493676,26.007864625675694,25.422384725820738,22.212236332222638,,,,26.007864625675694,,,29.190594499559463,"rgba(38, 166, 154, 0.5)",2.4229693829329526,28.190781488788293,1.960081932798869,58.22973374093122,0.4876179326702257,False,False,True,False,True,9.552714516834076,0.0,0.0,0.0,0.0,0,1.0078392944634984,0.9276265136137746,False,False,False,False,0.10373519113501303,0.08484580127309724,False,False,False,False,-13987.0,-11672.2202969505,False,False,False,False,818.7604332061659,False,False,False,False
2025-06-11 18:00:00+00:00,32.91,33.01,32.51,32.86,259.0,,,,,,,,,,,31.88194906584828,32.85744523207043,32.2100283209518,32.10771374146632,30.701441067549553,29.353462799678145,26.0203744053339,25.435209881270676,22.22490397015795,,,,26.0203744053339,,,29.19916983159189,"rgba(38, 166, 154, 1.0)",2.377462531795182,28.19914548933948,1.960432372047179,59.8456675996797,2.038184731755848,True,False,True,False,True,9.18826003259041,0.0,0.0,0.0,0.0,0,1.0038729666924866,0.9438771917470601,False,False,False,False,0.08144690808433665,0.08314635467871695,False,False,False,False,-14246.0,-11712.123858238088,False,False,False,False,810.0819768773881,False,False,False,False
2025-06-11 19:00:00+00:00,32.87,33.09,32.775,33.05,2183.0,,,,,,,,,,,32.04527577526033,32.861609247229225,32.23297765784666,32.13316458400805,30.75778247046073,29.43151777479116,26.126737927682917,25.544137396796806,22.33226241903943,,,,26.126737927682917,,,29.273940583679476,"rgba(38, 166, 154, 1.0)",2.3301217576352693,28.272242537297632,2.050432535144037,61.682344870805096,3.961658672301432,True,False,True,False,True,9.868627457256409,0.0,0.0,0.0,0.0,0,1.0087098144738706,0.9387480526837554,False,False,False,False,0.09414545121420691,0.08864590294646194,False,False,False,False,-12063.0,-11717.563798420444,False,False,False,False,831.3675276234751,False,False,False,False
2025-06-12 14:00:00+00:00,33.27,34.315,33.27,34.06,3349.0,,,,,,,,,,,32.38858676640245,32.91563696030366,32.30582205335232,32.20876828528267,30.872356707662092,29.574079531794546,26.30460253486466,25.724998261932207,22.506593245624718,,,,26.30460253486466,,,29.42238270524659,"rgba(38, 166, 154, 1.0)",2.2898421165920575,29.00538575113662,2.2074073195867747,66.01940759513224,8.229392440564922,True,False,True,False,True,13.327038727476715,0.0,0.0,0.0,0.0,0,1.0140281966753175,0.921371957634846,False,False,False,False,0.1579922244034568,0.12331906367495937,False,False,False,False,-8714.0,-11670.996917824777,False,False,False,False,870.4005892107081,False,False,False,False
2025-06-12 15:00:00+00:00,34.06,34.305,33.7,33.78,1069.0,,,,,,,,,,,32.4752953519816,32.932473496218186,32.32838654212253,32.23217847652037,30.907719762574867,29.618153931130262,26.360010719352392,25.781409218101693,22.561360627672627,,,,26.360010719352392,,,29.466332013963843,"rgba(38, 166, 154, 1.0)",2.241805301316082,29.046198298127656,2.111602510304219,66.98010030743345,9.361245955937967,True,False,True,False,True,12.019918125850282,0.0,0.0,0.0,0.0,0,1.0149430905663013,0.922631101180085,False,False,False,False,0.17375883769337683,0.14853895068416811,False,False,False,False,-9783.0,-11641.725647780982,False,False,False,False,873.4796498431001,False,False,False,False
2025-06-12 16:00:00+00:00,33.78,33.96,33.495,33.515,1334.0,,,,,,,,,,,32.55286336565438,32.94719282474771,32.35104514861275,32.25597465020368,30.9468504705807,29.668529604278874,26.425593114135555,25.848413876823834,22.627356410759464,,,,26.425593114135555,,,29.513757718421882,"rgba(38, 166, 154, 1.0)",2.186572172342992,29.08807057558379,2.0245978982127975,65.86892833961336,9.361245955937967,True,False,True,False,True,10.793779548183814,0.0,0.0,0.0,0.0,0,1.0198276466054788,0.9253835913963425,False,False,False,False,0.15312818266720943,0.15083356667568876,False,False,False,False,-11117.0,-11633.590366420036,False,False,False,False,880.6195002331295,False,False,False,False
2025-06-12 17:00:00+00:00,33.44,33.7,33.44,33.62,301.0,,,,,,,,,,,32.5679557506386,32.95011213233435,32.355782888758654,32.2609715724557,30.95530215036607,29.67952647365067,26.440086582706314,25.86324113565471,22.642045278117934,,,,26.440086582706314,,,29.52389155163145,"rgba(38, 166, 154, 1.0)",2.155596251202457,29.09708582735157,2.098219539083633,65.52656314559917,9.361245955937967,True,False,True,False,True,11.157483677647686,0.0,0.0,0.0,0.0,0,1.0119256401262715,0.931111890564714,False,False,False,False,0.14137152754691995,0.14610254711130435,False,False,False,False,-10816.0,-11620.914546785616,False,False,False,False,871.6331513923058,False,False,False,False
2025-06-12 18:00:00+00:00,33.62,33.62,33.31,33.39,600.0,,,,,,,,,,,32.59261531089955,32.95452991452991,32.36400683084286,32.269731395833574,30.971058834927508,29.700448019534207,26.468213557816153,25.892070201027323,22.670817445690396,,,,26.468213557816153,,,29.54261016790016,"rgba(38, 166, 154, 0.75)",2.1252152344627793,29.113403064839275,2.0123123840874317,63.6783629719979,9.361245955937967,True,False,True,False,False,10.080244065767818,0.0,0.0,0.0,0.0,0,1.0093176404651814,0.9312035869412918,False,False,False,False,0.13355546609564026,0.1398290066034723,False,False,False,False,-11416.0,-11617.737577068008,False,False,False,False,867.4217847040529,False,False,False,False
2025-06-12 19:00:00+00:00,33.39,33.85,33.36,33.83,2193.0,,,,,,,,,,,32.69447489072089,32.977678835586204,32.39950683723885,32.30701553144463,31.032424713522293,29.779758416789353,26.57259630573192,25.998891627002237,22.777002737119275,,,,26.57259630573192,,,29.615483321683957,"rgba(38, 166, 154, 0.75)",2.0997962320701773,29.181763360658078,2.2136608154398156,64.2990576320026,9.361245955937967,True,False,True,False,False,11.627001907945505,0.0,0.0,0.0,0.0,0,1.013723568127713,0.9276011763058394,False,False,False,False,0.14398065274120114,0.14190482967233672,False,False,False,False,-9223.0,-11580.60986269486,False,False,False,False,887.9733849411994,False,False,False,False
2025-06-13 14:00:00+00:00,32.89,32.96,32.12,32.78,336.0,,,,,,,,,,,32.693421133897616,32.97593868400349,32.40041440547503,32.30827820201873,31.037915791676955,29.788404666557945,26.585977455822626,26.012776949050977,22.791527062912095,,,,26.585977455822626,,,29.621628261268384,"rgba(38, 166, 154, 0.75)",2.069008989395188,29.186326696373946,1.736905601689317,58.77896121225392,14.851569343898404,True,False,True,False,False,6.876750521712388,0.0,0.0,0.0,0.0,0,0.996496049467537,0.9267605633802818,False,False,False,False,0.06528906434313474,0.10359694700773572,False,False,False,False,-9559.0,-11549.267074125948,False,False,False,False,879.4156580428861,False,False,False,False
2025-06-13 15:00:00+00:00,32.78,33.1,32.735,33.075,3758.0,,,,,,,,,,,32.731210022420164,32.975632212319695,32.42548206833822,32.3368470926581,31.109874449135457,29.893164376920293,26.74015434082223,26.17222153106837,22.956784000541496,,,,26.74015434082223,,,29.704596677136003,"rgba(38, 166, 154, 0.75)",2.0328542664117295,29.261118328961835,1.8761215371184472,56.47618765774318,12.554498069582088,True,False,True,False,False,7.9311156473875535,0.0,0.0,0.0,0.0,0,1.005569689885168,0.9252561369731143,False,False,False,False,0.09304008602441682,0.09831851651607627,False,False,False,False,-5801.0,-11460.146654372056,False,False,False,False,924.0448726468724,False,False,False,False
2025-06-13 16:00:00+00:00,33.075,33.085,32.695,32.765,1651.0,,,,,,,,,,,32.73784229661133,32.972810071794314,32.433502833946065,32.34636807786983,31.137861886049155,29.935303412418058,26.8042816945294,26.238769823540295,23.026839930277028,,,,26.8042816945294,,,29.737064447448386,"rgba(38, 166, 154, 0.5)",1.9960470011075733,29.29167207063778,1.7401032778461272,53.463074773211936,9.603213516354842,False,False,True,False,False,6.577241501094164,0.0,0.0,0.0,0.0,0,1.0159048475209185,0.9240024894543946,False,False,False,False,0.09101416986181915,0.0946663431889477,False,False,False,False,-7452.0,-11398.004845777139,False,False,False,False,935.3154947763782,False,False,False,False
2025-06-13 17:00:00+00:00,32.77,32.775,32.41,32.575,2711.0,,,,,,,,,,,32.72498143324861,32.95924704922067,32.43812926875465,32.35349506596939,31.175174830268013,29.99596341024299,26.90227535371215,26.340998946570107,23.136738372684725,,,,26.90227535371215,,,29.78077819229681,#000000,1.9505360201149005,29.33315169173158,1.6620294497701484,50.574253188748344,6.797238672646451,False,False,False,False,False,5.752754216597619,0.0,0.0,0.0,0.0,0,1.0059486753821678,0.9324202808328144,False,False,False,False,0.069141507400627,0.08190392529478735,False,False,False,False,-10163.0,-11378.857483827105,False,False,False,False,962.8454871054265,False,False,False,False
2025-06-13 18:00:00+00:00,32.58,32.675,31.9,32.26,2849.0,,,,,,,,,,,32.68832685217191,32.93500770525122,32.433212868970465,32.35122318886706,31.20424532664896,30.049550942369972,26.99634538966582,26.4398111627762,23.245860074942154,,,,26.99634538966582,,,29.81595372351819,"rgba(239, 83, 80, 0.5)",1.9101001105785909,29.367113673228697,1.5145207891197978,47.2440502291311,3.604158503718338,False,False,False,True,False,4.395252590989383,0.0,0.0,0.0,0.0,0,0.9960033076074971,0.939705071664829,False,False,False,False,0.04678562409469187,0.0643447746947396,False,False,False,False,-13012.0,-11404.177522837537,False,False,False,False,992.0881927316989,False,False,False,False
2025-06-13 19:00:00+00:00,32.255,32.32,31.795,31.87,7137.0,,,,,,,,,,,32.57009700618833,32.858044163253744,32.40185514569984,32.32614857845456,31.253213796095434,30.157619668430883,27.206255001294448,26.662143324454405,23.49988803005032,,,,27.206255001294448,,,29.881696079324666,"rgba(239, 83, 80, 1.0)",1.8773549775446374,29.434338043182812,1.2973902037443936,43.45709503587874,0.029253084848761546,False,True,False,True,False,2.7441326781327753,0.0,0.0,0.0,0.0,0,0.9884048027444255,0.947032590051458,False,False,False,False,0.029959149775252603,0.047151962234996105,False,False,False,False,-20149.0,-11539.75616589432,False,False,False,False,1087.3581432319827,False,False,False,False
2025-06-16 14:00:00+00:00,32.45,32.67,32.195,32.59,1431.0,,,,,,,,,,,32.567283638295905,32.85201903686982,32.40303121210922,32.3283593327044,31.268320677745297,30.183256306240423,27.25033001336157,26.708497871188346,23.551892734888913,,,,27.25033001336157,,,29.901443424822656,"rgba(239, 83, 80, 0.5)",1.8525463362431303,29.45522489731054,1.6921439649637202,45.0767018161507,0.029253084848761546,False,False,False,True,False,5.4681488761138475,0.0,0.0,0.0,0.0,0,0.993858751279427,0.9363357215967246,False,False,False,False,0.05740663783988067,0.052279300037438386,False,False,False,False,-18718.0,-11651.046767973477,False,False,False,False,1092.685923957068,False,False,False,False
2025-06-16 15:00:00+00:00,32.59,33.52,32.59,32.99,1450.0,,,,,,,,,,,32.58239009105676,32.85493858967239,32.41193742813151,32.338162563655004,31.289985341132578,30.214716265355268,27.29884598398105,26.75910884113476,23.60717454592246,,,,27.29884598398105,,,29.928584405560198,#000000,1.8316351725726727,29.48381363547349,1.9142383903896127,48.0186559350269,0.029253084848761546,False,False,False,False,True,6.923065078798082,0.0,0.0,0.0,0.0,0,1.0039314037822817,0.9211007930590388,False,False,False,False,0.10318143659077132,0.07773036831410485,False,False,False,False,-17268.0,-11738.131314206446,False,False,False,False,1098.2256770740125,False,False,False,False
2025-06-16 16:00:00+00:00,32.99,33.26,32.85,32.975,300.0,,,,,,,,,,,32.58536080146852,32.85551433314886,32.413734186439676,32.340142532011114,31.29438878615677,30.22112731434011,27.308773649383625,26.76947085312147,23.618525749926714,,,,27.308773649383625,,,29.934115356221874,#000000,1.805696371870783,29.489644105150926,1.9302004197073779,49.89839617517544,0.029253084848761546,False,False,False,False,True,6.857523336595214,0.0,0.0,0.0,0.0,0,1.021812426890525,0.9228652033303518,False,False,False,False,0.0996343664563362,0.08868236738522053,False,False,False,False,-17568.0,-11828.516875226502,False,False,False,False,1085.8500851813922,False,False,False,False
2025-06-16 17:00:00+00:00,32.99,33.25,32.91,33.035,100.0,,,,,,,,,,,32.58642350186851,32.85574593698175,32.414366372866866,32.34083502909058,31.295882582053068,30.223285671278553,27.312096395881554,26.77293743965874,23.62231812871602,,,,27.312096395881554,,,29.935987895377295,"rgba(38, 166, 154, 1.0)",1.7852050554740242,29.491617511878793,1.9848602138202727,51.46079047133209,-5.016216622754904,True,False,True,False,True,7.079316294757124,0.0,0.0,0.0,0.0,0,1.0183600220872449,0.9260767531750413,False,False,False,False,0.10150764070874899,0.09509500404698476,False,False,False,False,-17468.0,-11915.950722122216,False,False,False,False,1070.5655877367194,False,False,False,False
2025-06-16 18:00:00+00:00,33.04,33.14,32.685,32.9,569.0,,,,,,,,,,,32.59043126271798,32.85607468404032,32.41707971721032,32.34390325788815,31.303586062132656,30.234830990705056,27.33041716051229,26.79210055349709,23.643481882026233,,,,27.33041716051229,,,29.945767285636673,"rgba(38, 166, 154, 1.0)",1.7631226470295238,29.501948068262543,1.9272918633666412,51.62486607718017,-4.52170974829577,True,False,True,False,True,6.470499449443359,0.0,0.0,0.0,0.0,0,1.0147871752349364,0.927584300718629,False,False,False,False,0.08896960326079538,0.09203230365389006,False,False,False,False,-18037.0,-12010.850710926523,False,False,False,False,1062.7893770741346,False,False,False,False
2025-06-16 19:00:00+00:00,32.89,33.065,32.5,32.74,1849.0,,,,,,,,,,,32.597348762056974,32.85432775552396,32.42323954816191,32.351231335966595,31.325978291125455,30.2697429056211,27.387658383384093,26.852147364836465,23.710564373441915,,,,27.387658383384093,,,29.974693191124274,#000000,1.7458863491487848,29.53262583528569,1.837103638663584,50.687933185504534,-4.52170974829577,True,False,False,False,True,5.74617188846636,0.0,0.0,0.0,0.0,0,1.011619911991199,0.9249862486248623,False,False,False,False,0.07925798280746744,0.08564514323067876,False,False,False,False,-19886.0,-12132.946048741615,False,False,False,False,1074.9786890574815,False,False,False,False
2025-06-17 14:00:00+00:00,32.64,33.215,32.015,32.05,2585.0,,,,,,,,,,,32.588548610141544,32.84274609842889,32.42332156093104,32.353009303159595,31.349010650239332,30.310511294395212,27.46073870436864,26.929368358439298,23.799236771955798,,,,27.46073870436864,,,30.006276816895486,"rgba(239, 83, 80, 0.5)",1.7242307280649922,29.566576282275843,1.4403082356101853,46.37491194561215,-4.52170974829577,False,False,False,True,False,2.7060398868778144,0.0,0.0,0.0,0.0,0,1.0050850905146114,0.9233846362465251,False,False,False,False,0.06676663260811867,0.07620588791939872,False,False,False,False,-22471.0,-12293.225954962674,False,False,False,False,1098.3898721728692,False,False,False,False
2025-06-17 15:00:00+00:00,32.05,32.35,32.03,32.19,300.0,,,,,,,,,,,32.58617803728744,32.84070100501637,32.4226753661186,32.35256463531436,31.351048029351112,30.314625041343216,27.468685261939434,26.93781198337158,23.80913177328607,,,,27.468685261939434,,,30.009269014780912,"rgba(239, 83, 80, 0.5)",1.7001981866458409,29.569840551894025,1.54109060266382,44.5204153350404,0.20508048304271398,False,False,False,True,False,3.2652218159569983,0.0,0.0,0.0,0.0,1,1.0058249796803034,0.9355865619073419,False,False,False,False,0.032393624744729434,0.054299756332064075,False,False,False,False,-22171.0,-12446.369738606663,False,False,False,False,1086.0117346198015,False,False,False,False
2025-06-17 16:00:00+00:00,32.19,32.315,31.72,31.78,954.0,,,,,,,,,,,32.574151732145054,32.83179928374712,32.41844693052695,32.34900223864898,31.35553780545137,30.325848343452787,27.492441177235264,26.96320547420194,23.839503102954932,,,,27.492441177235264,,,30.016659565373818,"rgba(239, 83, 80, 1.0)",1.6843841551088976,29.578075595484755,1.3072578472295644,41.38664891867164,-2.884626495512464,False,True,False,True,False,1.4970456945534174,0.0,0.0,0.0,0.0,0,1.0,0.9393734809613825,False,False,False,False,0.019469273546278733,0.0368845149391714,False,False,False,False,-23125.0,-12611.929897698034,False,False,False,False,1083.9650410598047,False,False,False,False
2025-06-17 17:00:00+00:00,31.77,32.09,31.64,31.97,450.0,,,,,,,,,,31.9,32.56829983346514,32.82748348892342,32.41632069567858,32.34718816962948,31.35749414448223,30.33096409760137,27.503463503460335,26.975002628602375,23.853683134087586,,,,27.503463503460335,,,30.20798996959305,"rgba(239, 83, 80, 1.0)",1.664291370453413,29.994114555804828,1.1872232706805832,40.76349032835665,-3.646420170027895,False,True,False,True,False,2.2739904297788165,0.0,0.0,0.0,0.0,0,0.9996628228471238,0.9418706588441565,False,False,False,False,0.008048950467078842,0.02246673270312512,False,False,False,False,-22675.0,-12767.946488431397,False,False,False,False,1074.1361256945363,False,False,False,False
2025-06-17 18:00:00+00:00,31.95,32.47,31.88,32.46,384.0,,,,,,,,,,32.070359712230214,32.5661064943354,32.82528878454529,32.41581040907948,32.3469229656538,31.360283482723297,30.336326568336546,27.51361361888706,26.985777993290824,23.86629864054983,,,,27.51361361888706,,,30.228678866963172,"rgba(239, 83, 80, 0.5)",1.6307005955822695,30.00643057528838,1.504610614209981,43.661462683355964,-3.646420170027895,False,False,False,True,True,4.242220806235082,0.0,0.0,0.0,0.0,0,1.0006056120045757,0.9400444115470021,False,False,False,False,0.03126940064443395,0.026868066673779535,False,False,False,False,-22291.0,-12915.590728920832,False,False,False,False,1063.4363408000474,False,False,False,False
2025-06-17 19:00:00+00:00,32.46,32.7,31.99,32.02,675.0,,,,,,,,,,32.14475149105368,32.561902867044736,32.821243415872495,32.414718897434035,32.346261068964786,31.364967352088062,30.345519982990147,27.531226922574024,27.00449432862302,23.888295309582126,,,,27.531226922574024,,,30.242338163622712,"rgba(239, 83, 80, 0.75)",1.5698718832215792,30.016615368718696,1.276145303762052,43.24610499308664,-3.646420170027895,False,True,False,True,True,2.324722184385525,0.0,0.0,0.0,0.0,0,0.9971258605708174,0.9393757101798007,False,False,False,False,0.044015920516496373,0.03544199359513796,False,False,False,False,-22966.0,-13071.411027697253,False,False,False,False,1057.4140719504342,False,False,False,False
2025-06-18 14:00:00+00:00,32.56,33.61,32.54,33.08,1600.0,,,,,,,,,,32.624347593009546,32.577015198776756,32.82533772140738,32.42414298298689,32.356508869772604,31.386380824674013,30.376483828986185,27.579817053023955,27.055368151701117,23.945176702507585,,,,27.579817053023955,,,30.3150578926846,#000000,1.5173500133663964,30.53018105577606,1.6804421667792426,48.313928788671916,-7.2247680417474385,False,False,False,False,True,6.40507326151333,0.0,0.0,0.0,0.0,1,1.000853970964987,0.9192668987715955,False,False,False,False,0.09896619228725088,0.06720409294119442,False,False,False,False,-21366.0,-13200.009306337606,False,False,False,False,1065.8262568814353,False,False,False,False
2025-06-18 15:00:00+00:00,33.08,33.19,32.34,32.36,500.0,,,,,,,,,,32.625130691789046,32.577496878787876,32.82436410941424,32.425054790758644,32.35770274753576,31.391223691623107,30.384439643100066,27.59360760519125,27.069925454722704,23.961945554667388,,,,27.59360760519125,,,30.32108911675901,#000000,1.4821168207230537,30.530354507401576,1.2344812952772692,48.27426042411321,-7.15356104465971,False,False,False,False,True,3.355893328478164,0.0,0.0,0.0,0.0,1,0.9984995759671212,0.9255659208037055,False,False,False,False,0.0755774852683848,0.0713907891047896,False,False,False,False,-21866.0,-13334.365751200588,False,False,False,False,1057.0537567747463,False,False,False,False
2025-06-18 16:00:00+00:00,32.35,32.74,32.3,32.67,63.0,,,,,,,,,,32.624184822076984,32.57748830127914,32.82420446507735,32.42513563883945,32.35781945341267,31.391801793035437,30.38541141459054,27.595319236830708,27.07173454808085,23.964039244073827,,,,27.595319236830708,,,30.321713891729694,#000000,1.45807799566463,30.53037864590896,1.4674258581865134,49.600355350673496,-5.672002520550805,False,False,False,False,True,4.515809016794716,0.0,0.0,0.0,0.0,1,0.9990222280164265,0.9312300371553354,False,False,False,False,0.05715232883387413,0.06427155896933187,False,False,False,False,-21803.0,-13465.662406220734,False,False,False,False,1041.6420706231997,False,False,False,False
2025-06-18 17:00:00+00:00,32.66,32.72,32.22,32.515,25.0,,,,,,,,,,32.62324362095393,32.57744632829896,32.82412000517907,32.42514888644973,32.35784719132489,31.392014502341382,30.385781803855156,27.595986529542024,27.072441019349895,23.964861587755035,,,,27.595986529542024,,,30.321889147505004,#000000,1.4569654073443685,30.5303034296384,1.362212555189717,49.74942523280952,-5.227448609348301,False,False,False,False,True,3.8643745355217334,0.0,0.0,0.0,0.0,1,0.9975953727172288,0.9306557483590043,False,False,False,False,0.053397256130766554,0.05883440755004921,False,False,False,False,-21828.0,-13595.311051085528,False,False,False,False,1025.8801780553981,False,False,False,False
2025-06-18 18:00:00+00:00,32.515,32.775,32.245,32.255,100.0,,,,,,,,,,32.6180225616715,32.57717009736415,32.82372288665127,32.42514875477571,32.3579057240231,31.392817850708344,30.3872197463832,27.598621145246266,27.075233755956724,23.968126222771048,,,,27.598621145246266,,,30.32239887455513,#000000,1.4555519277629216,30.529808908805364,1.1852487419298963,48.618317991669734,-5.227448609348301,False,False,False,False,True,2.773773252277067,0.0,0.0,0.0,0.0,1,0.9966301600673969,0.9319551552070507,False,False,False,False,0.05640118886032639,0.0576177982051878,False,False,False,False,-21928.0,-13724.500027037691,False,False,False,False,1011.5254466126787,False,False,False,False
2025-06-18 19:00:00+00:00,32.255,32.675,32.245,32.47,883.0,,,,,,,,,,32.58883653846154,32.57537740840481,32.82058418074638,32.42544463457797,32.35871095349305,31.400118999804324,30.40006651576523,27.621944420312673,27.09994351911001,23.99697414637399,,,,27.621944420312673,,,30.328800131704998,#000000,1.452370460645251,30.5302191412406,1.3355964688910043,49.012426352917565,-5.227448609348301,False,False,False,False,True,3.6068418631910255,0.0,0.0,0.0,0.0,1,0.9943769389865563,0.9345915201654602,False,False,False,False,0.05264642546594355,0.05513211183556568,False,False,False,False,-21045.0,-13837.996150649511,False,False,False,False,1009.5328040295364,False,False,False,False
2025-06-19 14:00:00+00:00,32.47,32.47,32.47,32.47,0.0,,,,,,,,,,32.58883653846154,32.57537740840481,32.82058418074638,32.42544463457797,32.35871095349305,31.400118999804324,30.40006651576523,27.621944420312673,27.09994351911001,23.99697414637399,,,,27.621944420312673,,,30.328800131704998,#000000,1.4511011569037877,30.5302191412406,1.3367647386473773,49.27516526041612,-4.745302835011032,False,False,False,False,True,3.6068418631910255,0.0,0.0,0.0,0.0,1,1.001884952876178,0.9350016249593759,False,False,False,False,0.053397256130766554,0.05426468398316611,False,False,False,False,-21045.0,-13949.73264443789,False,False,False,False,993.8811326492335,False,False,False,False
2025-06-19 15:00:00+00:00,32.47,32.47,32.47,32.47,0.0,,,,,,,,,,32.58883653846154,32.57537740840481,32.82058418074638,32.42544463457797,32.35871095349305,31.400118999804324,30.40006651576523,27.621944420312673,27.09994351911001,23.99697414637399,,,,27.621944420312673,,,30.328800131704998,#000000,1.4502658128522066,30.5302191412406,1.337534706789008,49.45032453208182,-4.1986019083976345,False,False,False,False,True,3.6068418631910255,0.0,0.0,0.0,0.0,1,1.0011147540983607,0.9383606557377049,False,False,False,False,0.053397256130766554,0.05383097005696633,False,False,False,False,-21045.0,-14059.736789485365,False,False,False,False,978.4721228407182,False,False,False,False
2025-06-19 16:00:00+00:00,32.47,32.47,32.47,32.47,0.0,,,,,,,,,,32.58883653846154,32.57537740840481,32.82058418074638,32.42544463457797,32.35871095349305,31.400118999804324,30.40006651576523,27.621944420312673,27.09994351911001,23.99697414637399,,,,27.621944420312673,,,30.328800131704998,#000000,1.4489835113679383,30.5302191412406,1.338718379844167,49.56709737985896,-3.709762628612509,False,False,False,False,True,3.6068418631910255,0.0,0.0,0.0,0.0,0,0.9939894319682959,0.9433949801849404,False,False,False,False,0.053397256130766554,0.05361411309386645,False,False,False,False,-21045.0,-14168.03544391195,False,False,False,False,963.3020124090791,False,False,False,False
2025-06-19 17:00:00+00:00,32.47,32.47,32.47,32.47,0.0,,,,,,,,,,32.58883653846154,32.57537740840481,32.82058418074638,32.42544463457797,32.35871095349305,31.400118999804324,30.40006651576523,27.621944420312673,27.09994351911001,23.99697414637399,,,,27.621944420312673,,,30.328800131704998,#000000,1.4403517244374835,30.5302191412406,1.3467410951425511,49.644945945043716,-3.2705020031222602,False,False,False,False,True,3.6068418631910255,0.0,0.0,0.0,0.0,0,0.9876428381610418,0.9479138984852511,False,False,False,False,0.053397256130766554,0.0535056846123165,False,False,False,False,-21045.0,-14274.655049432695,False,False,False,False,948.3670974880081,False,False,False,False
2025-06-19 18:00:00+00:00,32.47,32.47,32.47,32.47,0.0,,,,,,,,,,32.58883653846154,32.57537740840481,32.82058418074638,32.42544463457797,32.35871095349305,31.400118999804324,30.40006651576523,27.621944420312673,27.09994351911001,23.99697414637399,,,,27.621944420312673,,,30.328800131704998,#000000,1.4376697455595424,30.5302191412406,1.349253446245705,49.69684498850022,-2.875871227489249,False,False,False,False,True,3.6068418631910255,0.0,0.0,0.0,0.0,1,0.9827528578113509,0.9527374824520356,False,False,False,False,0.053397256130766554,0.05345147037154153,False,False,False,False,-21045.0,-14379.621637813583,False,False,False,False,933.6637316354808,False,False,False,False
2025-06-19 19:00:00+00:00,32.47,32.47,32.47,32.47,0.0,,,,,,,,,,32.58883653846154,32.57537740840481,32.82058418074638,32.42544463457797,32.35871095349305,31.400118999804324,30.40006651576523,27.621944420312673,27.09994351911001,23.99697414637399,,,,27.621944420312673,,,30.328800131704998,#000000,1.434139560600439,30.5302191412406,1.3525746810493533,49.73144435080455,-2.5224748441828098,False,False,False,False,True,3.6068418631910255,0.0,0.0,0.0,0.0,1,0.9997951239500105,0.9495321996858569,False,False,False,False,0.053397256130766554,0.053424363251154044,False,False,False,False,-21045.0,-14482.960837227327,False,False,False,False,919.1883249434578,False,False,False,False
2025-06-20 14:00:00+00:00,31.94,32.09,30.86,30.98,2318.0,,,,,,,,,,32.16523792512147,32.52514286366724,32.78681980939523,32.40320730808814,32.33809742667842,31.398533885744055,30.414611295765063,27.66778506137886,27.150024915195957,24.061589554761028,,,,27.66778506137886,,,30.291105004579542,"rgba(239, 83, 80, 1.0)",1.4490089436987124,30.47848179143613,0.3461111891302089,41.39299550239838,-5.8134272790144905,False,True,False,True,False,0.0,0.0,0.0,0.0,0.0,0,0.9819880368304321,0.9361516230929496,False,False,False,False,-0.021154605021071575,0.016134879115041235,False,False,False,False,-23363.0,-14620.635863006748,False,False,False,False,940.8753276575127,True,False,False,False
2025-06-20 15:00:00+00:00,30.95,31.92,30.84,31.7,18.0,,,,,,,,,31.48666666666667,32.16349700684151,32.52482282374829,32.78659418193971,32.4030654421523,32.33796748794645,31.398545921722146,30.41474434730247,27.6681536200025,27.150425469137254,24.062098966829808,,,31.48666666666667,27.6681536200025,,,30.399689266753555,"rgba(239, 83, 80, 1.0)",1.4497127021995966,30.84954550474229,0.5866365756244971,41.22841275112689,-5.8134272790144905,False,True,False,True,False,0.09335418441072463,1.0,31.92,30.84,0.0,0,0.9877600160524379,0.9366597552003211,True,False,False,False,-0.028271855737850054,-0.0060684883114044096,False,False,False,False,-23345.0,-14755.897322495015,False,False,False,False,926.5671830426676,False,False,False,False
2025-06-20 16:00:00+00:00,31.7,31.915,31.68,31.75,300.0,,,,,,,,,31.76496855345912,32.14783966648442,32.521025204262976,32.78369599351425,32.4014665225732,32.336556106196674,31.39941596519913,30.41756596300017,27.674759550702138,27.157543921221027,24.07091582148043,,,31.76496855345912,27.674759550702138,,,30.42506847891759,"rgba(239, 83, 80, 1.0)",1.444715882788695,30.86249583370013,0.6143105207556416,41.44407011828849,-5.8134272790144905,False,True,False,True,False,0.30462193128046877,0.0,0.0,0.0,0.0,0,0.9920123506510939,0.9421398845482615,False,False,False,False,0.0029949002417836708,-0.0015367940348103694,False,False,False,False,-23045.0,-14884.410542301293,False,False,False,False,916.8529631505331,False,False,False,False
2025-06-20 17:00:00+00:00,31.79,31.895,31.315,31.89,450.0,,,,,,,,,31.726901041666668,32.12188964718002,32.51477976683514,32.7790281540047,32.398769519513095,32.33414279616273,31.40043640076245,30.421524527154325,27.684432509167287,27.167992807814787,24.083963731817143,,,31.726901041666668,27.684432509167287,,,30.421260082007123,"rgba(239, 83, 80, 0.75)",1.4142224808088577,30.858638776426584,0.7292779160062101,42.546007229370744,-5.8134272790144905,False,True,False,True,True,0.9017299104691681,0.0,0.0,0.0,0.0,0,0.9840396995708155,0.947290772532189,False,False,False,False,-0.011418537285422598,-0.006477665660116484,False,False,False,False,-22595.0,-15003.954564901273,False,False,False,False,909.6149327140907,False,False,False,False
2025-06-20 18:00:00+00:00,31.88,32.11,31.81,31.84,0.0,,,,,,,,,31.726901041666668,32.12188964718002,32.51477976683514,32.7790281540047,32.398769519513095,32.33414279616273,31.40043640076245,30.421524527154325,27.684432509167287,27.167992807814787,24.083963731817143,,,31.726901041666668,27.684432509167287,,,30.421260082007123,"rgba(239, 83, 80, 0.75)",1.394009939602887,30.858638776426584,0.7039843803789353,42.99001427783443,-5.8134272790144905,False,True,False,True,True,0.6812528799609616,0.0,0.0,0.0,0.0,0,0.992612987710698,0.9409710563427575,False,False,False,False,0.015162814277530927,0.004342574308707221,False,False,False,False,-22595.0,-15121.645191802028,False,False,False,False,895.5123756177483,False,False,False,False
2025-06-20 19:00:00+00:00,31.84,32.29,31.78,32.21,200.0,,,,,,,,,31.80261019283747,32.12117269227551,32.51335972729978,32.77771798840197,32.398248479627426,32.33373772036064,31.40148028182452,30.423814927206635,27.689136340197017,27.17302305412715,24.090047243974887,,,31.80261019283747,27.689136340197017,,,30.429486240739365,"rgba(239, 83, 80, 0.75)",1.3679231874804882,30.86337093435774,0.9844332473978693,45.89678872552692,-7.292514279245367,False,True,False,True,True,2.276371053512097,0.0,0.0,0.0,0.0,0,0.9936292918454934,0.9372317596566523,False,False,False,False,0.020780071042705132,0.012561322675706177,False,False,False,False,-22395.0,-15234.410382626804,False,False,False,False,884.7292380112715,False,False,False,False
2025-06-23 14:00:00+00:00,32.085,32.3,31.78,31.85,605.0,,,,,,,,,31.869554990464085,32.11097246528993,32.507944642718165,32.773114595008764,32.396084155027175,32.33192996990261,31.4040896877351,30.4302238344396,27.70292920887282,27.18781786757893,24.108126293799753,,,31.869554990464085,27.70292920887282,,,30.43843524643972,"rgba(239, 83, 80, 0.75)",1.3350427094426478,30.86816383794774,0.7354342712093135,45.550473989473105,-7.292514279245367,False,True,False,True,True,0.6640236706672091,0.0,0.0,0.0,0.0,0,0.9901869158878507,0.9378504672897199,False,False,False,False,0.02115459753048241,0.016857960103094292,False,False,False,False,-23000.0,-15354.807120880652,False,False,False,False,880.3923506002441,False,False,False,False
2025-06-23 15:00:00+00:00,31.84,32.28,31.84,32.165,100.0,,,,,,,,,31.883030484160194,32.1107882597163,32.507257112095274,32.77247108820942,32.395828882143796,32.33173186957744,31.404607382541947,30.43135873628334,27.705263368143207,27.190314729258038,24.111151407032587,,,31.883030484160194,27.705263368143207,,,30.440345756287414,"rgba(239, 83, 80, 0.5)",1.2957532228068518,30.86933206132493,0.9999341818100231,47.44061548442312,-5.790950709072007,False,False,False,True,True,2.023516150386815,0.0,0.0,0.0,0.0,0,0.9948525970987365,0.9390333578447757,False,False,False,False,0.02265276387306212,0.019755361988078205,False,False,False,False,-22900.0,-15471.786855440641,False,False,False,False,868.2932443893875,False,False,False,False
2025-06-23 16:00:00+00:00,32.17,32.265,31.39,32.125,400.0,,,,,,,,,31.891450393954013,32.102669128725246,32.503416085034125,32.769272674847315,32.3942431514373,32.33038166348612,31.40616740998612,30.43542513942806,27.714218165265738,27.199934910511473,24.122974332404265,,,31.891450393954013,27.714218165265738,,,30.442741186825433,#000000,1.2538997258642535,30.870417967934706,1.0005441473404662,48.42381879268531,-4.811525060911357,False,False,False,False,True,1.8414217824701353,0.0,0.0,0.0,0.0,0,0.9955416555762577,0.9326590364652648,False,False,False,False,0.005241110550323655,0.01249823626920093,False,False,False,False,-23300.0,-15593.154501092724,False,False,False,False,861.0328840112574,False,False,False,False
2025-06-23 17:00:00+00:00,32.09,33.35,32.08,33.04,600.0,,,,,,,,,32.10062726025689,32.147379967600735,32.506559617001294,32.76957759123126,32.396407613538905,32.33283413902039,31.41249126747434,30.44512623372989,27.730423431043448,27.21701571206307,24.142671846169534,,,32.10062726025689,27.730423431043448,,,30.472828607193616,"rgba(38, 166, 154, 1.0)",1.1886281819622488,30.892060640290147,1.8070742325526246,53.94858828759815,0.28776353618908246,True,False,True,False,True,5.667426664101551,0.0,0.0,0.0,0.0,0,1.0055869593795186,0.9165899829104771,False,False,False,False,0.07122308271146854,0.04186065949033474,False,False,False,False,-22700.0,-15703.338152238573,False,False,False,False,856.9858625537184,False,False,False,False
2025-06-23 18:00:00+00:00,32.99,33.3,32.99,33.08,500.0,,,,,,,,,32.26178485134994,32.19535722478944,32.51156898736233,32.77123254240036,32.39945051878393,32.33609794028674,31.418829644558713,30.454162690887994,27.744640365908317,27.231928094838935,24.159583369426183,,,32.26178485134994,27.744640365908317,,,30.49860329369026,"rgba(38, 166, 154, 1.0)",1.1064110879304403,30.91161754063292,1.9598343536334866,57.79831537705388,3.626643132155664,True,False,True,False,True,5.828795039177908,0.0,0.0,0.0,0.0,0,1.0169001117906227,0.9179325310712171,False,False,False,False,0.10374180243980115,0.07280123096506794,False,False,False,False,-22200.0,-15804.06159173875,False,False,False,False,851.4511980180018,False,False,False,False
2025-06-23 19:00:00+00:00,33.08,33.3,33.03,33.23,700.0,,,,,,,,,32.428946553059646,32.259189127035235,32.51915898407804,32.773935733452305,32.404037032721284,32.340986226166706,31.427951677858943,30.467009528351106,27.764651494059663,27.25290244749263,24.18331930979133,,,32.428946553059646,27.764651494059663,,,30.52928073764244,"rgba(38, 166, 154, 1.0)",1.0388916911525814,30.935886547556816,2.208231591397188,61.018052470608225,6.364331010317443,True,False,True,False,True,6.439400807427784,0.0,0.0,0.0,0.0,0,1.0164020815493051,0.9195705157762993,False,False,False,False,0.10525910503887706,0.0890301680019725,False,False,False,False,-21500.0,-15892.370714347451,False,False,False,False,849.1031174285755,False,False,False,False
2025-06-24 14:00:00+00:00,35.725,35.86,35.09,35.195,455.0,,,,,,,,,32.73936421749846,32.3846285832009,32.53992593714623,32.784918651399714,32.41527094855486,32.35230272270207,31.441168101738246,30.481982804799664,27.782813855989943,27.271470680275183,24.20242596453599,,,32.73936421749846,27.782813855989943,,,30.5814793152583,"rgba(38, 166, 154, 1.0)",1.0090479055404655,30.977922891723455,4.179263526658625,68.10736269496496,12.622347572798901,True,False,True,False,True,13.675653293883663,0.0,0.0,0.0,0.0,0,1.0158446204957834,0.9122795808842323,False,False,False,False,0.2857523114208158,0.18739123971139415,False,False,False,False,-21045.0,-15972.256439706405,False,False,False,False,842.9929915769696,False,False,False,False
2025-06-24 15:00:00+00:00,35.195,35.665,35.195,35.47,336.0,,,,,,,,,32.93416130646084,32.47275453038359,32.55539776061409,32.79316111311044,32.423683832629095,32.36077461552682,31.45102319530963,30.493119989310536,27.79627895540815,27.285232092887274,24.216571295706792,,,32.93416130646084,27.79627895540815,,,30.616559880667925,"rgba(38, 166, 154, 1.0)",1.0098646327981293,31.006787427958283,4.419614695956885,73.22882140799145,16.919033075809196,True,False,True,False,True,14.586235313346116,0.0,0.0,0.0,0.0,0,1.0197981862306809,0.9142930131562144,False,False,False,False,0.2820957725675222,0.23474350613945819,False,False,False,False,-20709.0,-16045.694324362119,False,False,False,False,835.1326351184119,False,False,False,False
2025-06-24 16:00:00+00:00,35.47,35.535,35.155,35.155,400.0,,,,,,,,,33.11958827014218,32.56590366440061,32.572583828450455,32.80231263809846,32.4331054693402,32.37027406931614,31.46221981488247,30.50588264036959,27.81190965914233,27.301230961610607,24.233122801441,,,33.11958827014218,27.81190965914233,,,30.652557619744915,"rgba(38, 166, 154, 1.0)",1.0107783995381465,31.03697701973217,4.074110588581506,74.433632147822,17.72789942053363,True,False,True,False,True,13.05794288994009,0.0,0.0,0.0,0.0,0,1.018431422397356,0.9115291724926913,False,False,False,False,0.2752088928946162,0.2549761995170372,False,False,False,False,-21109.0,-16124.195187550304,False,False,False,False,828.3863927134753,False,False,False,False
2025-06-24 17:00:00+00:00,35.155,35.26,34.98,35.26,0.0,,,,,,,,,33.11958827014218,32.56590366440061,32.572583828450455,32.80231263809846,32.4331054693402,32.37027406931614,31.46221981488247,30.50588264036959,27.81190965914233,27.301230961610607,24.233122801441,,,33.11958827014218,27.81190965914233,,,30.652557619744915,"rgba(38, 166, 154, 1.0)",1.0594058678300387,31.03697701973217,3.9862182271255184,75.46005178511624,18.66650199032206,True,False,True,False,True,13.41529038411635,0.0,0.0,0.0,0.0,0,1.0161494616846105,0.9153261557948071,False,False,False,False,0.25709932353723053,0.25603776152713387,False,False,False,False,-21109.0,-16201.47898309216,False,False,False,False,815.5431928264446,False,False,False,False
2025-06-24 18:00:00+00:00,35.255,35.335,35.14,35.205,200.0,,,,,,,,,33.1996444402229,32.609302180177245,32.5809230515451,32.80676225960287,32.43770252405987,32.37491137140938,31.46771335279095,30.512165291455958,27.819643192390334,27.309151447012287,24.241338894909273,,,33.1996444402229,27.819643192390334,,,30.669023455052386,"rgba(38, 166, 154, 1.0)",1.1064103062452424,31.05097522114658,3.7545065835030775,75.71141674363287,19.108269521575068,True,False,True,False,True,13.143494612257765,0.0,0.0,0.0,0.0,0,1.0181312780339882,0.9145871501674144,False,False,False,False,0.2665352524956577,0.2612865070113958,False,False,False,False,-21309.0,-16280.66535544732,False,False,False,False,805.9998875113059,False,False,False,False
2025-06-24 19:00:00+00:00,35.205,35.685,35.205,35.68,953.0,,,,,,,,,33.555841241756475,32.81944759742718,32.624326404152356,32.83031434411066,32.46170943206247,32.399080255615054,31.495720032656287,30.543743340849336,27.857740098628852,27.348082187012004,24.2813732283797,,,33.555841241756475,27.857740098628852,,,30.747034378422757,"rgba(38, 166, 154, 1.0)",1.1661338216902966,31.118399827965902,3.9117295864226924,76.98900780762465,20.644085014601274,True,False,True,False,True,14.775030942088584,0.0,0.0,0.0,0.0,0,1.0188383045525902,0.9107064364207224,False,False,False,False,0.2833137979683306,0.27230015248986317,False,False,False,False,-20356.0,-16343.8488383086,False,False,False,False,808.2789590227586,False,False,False,False
2025-06-25 14:00:00+00:00,36.83,36.83,36.195,36.43,811.0,,,,,,,,,33.8938531587934,33.031394196492236,32.6721886767456,32.8570809815803,32.488172223528856,32.42559903752786,31.524869153447533,30.575433898520608,27.893895058219652,27.384785723838345,24.318114492613752,,,33.8938531587934,27.893895058219652,,,30.824126054664372,"rgba(38, 166, 154, 1.0)",1.250509921217337,31.186027681191398,4.19346718473352,79.19871559730353,23.051882571615238,True,False,True,False,True,17.23005037952018,0.0,0.0,0.0,0.0,0,1.0244506344784894,0.9040544722995977,False,False,False,False,0.3428282463141349,0.307564199401999,False,False,False,False,-19545.0,-16393.47908887746,False,False,False,False,808.3211457045762,False,False,False,False
2025-06-25 15:00:00+00:00,36.43,36.43,35.705,35.815,300.0,,,,,,,,,33.9793941048035,33.09321059611895,32.68730414758231,32.865527801044124,32.49665555564544,32.43412014860231,31.534483852571743,30.586083283008634,27.90641611632787,27.39754390693856,24.3310915154347,,,33.9793941048035,27.90641611632787,,,30.84653009346165,"rgba(38, 166, 154, 0.75)",1.301115425837108,31.206122324376178,3.5422511977817592,76.3457852859036,23.051882571615238,True,False,True,False,False,14.187958348168799,0.0,0.0,0.0,0.0,0,1.0182208588957053,0.9098159509202455,False,False,False,False,0.301702410213669,0.304633304807834,False,False,False,False,-19845.0,-16446.991040987887,False,False,False,False,800.4401977091563,False,False,False,False
2025-06-25 16:00:00+00:00,35.815,36.025,35.7,35.98,300.0,,,,,,,,,34.05499475616151,33.15081601258034,32.701911123902434,32.873709038051004,32.50490006806508,32.44240540741447,31.543881437062744,30.596530303625872,27.918772262861463,27.410143291734364,24.343948948170333,,,34.05499475616151,27.918772262861463,,,30.86745569542088,"rgba(38, 166, 154, 0.75)",1.3514235337478386,31.225043475842085,3.518479888367207,74.88178579850668,23.051882571615238,True,False,True,False,False,14.732170464373393,0.0,0.0,0.0,0.0,0,1.018435475834579,0.9212755356253115,False,False,False,False,0.28305538313372636,0.2938443439707802,False,False,False,False,-19545.0,-16495.022187639235,False,False,False,False,792.6814349539756,False,False,False,False
2025-06-25 17:00:00+00:00,35.975,36.45,35.71,35.885,100.0,,,,,,,,,34.080357142857146,33.17026585630858,32.706922072487664,32.876528033287556,32.507730770988395,32.44524856221216,31.54708621834845,30.600077722638318,27.92294084886555,27.41439073691069,24.348270375279874,,,34.080357142857146,27.92294084886555,,,30.87452894001676,"rgba(38, 166, 154, 0.75)",1.3906308925373432,31.23145133981717,3.3463578906204003,73.23015780520208,23.051882571615238,True,False,True,False,False,14.262857025160347,0.0,0.0,0.0,0.0,0,1.016928132944751,0.9149252805853538,False,False,False,False,0.3020153495744575,0.29792984677261886,False,False,False,False,-19645.0,-16543.85905294715,False,False,False,False,781.9421879004256,False,False,False,False
2025-06-25 18:00:00+00:00,35.88,35.88,35.66,35.79,400.0,,,,,,,,,34.16383694225722,33.23919090748822,32.72538198255083,32.886901138304424,32.51824173439119,32.455819794377085,31.55917816182321,30.613598563008242,27.939082511218448,27.43086902081722,24.3651716616015,,,34.16383694225722,27.939082511218448,,,30.899752037985238,"rgba(38, 166, 154, 0.75)",1.413024495621061,31.25452089282826,3.2097667954286084,71.41309128786502,26.99672328122041,True,False,True,False,False,13.788999366745742,0.0,0.0,0.0,0.0,0,1.0139346811819594,0.9252877138413687,False,False,False,False,0.27335869387180267,0.28564427032221074,False,False,False,False,-20045.0,-16598.14030794022,False,False,False,False,776.0206035918917,False,False,False,False
2025-06-25 19:00:00+00:00,35.76,35.865,35.6,35.81,200.0,,,,,,,,,34.20212936279219,33.27206500935231,32.73447397215102,32.89202718544237,32.52344248173502,32.4610512503696,31.565172074168174,30.62030861983515,27.947109665332107,27.43906578768208,24.373590025886013,,,34.20212936279219,27.947109665332107,,,30.911857766795094,"rgba(38, 166, 154, 0.75)",1.4362969560456065,31.265655574673787,3.1639309727687817,70.27928609889199,25.653365329944947,True,False,True,False,False,13.858724913287542,0.0,0.0,0.0,0.0,0,1.0104607721046075,0.9267123287671234,False,False,False,False,0.2699225335237033,0.27778340192295703,False,False,False,False,-19845.0,-16648.479217894634,False,False,False,False,767.0900515982189,False,False,False,False
2025-06-26 14:00:00+00:00,36.7,37.18,36.63,36.64,2086.0,,,,,,,,,34.72584021509507,33.69671691936597,32.85823970853984,32.96376631703163,32.59413375747576,32.53184501825849,31.642208766994838,30.703468903472096,28.041072753835167,27.534360759956158,24.468751552035993,,,34.72584021509507,28.041072753835167,,,31.06912769746009,"rgba(38, 166, 154, 0.75)",1.480812709048382,31.4102877844846,3.5316500078366992,72.21224551857262,25.653365329944947,True,False,True,False,False,16.672305011043107,0.0,0.0,0.0,0.0,0,1.0140204156930266,0.9196900750215226,False,False,False,False,0.3428282453164062,0.3103058236196816,False,False,False,False,-17759.0,-16665.696594361383,False,False,False,False,787.5382678525101,False,False,False,False
2025-06-26 15:00:00+00:00,36.665,37.13,36.515,37.0,200.0,,,,,,,,,34.76646253376044,33.7328848701643,32.86990130863876,32.97062064632008,32.60089179085852,32.53861295659523,31.64956755617977,30.711408500931704,28.050043149371408,27.543459001500587,24.47784659534976,,,34.76646253376044,28.050043149371408,,,31.082881719060957,"rgba(38, 166, 154, 1.0)",1.535269096346998,31.42313128281885,3.63250242608979,74.37455105967032,25.653365329944947,True,False,True,False,True,17.836542588570097,0.0,0.0,0.0,0.0,0,1.0147103892123812,0.9182960465828994,False,False,False,False,0.33520689409251697,0.3227563588560993,False,False,False,False,-17559.0,-16679.546259565082,False,False,False,False,778.4291474206882,False,False,False,False
2025-06-26 16:00:00+00:00,36.96,37.04,36.7,36.805,500.0,,,,,,,,,34.86012236818427,33.81888996245584,32.898521886345435,32.98750684410535,32.61756319980321,32.55531186228771,31.667757779332863,30.73106175409382,28.0723053534137,27.566046389124896,24.500465052780434,,,34.86012236818427,28.0723053534137,,,31.115959313811594,"rgba(38, 166, 154, 1.0)",1.5740407489259005,31.454157523384794,3.3994307201173366,74.17422709841901,25.653365329944947,True,False,True,False,True,16.823502370889614,0.0,0.0,0.0,0.0,0,1.0160953434082813,0.9222877503378795,False,False,False,False,0.33959030737851764,0.33117333311730845,False,False,False,False,-18059.0,-16700.933139261746,False,False,False,False,774.1124164529256,False,False,False,False
2025-06-26 17:00:00+00:00,36.79,37.32,36.755,37.28,393.0,,,,,,,,,34.93724732771357,33.88896190218861,32.92224836423639,33.00159751877697,32.631405762508464,32.56916644132832,31.68270670351424,30.747098999295105,28.09026043902579,27.58423743022174,24.518572658810886,,,34.93724732771357,28.09026043902579,,,31.143045777056372,"rgba(38, 166, 154, 1.0)",1.6098279187316447,31.47958132547231,3.603129630835164,75.32055827052636,25.653365329944947,True,False,True,False,True,18.359765799352967,0.0,0.0,0.0,0.0,0,1.0166278070928947,0.918333537857406,False,False,False,False,0.34282824495918435,0.3370007890382464,False,False,False,False,-17666.0,-16715.895416172418,False,False,False,False,768.2036968179965,False,False,False,False
2025-06-26 18:00:00+00:00,37.215,37.79,37.205,37.595,1894.0,,,,,,,,,35.303688157600185,34.22702387371931,33.04381239262664,33.07483709915232,32.70295393319657,32.640710569130434,31.758986077725044,30.82819392279028,28.179702624237304,27.674687316937323,24.6079431447426,,,35.303688157600185,28.179702624237304,,,31.276594464714364,"rgba(38, 166, 154, 1.0)",1.6688543084112026,31.60564312549584,3.588903383786809,76.8195837416415,22.36180417420732,True,False,True,False,True,19.354122003247582,0.0,0.0,0.0,0.0,0,1.0183143452162193,0.9162685287271838,False,False,False,False,0.3428282454837375,0.339914517260992,False,False,False,False,-15772.0,-16701.26137871238,False,False,False,False,785.6579030688803,False,False,False,False
2025-06-26 19:00:00+00:00,37.57,37.575,37.24,37.39,3963.0,,,,,,,,,35.78251151808339,34.74344737706265,33.271792492266535,33.216468941953195,32.84229407524362,32.78016943598536,31.908915297798632,30.988624225068776,28.358979385775584,27.856324820355756,24.789207762801965,,,35.78251151808339,28.358979385775584,,,31.503521393854136,"rgba(38, 166, 154, 1.0)",1.7138689701510958,31.824558270634306,3.247297095807179,76.02980266810515,22.36180417420732,True,False,True,False,True,18.266792381204294,0.0,0.0,0.0,0.0,0,1.0148061682128156,0.9240646310745224,False,False,False,False,0.3348108503152348,0.3373626837881134,False,False,False,False,-19735.0,-16748.296086019163,False,False,False,False,834.9190208507581,False,False,False,False
2025-06-27 14:00:00+00:00,37.26,37.815,37.26,37.345,502.0,,,,,,,,,35.83002033657972,34.798563317782076,33.2994519703626,33.23404670247563,32.85962521464052,32.79751901164016,31.927580854248518,31.00861000601663,28.381368554203902,27.87901934560885,24.81193138290534,,,35.83002033657972,28.381368554203902,,,31.529794245133086,"rgba(38, 166, 154, 1.0)",1.7481225914090022,31.85015495203851,3.1432835860399226,75.09789682005847,22.36180417420732,True,False,True,False,True,18.026665724540027,0.0,0.0,0.0,0.0,0,1.0085166350101098,0.9245757000183816,False,False,False,False,0.34282824552661373,0.34009546465736357,False,False,False,False,-20237.0,-16802.38451879406,False,False,False,False,829.7574856437697,False,False,False,False
2025-06-27 15:00:00+00:00,37.345,37.82,37.34,37.465,200.0,,,,,,,,,35.848969150153145,34.82045210926695,33.310549255553376,33.24112165458113,32.866595701918264,32.804496007176766,31.935073694934548,31.016621995887554,28.390324740823306,27.888095364451978,24.82101069141122,,,35.848969150153145,28.390324740823306,,,31.54030094237802,"rgba(38, 166, 154, 1.0)",1.7849023997340883,31.86039483591374,3.1400065151580425,74.89342588178484,22.36180417420732,True,False,True,False,True,18.423031060813745,0.0,0.0,0.0,0.0,0,1.0136548160905403,0.9257596260302623,False,False,False,False,0.34282824557172104,0.3414618551145423,False,False,False,False,-20037.0,-16852.53359602206,False,False,False,False,819.9938036958042,False,False,False,False
2025-06-27 16:00:00+00:00,37.465,37.465,37.19,37.335,206.0,,,,,,,,,35.86566641126678,34.84090984039046,33.32135014327146,33.24802712806512,32.87342955888363,32.81134074889866,31.942479863341724,31.02458679347738,28.399318377904976,27.897221273414566,24.83019346585039,,,35.86566641126678,28.399318377904976,,,31.550411236796833,"rgba(38, 166, 154, 0.75)",1.8107619146954803,31.87028639057699,3.0179084092024455,73.41966272209315,22.36180417420732,True,False,True,False,False,17.710035529114027,0.0,0.0,0.0,0.0,0,1.0128340256680515,0.930187860375721,False,False,False,False,0.32065768768124775,0.331059771397895,False,False,False,False,-20243.0,-16905.098966626367,False,False,False,False,810.4745199175746,False,False,False,False
2025-06-27 17:00:00+00:00,37.335,37.48,37.12,37.245,597.0,,,,,,,,,35.9104675216846,34.897241530392655,33.35195291533994,33.26767307911954,32.89290327951339,32.830849835888195,31.963637438739724,31.04738007342548,28.425140037949436,27.92343431744101,24.856627082481392,,,35.9104675216846,28.425140037949436,,,31.578846101088676,"rgba(38, 166, 154, 0.75)",1.8552247696561937,31.89816193486277,2.8820432718392888,71.49128360675984,24.9875076604841,True,False,True,False,False,17.212874024182945,0.0,0.0,0.0,0.0,0,1.003853564547206,0.9334949344272485,False,False,False,False,0.3182617269590222,0.3246607491784586,False,False,False,False,-20840.0,-16966.10518419805,False,False,False,False,807.1648374382324,False,False,False,False
2025-06-27 18:00:00+00:00,37.245,37.29,36.475,36.545,443.0,,,,,,,,,35.9301844276443,34.92877448371976,33.371440371852785,33.280285407707865,32.905571007117295,32.843565104925666,31.977729078699475,31.062807271635602,28.443102628390776,27.941732742533688,24.875364786372142,,,35.9301844276443,28.443102628390776,,,31.596414300963577,"rgba(38, 166, 154, 0.5)",1.8805846872091923,31.9155730470677,2.4616955484213907,64.33202690571605,18.36244214024717,False,False,True,False,False,13.44851741341688,0.0,0.0,0.0,0.0,0,0.9960342049820301,0.9359895897880781,False,False,False,False,0.28230041608671796,0.30348058263258826,False,False,False,False,-21283.0,-17033.03378599343,False,False,False,False,801.5188709663219,False,False,False,False
2025-06-27 19:00:00+00:00,36.545,37.175,36.545,37.125,220.0,,,,,,,,,35.94165241654721,34.94552167357709,33.381539272682154,33.28683352672762,32.912120160033375,32.85013464523012,31.984955799486293,31.070676195801035,28.452184826363283,27.950974891904124,24.884787490805735,,,35.94165241654721,28.452184826363283,,,31.605580081741643,"rgba(38, 166, 154, 0.5)",1.9161014568108659,31.924628940456415,2.714037422735962,62.8149776546417,17.17776356061539,False,False,True,False,False,15.502065916596294,0.0,0.0,0.0,0.0,0,0.9953045842085756,0.9369825775361426,False,False,False,False,0.2803831897179304,0.29193188617525934,False,False,False,False,-21063.0,-17095.513882334617,False,False,False,False,792.5030745172315,False,False,False,False
2025-06-30 14:00:00+00:00,38.47,38.71,38.08,38.49,1911.0,,,,,,,,,36.16311686797556,35.179425828908975,33.502308368406986,33.36531836971691,32.98864212098328,32.92659784555849,32.06529378685932,31.155125206006698,28.543854024895612,28.043525408684083,24.975976829029097,,,36.16311686797556,28.543854024895612,,,31.719016787002275,"rgba(38, 166, 154, 1.0)",1.9879775634530492,32.034962240232716,3.2470375312260096,66.374581746635,17.17776356061539,True,False,True,False,True,19.91547926397326,0.0,0.0,0.0,0.0,0,1.002922374429224,0.9291324200913247,False,False,False,False,0.34282824635600756,0.3173800662656334,False,False,False,False,-19152.0,-17127.397388034857,False,False,False,False,809.8441121216155,False,False,False,False
2025-06-30 15:00:00+00:00,38.52,39.19,38.45,39.11,870.0,,,,,,,,,36.27047976515932,35.290353450922865,33.56067732728639,33.40364363292015,33.02585642368878,32.96375787632242,32.10397472836726,31.195480082153537,28.587073042631495,28.087083260427132,25.018583597684735,,,36.27047976515932,28.587073042631495,,,31.77336028977855,"rgba(38, 166, 154, 1.0)",2.073735003529813,32.087855198172754,3.3862305404858795,70.05859462275542,14.871252941114832,True,False,True,False,True,20.0,0.0,0.0,0.0,0.0,0,1.0077778452937962,0.9253812967126456,False,False,False,False,0.3428282467122467,0.3301041564889401,False,False,False,False,-18282.0,-17145.298203724236,False,True,False,False,810.7767615460865,False,True,False,False
2025-06-30 16:00:00+00:00,39.12,39.41,38.81,38.895,472.0,,,,,,,,,36.32781691171092,35.34975131226987,33.59252808781136,33.42466959179907,33.04626437649518,32.98413410037925,32.12514957527609,31.21754089665737,28.61064464800242,28.110832789637005,25.04179160339168,,,36.32781691171092,28.61064464800242,,,31.8028294448573,"rgba(38, 166, 154, 1.0)",2.1474205729472384,32.734009362153294,2.8690190992214557,71.10242998965272,15.742749111878723,True,False,True,False,True,20.0,0.0,0.0,0.0,0.0,0,1.0199181279403677,0.920327488238529,False,False,False,False,0.3428282469377806,0.33646620171336034,False,False,False,False,-18754.0,-17170.23931684479,False,False,False,False,805.5244086538992,False,False,False,False
2025-06-30 17:00:00+00:00,38.895,38.95,38.3,38.34,700.0,,,,,,,,,36.39345575189837,35.42278133167121,33.63474210372034,33.45276717247162,33.073730531824054,33.01158635816132,32.15402422216641,31.24791888475441,28.643712787591035,28.144235815326752,25.074824220139426,,,36.39345575189837,28.643712787591035,,,31.841252652702266,"rgba(38, 166, 154, 0.75)",2.204014727473219,32.754834707166275,2.5340871016941033,68.45320709430567,15.742749111878723,True,False,True,False,False,17.78083299687882,0.0,0.0,0.0,0.0,0,1.0103905629240266,0.9246989792799951,False,False,False,False,0.30697536856037555,0.32172078513686797,False,False,False,False,-19454.0,-17205.646459219286,False,False,False,False,803.8883713104278,False,False,False,False
2025-06-30 18:00:00+00:00,38.355,38.52,38.22,38.48,101.0,,,,,,,,,36.40207672630657,35.43263525590723,33.64062151062315,33.456697881232756,33.07758174304121,33.015436882569915,32.15808876974831,31.252207288960605,28.648406560103084,28.148980698598145,25.07953343802025,,,36.40207672630657,28.648406560103084,,,31.84656970501011,"rgba(38, 166, 154, 0.5)",2.2608884126410005,32.75852049079264,2.5306333020319,67.14704942065477,15.742749111878723,False,False,True,False,False,18.21508357785773,0.0,0.0,0.0,0.0,0,1.0218680504077096,0.9228440820360763,False,False,False,False,0.2884326249842626,0.3050767050605653,False,False,False,False,-19353.0,-17238.938762177128,False,False,False,False,792.990877181584,False,False,False,False
2025-06-30 19:00:00+00:00,38.515,38.93,38.28,38.87,923.0,,,,,,,,,36.488364614359355,35.52815765808657,33.69687923713479,33.4943959058033,33.114399935124275,33.05222998003795,32.1966826513964,31.292721427518078,28.69234695570164,28.19334609715702,25.123337929151216,,,36.488364614359355,28.69234695570164,,,31.89753294467914,"rgba(38, 166, 154, 0.5)",2.323851261308394,32.805994882813266,2.609463530713461,67.51810428752331,15.742749111878723,False,False,True,False,False,19.41423211590881,0.0,0.0,0.0,0.0,0,1.0203603158933858,0.9125123395853901,False,False,False,False,0.30348140363215365,0.3042790543463595,False,False,False,False,-18430.0,-17257.404827879807,False,False,False,False,795.0065224965982,False,False,False,False
2025-07-01 14:00:00+00:00,37.925,37.925,36.115,36.115,1294.0,,,,,,,,,36.499897363355686,35.575110108431666,33.74331787264031,33.52660839484818,33.147223844984374,33.08523564853789,32.233810978769675,31.33382190115465,28.74126768568895,28.243337638521318,25.175407948665466,,,36.499897363355686,28.74126768568895,,,31.93682176232711,"rgba(38, 166, 154, 0.5)",2.3327888850005074,32.80636431122251,1.4183176669142836,57.41301761647729,13.453712133310091,False,True,True,False,False,6.941170311943363,0.0,0.0,0.0,0.0,0,0.9856197352587247,0.9225030084235865,False,False,False,False,0.1729704409613542,0.23862474765385683,False,False,False,False,-19724.0,-17295.646613494075,False,False,False,False,802.7428554811471,False,False,False,False
2025-07-01 15:00:00+00:00,36.115,36.22,35.52,35.965,700.0,,,,,,,,,36.4840968318052,35.58193347462266,33.76111512274419,33.53937674080444,33.16072828533274,33.09888577706078,32.25003130350183,31.352464100187166,28.764800065729254,28.267554902031655,25.201402087826764,,,36.4840968318052,28.764800065729254,,,31.951126244695157,"rgba(239, 83, 80, 1.0)",2.338649716288317,32.80269938303852,1.3521907940879598,50.340063227061265,7.2838858995537095,False,True,False,True,False,6.344127608701829,0.0,0.0,0.0,0.0,0,0.9703810727830958,0.9517187405935829,False,False,False,False,0.08072607627651691,0.15967541196518686,False,False,False,False,-20424.0,-17344.148216385638,False,False,False,False,801.1499429930673,False,False,False,False
2025-07-01 16:00:00+00:00,36.0,36.505,35.93,36.385,1292.0,,,,,,,,,36.47429987407807,35.60760785215418,33.79877624230328,33.56623812420784,33.18864208799548,33.1270308622066,32.282604769155895,31.38925436845264,28.810071244016992,28.314009817835593,25.250705478830426,,,36.47429987407807,28.810071244016992,,,31.982658247385178,"rgba(239, 83, 80, 1.0)",2.3502723150637,32.816575068261734,1.5183027553305235,47.29831055041976,4.846557603298827,False,True,False,True,False,7.7442456014312775,0.0,0.0,0.0,0.0,0,0.9679706601466995,0.9545843520782399,False,False,False,False,0.10772005409488959,0.13369773303003823,False,False,False,False,-19132.0,-17371.866848689737,False,False,False,False,808.7600213962755,False,False,False,False
2025-07-01 17:00:00+00:00,36.375,36.65,35.98,36.12,600.0,,,,,,,,,36.46956030991372,35.61849800808071,33.81572330921214,33.57842780721674,33.2013388471074,33.13983665133528,32.297465689855024,31.406072490595577,28.83084475406455,28.335337773676862,25.273404639639196,,,36.46956030991372,28.83084475406455,,,31.99695548006338,"rgba(239, 83, 80, 1.0)",2.3520461151788363,32.8248420286054,1.4009750702290331,44.54373876287442,2.4523447158402973,False,True,False,True,False,6.671911359835427,0.0,0.0,0.0,0.0,0,0.9732110091743119,0.9519266055045874,False,False,False,False,0.11532039589188299,0.1245090644609606,False,False,False,False,-19732.0,-17408.458060337958,False,False,False,False,805.5234319172636,False,False,False,False
2025-07-01 18:00:00+00:00,36.16,36.16,35.6,35.6,700.0,,,,,,,,,36.45313049206622,35.62175952862514,33.83149373980765,33.59006762048192,33.21378814457102,33.15243863205076,32.31264735011179,31.423684335471833,28.853429953259408,28.358627751284487,25.29865600584683,,,36.45313049206622,28.853429953259408,,,32.00997486850701,"rgba(239, 83, 80, 1.0)",2.3511871316268844,32.82980458096368,1.1782113732136268,41.34679891886308,-0.5106156858329811,False,True,False,True,False,4.6061952578793495,0.0,0.0,0.0,0.0,0,0.96636197440585,0.9547836684948203,False,False,False,False,0.08150105669967034,0.10300506058031547,False,False,False,False,-20432.0,-17455.334679557523,False,False,False,False,803.8874097169959,False,False,False,False
2025-07-01 19:00:00+00:00,35.49,35.885,35.245,35.87,1483.0,,,,,,,,35.666666666666664,36.414987845291826,35.62353186431057,33.86208442456191,33.61300124860679,33.238558958853986,33.17754603629932,32.34328228548201,31.459518947116663,28.899977288432318,28.406702049482725,25.351146617097516,,35.666666666666664,36.414987845291826,28.899977288432318,,,32.33808368601685,"rgba(239, 83, 80, 1.0)",2.349102976200218,33.256240073088314,1.1126629838678084,40.463636358945415,-1.4814185624746798,False,True,False,True,False,5.537057546230553,1.0,35.885,35.245,0.0,0,0.9607307598931779,0.9603665938334549,False,False,False,False,0.05713118901405829,0.08006812479718688,False,False,False,False,-18949.0,-17478.49228142485,False,False,False,False,814.4162870857245,False,False,False,False
2025-07-02 14:00:00+00:00,35.97,37.06,35.94,36.95,1921.0,,,,,,,,36.22159714061888,36.42887929885023,35.67345578989123,33.92100953921309,33.65583460593423,33.282608768227,33.221890363210505,32.39364114191802,31.515688364363594,28.967960875104474,28.476350955899612,25.424761897494186,,36.22159714061888,36.42887929885023,28.967960875104474,,,32.43197322839375,"rgba(239, 83, 80, 0.75)",2.3560992576102646,33.32755419673198,1.53747589010413,44.07907636094281,-1.4814185624746798,False,True,False,True,True,9.094256659961271,0.0,0.0,0.0,0.0,0,0.9656456456456458,0.9502702702702704,False,False,False,False,0.1297788394607201,0.1049234821289535,False,False,False,False,-17028.0,-17471.50790496865,False,False,False,False,831.5726237200545,False,False,False,False
2025-07-02 15:00:00+00:00,36.985,37.335,36.73,37.14,1000.0,,,,,,,,36.41386239782017,36.44796804879748,35.70789976212231,33.95526127822276,33.68070632051543,33.30788535240232,33.24729166529087,32.421923757953444,31.546793005256347,29.004782256243832,28.513975681672225,25.464118896719587,,36.41386239782017,36.44796804879748,29.004782256243832,,,32.4760390352514,"rgba(239, 83, 80, 0.75)",2.360411286501013,33.36514501639291,1.5992361183812158,47.12439931220364,-1.4814185624746798,False,True,False,True,True,9.694611185317829,0.0,0.0,0.0,0.0,0,0.977369334850027,0.9452194216607798,False,False,False,False,0.17172071363695887,0.13832209788295619,False,False,False,False,-16028.0,-17449.127937449757,False,False,False,False,834.1839008716815,False,False,False,False
2025-07-02 16:00:00+00:00,37.14,37.65,37.115,37.435,750.0,,,,,,,,36.55736321303842,36.468816072488735,35.73866745864347,33.98314998524722,33.70092661321889,33.32827496977186,33.26775816976284,32.44441032513226,31.57128136185723,29.03330624276114,28.543064408653787,25.49430116825977,,36.55736321303842,36.468816072488735,29.03330624276114,,,32.51094333240297,#000000,2.3615919352141246,33.39612025703669,1.710236083863111,50.15224606714705,-7.82287334811469,False,True,False,False,True,10.623690817523325,0.0,0.0,0.0,0.0,0,0.9791641207381157,0.9585726506171334,False,False,False,False,0.19960857919482375,0.16896533853888995,False,False,False,False,-15278.0,-17415.467039194722,False,False,False,False,832.878724113981,False,False,False,False
2025-07-02 17:00:00+00:00,37.435,37.75,37.335,37.61,300.0,,,,,,,,36.61278877887789,36.478334587590574,35.75185492735137,33.99471204817548,33.70931133999739,33.336702238400235,33.27621303540862,32.4536457650725,31.58129509277051,29.044885579296768,28.55486241518098,25.506498105390815,,36.61278877887789,36.478334587590574,29.044885579296768,,,32.52509199279276,"rgba(38, 166, 154, 0.5)",2.373454486228485,33.408902562970404,1.7700349686103771,52.76849441420233,-5.126608011944157,False,True,True,False,True,11.173353061738887,0.0,0.0,0.0,0.0,0,0.9736648250460407,0.9583179864947823,False,False,False,False,0.21245754929300795,0.19071144391594896,False,False,False,False,-14978.0,-17377.67685254054,False,False,False,False,824.6170384688029,False,False,False,False
2025-07-02 18:00:00+00:00,37.61,37.61,37.09,37.14,523.0,,,,,,,,36.67117115609838,36.49028916704684,35.77085230964267,34.01309624691938,33.7227679658733,33.35032901648552,33.28989918300654,32.46877349802428,31.597844905453652,29.06432449916655,28.574708400563075,25.527201430310225,,36.67117115609838,36.49028916704684,29.06432449916655,,,32.545104814882535,"rgba(38, 166, 154, 0.5)",2.3809533407462515,33.42711100346286,1.5594127499253825,52.38418231749504,-5.126608011944157,False,True,True,False,True,9.203057284774559,0.0,0.0,0.0,0.0,0,0.9731090373280943,0.9543222003929274,False,False,False,False,0.19700669320499176,0.19385906856047036,False,False,False,False,-15501.0,-17348.581087384868,False,False,False,False,819.9408053142478,False,False,False,False
2025-07-02 19:00:00+00:00,37.18,37.23,36.975,37.2,591.0,,,,,,,,36.712907277710116,36.500973184159115,35.789750396537045,34.03271353435687,33.737237780552206,33.36505061341618,33.30469467612035,32.485242631089676,31.615956908845728,29.085794955474046,28.596654628874518,25.550221570489505,,36.712907277710116,36.500973184159115,29.085794955474046,,,32.564766513135446,"rgba(38, 166, 154, 0.5)",2.3877666220636735,33.445127784707196,1.5725457339911995,52.37900816705736,-4.675073560432814,False,True,True,False,True,9.398446180032181,0.0,0.0,0.0,0.0,0,0.972208558780128,0.9564682734874572,False,False,False,False,0.1772758283992518,0.18556744847986106,False,False,False,False,-14910.0,-17310.773628665724,False,False,False,False,816.3913354644144,False,False,False,False
2025-07-03 14:00:00+00:00,37.87,38.69,37.87,38.235,200.0,,,,,,,,36.758772901891255,36.51081077061781,35.80130052184193,34.04169432302054,33.74372603318812,33.37149215175896,33.31114538562075,32.49213770039389,31.623308832608192,29.09405130684418,28.605035504181053,25.55874899818586,,36.758772901891255,36.51081077061781,29.09405130684418,,,32.57601870251271,"rgba(38, 166, 154, 0.5)",2.4102973312903018,33.938602844944555,1.7825174924603429,56.05880655546792,-0.7531321012853454,False,True,True,False,True,12.657142506547984,0.0,0.0,0.0,0.0,0,0.9793330488325307,0.94744863744437,False,False,False,False,0.2726597314129908,0.22911358994642594,False,False,False,False,-14710.0,-17270.451556903463,False,False,False,False,806.8348806510126,False,False,False,False
2025-07-03 15:00:00+00:00,38.225,38.59,38.225,38.44,100.0,,,,,,,,36.7829365657154,36.516114895865186,35.80739216964224,34.046332951783384,33.747072975436986,33.3748072948142,33.31446409038432,32.49567047592932,31.62706342540665,29.098242843121845,28.60928692423666,25.563059824991335,,36.7829365657154,36.516114895865186,29.098242843121845,,,32.5818703697773,"rgba(38, 166, 154, 0.5)",2.4329457916741895,33.94641500973159,1.8469729188566208,59.1113522350017,2.4216081218368046,False,True,True,False,True,13.27681967585903,0.0,0.0,0.0,0.0,0,0.976047904191617,0.9531345472320667,False,False,False,False,0.28325422137667516,0.2561839056615506,False,False,False,False,-14610.0,-17229.204245943718,False,False,False,False,795.8762003308418,False,False,False,False
2025-07-03 16:00:00+00:00,38.44,38.595,38.335,38.59,376.0,,,,,,,,36.872406819436776,36.536711155140935,35.830811585173564,34.064037173099116,33.759851867984345,33.38745098681625,33.32711921538631,32.50911365551426,31.64132678080746,29.114118405129165,28.625383008938883,25.579353901267243,,36.872406819436776,36.536711155140935,29.114118405129165,,,32.60397371289119,"rgba(38, 166, 154, 0.5)",2.4540291377668955,33.97167168395323,1.881937033661032,61.5972554349989,5.0047152742574355,False,False,True,False,True,13.731522032898962,0.0,0.0,0.0,0.0,0,0.970928434465269,0.9625162367786234,False,False,False,False,0.2880523367947875,0.27211812122816903,False,False,False,False,-14234.0,-17182.76697081281,False,False,False,False,789.3664917985807,False,False,False,False
2025-07-03 17:00:00+00:00,38.585,38.585,38.49,38.52,0.0,,,,,,,,36.872406819436776,36.536711155140935,35.830811585173564,34.064037173099116,33.759851867984345,33.38745098681625,33.32711921538631,32.50911365551426,31.64132678080746,29.114118405129165,28.625383008938883,25.579353901267243,,36.872406819436776,36.536711155140935,29.114118405129165,,,32.60397371289119,"rgba(38, 166, 154, 0.5)",2.460772587975096,33.97167168395323,1.848333461723689,62.81057359801835,6.422613756955599,False,False,True,False,True,13.421339950368228,0.0,0.0,0.0,0.0,0,0.9714909544603868,0.9636306924516534,False,False,False,False,0.29412061653584576,0.2831193688820074,False,False,False,False,-14234.0,-17137.049653435868,False,False,False,False,777.128251615657,False,False,False,False
2025-07-03 18:00:00+00:00,38.52,38.52,38.52,38.52,0.0,,,,,,,,36.872406819436776,36.536711155140935,35.830811585173564,34.064037173099116,33.759851867984345,33.38745098681625,33.32711921538631,32.50911365551426,31.64132678080746,29.114118405129165,28.625383008938883,25.579353901267243,,36.872406819436776,36.536711155140935,29.114118405129165,,,32.60397371289119,"rgba(38, 166, 154, 0.5)",2.466820636782086,33.97167168395323,1.8438017941912332,63.61945237336465,7.537054453004153,False,False,True,False,True,13.421339950368228,0.0,0.0,0.0,0.0,0,0.9734069242348218,0.9581033617661819,False,False,False,False,0.2926539457997926,0.2878866573409,False,False,False,False,-14234.0,-17092.041131677175,False,False,False,False,765.079751590608,False,False,False,False
2025-07-03 19:00:00+00:00,38.52,38.52,38.52,38.52,0.0,,,,,,,,36.872406819436776,36.536711155140935,35.830811585173564,34.064037173099116,33.759851867984345,33.38745098681625,33.32711921538631,32.50911365551426,31.64132678080746,29.114118405129165,28.625383008938883,25.579353901267243,,36.872406819436776,36.536711155140935,29.114118405129165,,,32.60397371289119,"rgba(38, 166, 154, 0.5)",2.462462398304385,33.97167168395323,1.84706508378714,64.15870489026219,8.461237264275795,False,False,True,False,True,13.421339950368228,0.0,0.0,0.0,0.0,0,0.9702208201892746,0.9613880126182967,False,False,False,False,0.2926539457997926,0.2902703015703463,False,False,False,False,-14234.0,-17047.730416457376,False,False,False,False,753.2180500155598,False,False,False,False
2025-07-04 14:00:00+00:00,38.52,38.52,38.52,38.52,0.0,,,,,,,,36.872406819436776,36.536711155140935,35.830811585173564,34.064037173099116,33.759851867984345,33.38745098681625,33.32711921538631,32.50911365551426,31.64132678080746,29.114118405129165,28.625383008938883,25.579353901267243,,36.872406819436776,36.536711155140935,29.114118405129165,,,32.60397371289119,"rgba(38, 166, 154, 0.5)",2.4584500500617397,33.97167168395323,1.8500796125317036,64.51820656819388,9.259042867853204,False,False,True,False,True,13.421339950368228,0.0,0.0,0.0,0.0,0,0.9657048848392813,0.9628575044292588,False,False,False,False,0.2926539457997926,0.2914621236850694,False,False,False,False,-14234.0,-17004.106689070442,False,False,False,False,741.5402507905123,False,False,False,False
2025-07-04 15:00:00+00:00,38.52,38.52,38.52,38.52,0.0,,,,,,,,36.872406819436776,36.536711155140935,35.830811585173564,34.064037173099116,33.759851867984345,33.38745098681625,33.32711921538631,32.50911365551426,31.64132678080746,29.114118405129165,28.625383008938883,25.579353901267243,,36.872406819436776,36.536711155140935,29.114118405129165,,,32.60397371289119,"rgba(38, 166, 154, 0.5)",2.460095032222838,33.97167168395323,1.8488425270047772,64.75787435348167,9.965624935039102,False,False,True,False,True,13.421339950368228,0.0,0.0,0.0,0.0,0,0.9672683360874539,0.9626922588025935,False,False,False,False,0.2926539457997926,0.29205803474243097,False,False,False,False,-14234.0,-16961.15929854222,False,False,False,False,730.0435027162408,False,False,False,False
2025-07-04 16:00:00+00:00,38.52,38.52,38.52,38.52,0.0,,,,,,,,36.872406819436776,36.536711155140935,35.830811585173564,34.064037173099116,33.759851867984345,33.38745098681625,33.32711921538631,32.50911365551426,31.64132678080746,29.114118405129165,28.625383008938883,25.579353901267243,,36.872406819436776,36.536711155140935,29.114118405129165,,,32.60397371289119,"rgba(38, 166, 154, 1.0)",2.450997223047653,33.97167168395323,1.8557052098130187,64.91765287700687,10.599940723364277,True,False,True,False,True,13.421339950368228,0.0,0.0,0.0,0.0,0,0.965329402717252,0.9678928479876959,False,False,False,False,0.2926539457997926,0.2923559902711118,False,False,False,False,-14234.0,-16918.87775902994,False,False,False,False,718.7249987981595,False,False,False,False
2025-07-04 17:00:00+00:00,38.52,38.52,38.52,38.52,0.0,,,,,,,,36.872406819436776,36.536711155140935,35.830811585173564,34.064037173099116,33.759851867984345,33.38745098681625,33.32711921538631,32.50911365551426,31.64132678080746,29.114118405129165,28.625383008938883,25.579353901267243,,36.872406819436776,36.536711155140935,29.114118405129165,,,32.60397371289119,"rgba(38, 166, 154, 1.0)",2.4568708729777406,33.97167168395323,1.8512687687709743,65.02417189269033,11.172220173097074,True,False,True,False,True,13.421339950368218,0.0,0.0,0.0,0.0,0,0.9574522949974216,0.9729241877256322,False,False,False,False,0.2926539457997926,0.29250496803545223,False,False,False,False,-14234.0,-16877.251747262035,False,False,False,False,707.5819755609787,False,False,False,False
2025-07-04 18:00:00+00:00,38.52,38.52,38.52,38.52,0.0,,,,,,,,36.872406819436776,36.536711155140935,35.830811585173564,34.064037173099116,33.759851867984345,33.38745098681625,33.32711921538631,32.50911365551426,31.64132678080746,29.114118405129165,28.625383008938883,25.579353901267243,,36.872406819436776,36.536711155140935,29.114118405129165,,,32.60397371289119,"rgba(38, 166, 154, 1.0)",2.4486826758170945,33.97167168395323,1.8574592620618149,65.09518456981264,11.688296329082462,True,False,True,False,True,13.421339950368218,0.0,0.0,0.0,0.0,0,0.959761163032191,0.9709890965732089,False,False,False,False,0.2926539457997926,0.29257945691762244,False,False,False,False,-14234.0,-16836.271100017664,False,False,False,False,696.6117123739867,False,False,False,False
2025-07-04 19:00:00+00:00,38.52,38.52,38.52,38.52,0.0,,,,,,,,36.872406819436776,36.536711155140935,35.830811585173564,34.064037173099116,33.759851867984345,33.38745098681625,33.32711921538631,32.50911365551426,31.64132678080746,29.114118405129165,28.625383008938883,25.579353901267243,,36.872406819436776,36.536711155140935,29.114118405129165,,,32.60397371289119,"rgba(38, 166, 154, 1.0)",2.4433068162222518,33.97167168395323,1.8615461168643663,65.14252635456084,12.152020091457416,True,False,True,False,True,13.421339950368218,0.0,0.0,0.0,0.0,0,0.9623135304894007,0.9692488877257264,False,False,False,False,0.2926539457997926,0.29261670135870754,False,False,False,False,-14234.0,-16795.9258116453,False,False,False,False,685.8115307867931,False,False,False,False
2025-07-07 14:00:00+00:00,38.76,39.02,38.46,38.645,697.0,,,,,,,,37.03355035050161,36.57758005724159,35.87635894990235,34.09795988123307,33.784358526181656,33.41164170618381,33.35132294167247,32.53470780861895,31.668383355671292,29.144034871097446,28.65568877562022,25.60991986269495,,37.03355035050161,36.57758005724159,29.144034871097446,,,32.645458923884945,"rgba(38, 166, 154, 1.0)",2.4344349881875322,34.01678002120015,1.9011474946988105,66.25735682290085,13.541472229168683,True,False,True,False,True,13.87896184026831,0.0,0.0,0.0,0.0,0,0.9626821776354486,0.9598065485915954,False,False,False,False,0.31118368160560794,0.30190019148215774,False,False,False,False,-13537.0,-16745.3998300694,False,False,False,False,685.9849954257576,False,False,False,False
2025-07-07 15:00:00+00:00,38.645,39.1,38.64,39.05,692.0,,,,,,,,37.18556507973281,36.620727708863434,35.923604838349064,34.132748438534975,33.80953499772565,33.43643832399357,33.37612407060012,32.560815045758275,31.69588105035826,29.17423685071211,28.686256959701456,25.64063727058439,,37.18556507973281,36.620727708863434,29.17423685071211,,,32.68688088624284,"rgba(38, 166, 154, 1.0)",2.4240451356812107,34.06104608435767,2.0581109824262076,69.67026097167837,16.897479215215355,True,False,True,False,True,15.344660899648954,0.0,0.0,0.0,0.0,0,0.9724156048863785,0.955799290686983,False,False,False,False,0.3222304395679243,0.312065315525041,False,False,False,False,-12845.0,-16684.928514874526,False,False,False,False,686.0782513106295,False,False,False,False
2025-07-07 16:00:00+00:00,39.1,39.105,38.59,38.59,300.0,,,,,,,,37.23849583939699,36.63761741348479,35.942514325056635,34.14715124580381,33.82001695676612,33.44679190888804,33.38648380526131,32.57176971078161,31.707461521091485,29.187047419680518,28.699235773265386,25.65374196279751,,37.23849583939699,36.63761741348479,29.187047419680518,,,32.70319399018951,"rgba(38, 166, 154, 0.75)",2.407493887805271,34.55531612493117,1.6758854074379188,65.69479089754381,18.790622575309527,True,False,True,False,False,12.901636632771911,0.0,0.0,0.0,0.0,0,0.9895135647114542,0.9466883160814563,False,False,False,False,0.320313120221655,0.31618921787334797,False,False,False,False,-13145.0,-16630.045902240814,False,False,False,False,680.0925419879841,False,False,False,False
2025-07-07 17:00:00+00:00,38.59,38.79,38.53,38.56,100.0,,,,,,,,37.25386361120337,36.64283418135403,35.94846245327897,34.15179241308094,33.823405906946896,33.4501467283243,33.3898416914441,32.575333217588515,31.711239534646708,29.191249903540808,28.70349667437806,25.658059449403297,,37.25386361120337,36.64283418135403,29.191249903540808,,,32.70831048043251,"rgba(38, 166, 154, 0.75)",2.3875895587183362,34.558000254668556,1.6761673842633693,62.704404435822006,16.182193442282994,True,False,True,False,False,12.743737855349547,0.0,0.0,0.0,0.0,0,0.9869953019677266,0.9470960713556209,False,False,False,False,0.3044222277262107,0.3103057227997793,False,False,False,False,-13245.0,-16577.56457042313,False,False,False,False,671.0988591664649,False,False,False,False
2025-07-07 18:00:00+00:00,38.555,38.56,38.02,38.315,0.0,,,,,,,,37.25386361120337,36.64283418135403,35.94846245327897,34.15179241308094,33.823405906946896,33.4501467283243,33.3898416914441,32.575333217588515,31.711239534646708,29.191249903540808,28.70349667437806,25.658059449403297,,37.25386361120337,36.64283418135403,29.191249903540808,,,32.70831048043251,"rgba(38, 166, 154, 0.5)",2.36157988803417,34.558000254668556,1.5908840367279926,58.07022724199705,12.116775097947063,False,False,True,False,False,11.449649888682782,0.0,0.0,0.0,0.0,0,0.9858664481769767,0.9444216851017343,False,False,False,False,0.273488487825772,0.2918971053127757,False,False,False,False,-13245.0,-16525.89690266463,False,False,False,False,660.6942256910158,False,False,False,False
2025-07-07 19:00:00+00:00,38.29,38.465,38.15,38.3,706.0,,,,,,,,37.33006263476744,36.673052265197164,35.984762756734746,34.18195157867308,33.84560337872441,33.472244547312506,33.41197780712162,32.59904172039231,31.736560148671945,29.219805452248462,28.732503120163756,25.687705309117494,,37.33006263476744,36.673052265197164,29.219805452248462,,,32.73960589326041,"rgba(38, 166, 154, 0.5)",2.3324678922695554,34.56753474484058,1.60022149395061,54.825789609628664,9.398924978250491,False,True,True,False,False,11.37006877143099,0.0,0.0,0.0,0.0,0,0.9862676778028285,0.94199631071941,False,False,False,False,0.2749396948774403,0.283418400095108,False,False,False,False,-13951.0,-16485.976020452774,False,False,False,False,661.3966407965814,False,False,False,False
2025-07-08 14:00:00+00:00,38.525,38.545,37.85,38.17,852.0,,,,,,,,37.39910678878294,36.705583119152,36.024978722188905,34.21675593508369,33.871406992070625,33.49800841887932,33.437796927937875,32.62681346420019,31.76632111906388,29.25358940008903,28.766851746842505,25.722968245086633,,37.39910678878294,36.705583119152,29.25358940008903,,,32.77418173994813,#000000,2.298900908562024,34.58733619552207,1.5584246328907272,51.29333001890821,6.373801939967173,False,True,False,False,False,10.672615944814765,0.0,0.0,0.0,0.0,0,0.9891840087623219,0.9405120481927712,False,False,False,False,0.2658363056071751,0.27462735285114154,False,False,False,False,-14803.0,-16459.883368972885,False,False,False,False,664.3517316369445,False,False,False,False
2025-07-08 15:00:00+00:00,38.17,38.44,38.13,38.35,500.0,,,,,,,,37.440021038078925,36.72550403125466,36.04915734147169,34.2375011074478,33.88681886520583,33.51337557017067,33.453193634550594,32.64332735367774,31.78397844875687,29.27355842501994,28.787145166711348,25.74376554656479,,37.440021038078925,36.72550403125466,29.27355842501994,,,32.79477887740924,#000000,2.2642016630969692,34.6038309362617,1.654520939894682,51.11195133550756,6.332037641623998,False,True,False,False,False,11.39826000969595,0.0,0.0,0.0,0.0,0,0.9973933324187133,0.9322266428865418,False,False,False,False,0.27307406386178146,0.2738507083564615,False,False,False,False,-14303.0,-16426.443316740748,False,False,False,False,661.8036427743561,False,False,False,False
2025-07-08 16:00:00+00:00,38.35,38.705,38.28,38.635,300.0,,,,,,,,37.468990723670736,36.738949389912555,36.06489428017859,34.25055546565529,33.89650015141952,33.52299535167572,33.46282688609171,32.6535960090245,31.794904511361977,29.28580601056785,28.79957726251026,25.756442114219567,,37.468990723670736,36.738949389912555,29.28580601056785,,,32.80800317969069,"rgba(38, 166, 154, 0.5)",2.2295655093224487,34.61675296564691,1.802255649161979,53.82074471078337,6.332037641623998,False,True,True,False,True,12.536671212488805,0.0,0.0,0.0,0.0,0,1.0022037049789958,0.928999380207975,False,False,False,False,0.2903516460446788,0.28210117720057015,False,False,False,False,-14003.0,-16388.870552140117,False,False,False,False,656.1942839716529,False,False,False,False
2025-07-08 17:00:00+00:00,38.615,38.74,38.3,38.335,0.0,,,,,,,,37.468990723670736,36.738949389912555,36.06489428017859,34.25055546565529,33.89650015141952,33.52299535167572,33.46282688609171,32.6535960090245,31.794904511361977,29.28580601056785,28.79957726251026,25.756442114219567,,37.468990723670736,36.738949389912555,29.28580601056785,,,32.80800317969069,#000000,2.1422985950306224,34.61675296564691,1.735634352269153,52.279327112692485,6.332037641623998,False,True,False,False,True,10.885469326285975,0.0,0.0,0.0,0.0,0,1.010669992378577,0.92226148409894,False,False,False,False,0.29265394579979204,0.2873775615001811,False,False,False,False,-14003.0,-16351.880311021665,False,False,False,False,646.0207291813947,False,False,False,False
2025-07-08 18:00:00+00:00,38.345,38.435,37.87,38.03,0.0,,,,,,,,37.468990723670736,36.738949389912555,36.06489428017859,34.25055546565529,33.89650015141952,33.52299535167572,33.46282688609171,32.6535960090245,31.794904511361977,29.28580601056785,28.79957726251026,25.756442114219567,,37.468990723670736,36.738949389912555,29.28580601056785,,,32.80800317969069,"rgba(239, 83, 80, 1.0)",2.0690539096603997,34.61675296564691,1.6496655879369126,48.58858529116556,4.172227475394962,False,True,False,True,False,9.23705703897327,0.0,0.0,0.0,0.0,0,1.0047674980999102,0.9195052857044153,False,False,False,False,0.2621246441137268,0.274751102806954,False,False,False,False,-14003.0,-16315.463562013576,False,False,False,False,636.0049039227684,False,False,False,False
2025-07-08 19:00:00+00:00,38.025,38.025,37.46,37.585,400.0,,,,,,,37.69,37.47648828202301,36.74825380325783,36.078469634951134,34.26441371610845,33.90699458011447,33.53360118309059,33.47347373867123,32.66526299380715,31.807588819198664,29.30059054379346,28.81466194691768,25.7721839328743,,37.47648828202301,36.74825380325783,29.30059054379346,,,33.1947679365237,"rgba(239, 83, 80, 1.0)",1.9881423830136105,34.96603980966073,1.3172900556395128,43.237292200972355,-0.7546861379180214,False,True,False,True,False,6.896885821097047,0.0,0.0,0.0,0.0,0,0.9965600275197798,0.9264533883728933,False,False,False,False,0.22861705843741395,0.25168408062218395,False,False,False,False,-14403.0,-16285.8129641529,False,False,False,False,632.3459131642759,False,False,False,False
2025-07-09 14:00:00+00:00,39.55,39.55,38.375,38.55,1025.0,,,,,,,38.50640350877193,37.58433975759468,36.79904392641549,36.136029462880046,34.31101990694582,33.941612723418665,33.56788836629073,33.50779148601613,32.701612098462654,31.846068260158617,29.34333306334273,28.85799729275422,25.816157075542517,,37.58433975759468,36.79904392641549,29.34333306334273,,,33.301484379122634,"rgba(239, 83, 80, 0.75)",1.913760208368602,35.40604396888456,1.6428160734910062,47.299012008325576,-0.7546861379180214,False,True,False,True,True,10.840946800829833,0.0,0.0,0.0,0.0,0,0.9973087532799569,0.9082284868465321,False,False,False,False,0.3301370443138957,0.2909105624680398,False,False,False,False,-13378.0,-16240.730592615644,False,False,False,False,638.4335734252949,False,False,False,False
2025-07-09 15:00:00+00:00,38.57,38.86,38.315,38.84,175.0,,,,,,,38.524479166666666,37.59898699099377,36.80683057707234,36.14506981229457,34.31861496226258,33.9472904363095,33.57352847012169,33.51343898033922,32.70762088394529,31.852452370008535,29.350474863431025,28.865245293954636,25.82354694972935,,37.59898699099377,36.80683057707234,29.350474863431025,,,33.30981382747147,"rgba(38, 166, 154, 0.5)",1.83382206344025,35.41258276869456,1.869002069304154,51.53574444549037,-5.355555960082199,False,True,True,False,True,11.960472855203424,0.0,0.0,0.0,0.0,1,0.9974477802404462,0.9179259856269735,False,False,False,False,0.29831791513169315,0.2946142387998665,False,False,False,False,-13203.0,-16193.633994280517,False,False,False,False,631.2485567830422,False,False,False,False
2025-07-09 16:00:00+00:00,38.82,39.53,38.82,39.31,810.0,,,,,,,38.75824343015214,37.69412651257156,36.85239816455302,36.194989511096864,34.35781249280084,33.976423216758405,33.60226297206115,33.54218042705069,32.73781876972633,31.884210392808,29.38532548927292,28.9005222839566,25.859096208909673,,37.69412651257156,36.85239816455302,29.38532548927292,,,33.36503152859371,"rgba(38, 166, 154, 0.5)",1.7668066398739268,35.47593893949081,2.1700513083779094,56.46599384391939,-0.9280073348531204,False,False,True,False,True,13.728577663518791,0.0,0.0,0.0,0.0,0,1.0120951485015455,0.9054562558795864,False,False,False,False,0.34282824572222953,0.31872124226104803,False,False,False,False,-12393.0,-16134.709436229656,False,False,False,False,634.0198969879563,False,False,False,False
2025-07-09 17:00:00+00:00,39.305,39.425,39.215,39.32,323.0,,,,,,,38.82463471155019,37.73130841121496,36.87083994693692,36.215089843412926,34.37358670905178,33.98817061882333,33.61384241842852,33.5537613793617,32.74996724855482,31.896969762973608,29.399294780543105,28.91465825212815,25.87332516813119,,37.73130841121496,36.87083994693692,29.399294780543105,,,33.385034557777786,"rgba(38, 166, 154, 1.0)",1.6771379981578003,35.49874158160748,2.2784400702803578,59.79510853920742,2.0422274432090433,True,False,True,False,True,13.765865287464607,0.0,0.0,0.0,0.0,0,1.0176558468015755,0.9091402960749698,False,False,False,False,0.3428282455901618,0.3307747439256049,False,False,False,False,-12070.0,-16071.690685280359,False,False,False,False,629.1978830811662,False,False,False,False
2025-07-09 18:00:00+00:00,39.32,39.47,39.1,39.255,0.0,,,,,,,38.82463471155019,37.73130841121496,36.87083994693692,36.215089843412926,34.37358670905178,33.98817061882333,33.61384241842852,33.5537613793617,32.74996724855482,31.896969762973608,29.399294780543105,28.91465825212815,25.87332516813119,,37.73130841121496,36.87083994693692,29.399294780543105,,,33.385034557777786,"rgba(38, 166, 154, 1.0)",1.5890374643358627,35.49874158160748,2.363857682841006,61.420709960392095,3.5857008190906328,True,False,True,False,True,13.409011292814135,0.0,0.0,0.0,0.0,0,1.005359565807327,0.909972862957938,False,False,False,False,0.3397425498577255,0.3352586468916652,False,False,False,False,-12070.0,-16009.6489692295,False,False,False,False,619.4428771419233,False,False,False,False
2025-07-09 19:00:00+00:00,39.26,39.41,39.145,39.26,500.0,,,,,,,38.89377049180328,37.78397383296865,36.89829742217342,36.24522349508055,34.39757150925164,34.006090007958896,33.6315240032835,33.57144777405911,32.76854705943801,31.916506936533608,29.420736787845367,28.936363777349328,25.89521323357241,,37.78397383296865,36.89829742217342,29.420736787845367,,,33.41271279471675,"rgba(38, 166, 154, 1.0)",1.487884334480565,35.529059527774216,2.5075473850783503,62.531699636229064,4.846429944001983,True,False,True,False,True,13.428440509746064,0.0,0.0,0.0,0.0,0,1.0074697813391282,0.9096835528996338,False,False,False,False,0.3390821411163291,0.3371703940039972,False,False,False,False,-11570.0,-15940.817202264701,False,False,False,False,617.5910495893354,False,False,False,False
2025-07-10 14:00:00+00:00,38.59,38.59,37.895,38.01,1629.0,,,,,,,38.6495979020979,37.822163190385375,36.94380016759283,36.30496666411952,34.45673208851872,34.05154272864909,33.6772175233004,33.617277513739516,32.81817514800472,31.96997710526502,29.482177457154375,28.9989486447219,25.960172194886283,,37.822163190385375,36.94380016759283,29.482177457154375,,,33.442519102187354,"rgba(38, 166, 154, 0.5)",1.4013069028717133,35.53072812799428,1.7692568750820534,54.76184126136461,12.820852755981448,False,False,True,False,False,6.842315600614938,0.0,0.0,0.0,0.0,0,0.9981896204908143,0.9123642215368112,False,False,False,False,0.24869907167489613,0.29293473283944665,False,False,False,False,-13199.0,-15898.30840843114,False,False,False,False,633.2718085104309,False,False,False,False
2025-07-10 15:00:00+00:00,38.0,38.5,37.94,38.485,0.0,,,,,,,38.6495979020979,37.822163190385375,36.94380016759283,36.30496666411952,34.45673208851872,34.05154272864909,33.6772175233004,33.617277513739516,32.81817514800472,31.96997710526502,29.482177457154375,28.9989486447219,25.960172194886283,,37.822163190385375,36.94380016759283,29.482177457154375,,,33.442519102187354,#000000,1.3111600908293606,35.53072812799428,2.253174034710762,52.50422344177578,10.705831012096269,False,True,False,False,False,8.755450820164324,0.0,0.0,0.0,0.0,0,0.9977867203219317,0.9166331321260902,False,False,False,False,0.24325113755669872,0.2680929351980727,False,False,False,False,-13199.0,-15856.458665664764,False,False,False,False,623.4536409366258,False,False,False,False
2025-07-10 16:00:00+00:00,38.485,38.485,37.985,38.2,0.0,,,,,,,38.6495979020979,37.822163190385375,36.94380016759283,36.30496666411952,34.45673208851872,34.05154272864909,33.6772175233004,33.617277513739516,32.81817514800472,31.96997710526502,29.482177457154375,28.9989486447219,25.960172194886283,,37.822163190385375,36.94380016759283,29.482177457154375,,,33.442519102187354,#000000,1.2148835817134853,35.53072812799428,2.197142106604941,49.579852891518186,7.8370947025019575,False,True,False,False,False,7.340409771901932,0.0,0.0,0.0,0.0,0,0.996445902535712,0.9328138883193224,False,False,False,False,0.2445736511076925,0.2563332931528826,False,False,False,False,-13199.0,-15815.257756119574,False,False,False,False,613.7876930151277,False,False,False,False
2025-07-10 17:00:00+00:00,38.21,38.495,38.13,38.45,200.0,,,,,,,38.63809001712103,37.8286807876983,36.95001134334475,36.31278216546772,34.46423971572523,34.05731385633789,33.683003071294834,33.62307782182094,32.824423423220225,31.976681788445546,29.489827996609797,29.00673486294885,25.968225720540207,,37.8286807876983,36.95001134334475,29.489827996609797,,,33.44793019773657,#000000,1.187126923851532,35.53408505962371,2.456279005884099,49.140330014620346,7.146840354879046,False,True,False,False,False,8.348352645243441,0.0,0.0,0.0,0.0,0,0.9919873989864405,0.9343925489658955,False,False,False,False,0.25142013076277125,0.2538767119578269,False,False,False,False,-12999.0,-15771.594845171983,False,False,False,False,607.3723799451257,False,False,False,False
2025-07-10 18:00:00+00:00,38.45,38.63,38.375,38.63,100.0,,,,,,,38.63628664600284,37.833008216033356,36.95350544748218,36.31702221757905,34.4681621282172,34.060318607594084,33.68600576824502,33.626086773120754,32.827647482068464,31.980126758765877,29.493728734097257,29.010700729148056,25.972309168360447,,37.833008216033356,36.95350544748218,29.493728734097257,,,33.45114682128573,#000000,1.1663282765364624,35.53661423645637,2.6522427911374766,49.90313388171945,7.146840354879046,False,True,False,False,False,9.069952380955037,0.0,0.0,0.0,0.0,0,0.9984857870465966,0.9305526877279924,False,False,False,False,0.2683046359323374,0.2610906739450821,False,False,False,False,-12899.0,-15727.058490983269,False,False,False,False,599.506141496364,False,False,False,False
2025-07-10 19:00:00+00:00,38.63,38.73,38.315,38.56,633.0,,,,,,,38.62522289329882,37.85886419178402,36.97513605295189,36.34337368694358,34.49275664787745,34.07920352566239,33.70488819100115,33.64500986547632,32.84793621689216,32.00181677356852,29.518315454684767,29.035702103601487,25.998075492422917,,37.85886419178402,36.97513605295189,29.518315454684767,,,33.47125393047426,#000000,1.1339466358576304,35.552390455899506,2.6523378164315212,49.96449347210525,7.009762288729007,False,True,False,False,False,8.710315753036333,0.0,0.0,0.0,0.0,0,0.9919662026456126,0.9378073273772426,False,False,False,False,0.2700905178875243,0.2655905959163032,False,False,False,False,-13532.0,-15693.02657639438,False,False,False,False,600.0254261243274,False,False,False,False
2025-07-11 14:00:00+00:00,38.015,38.295,37.91,37.95,157.0,,,,,,,38.61009380600358,37.86060956389707,36.97877564351034,36.34839281258578,34.49808684785408,34.08335741037988,33.70908240172249,33.649219039622956,32.85252025540893,32.00677789442897,29.524067123170067,29.041568296318413,26.004204093044567,,37.86060956389707,36.97877564351034,29.524067123170067,,,33.47436578368824,"rgba(239, 83, 80, 1.0)",1.0980336150681742,35.55330587993672,2.182714706702741,46.605325115541625,3.348352267655706,False,True,False,True,False,5.642748071170395,0.0,0.0,0.0,0.0,0,0.9849333056880226,0.9335821411293114,False,False,False,False,0.23291987828161204,0.2492552370989576,False,False,False,False,-13689.0,-15661.956396915397,False,False,False,False,593.1568148665859,False,False,False,False
2025-07-11 15:00:00+00:00,37.95,38.575,37.865,38.495,514.0,,,,,,,38.58637101763068,37.87359289540984,36.99336726869995,36.36709759036145,34.516694797530555,34.09778323166751,33.723576065757904,33.663753841177424,32.86821921844638,32.02365942066735,29.543415772804913,29.061272905096097,26.0246569759046,,37.87359289540984,36.99336726869995,29.543415772804913,,,33.48795853855035,"rgba(239, 83, 80, 1.0)",1.061075860615933,35.56197575407033,2.764198446873633,47.77053407609468,3.348352267655706,False,True,False,True,False,7.884954802998617,0.0,0.0,0.0,0.0,0,0.980753368160572,0.9311932911740449,False,False,False,False,0.24325113755669872,0.24625318732782817,False,False,False,False,-13175.0,-15623.39893339733,False,False,False,False,591.9295774267939,False,False,False,False
2025-07-11 16:00:00+00:00,38.625,38.865,38.53,38.62,974.0,,,,,,,38.59753741039427,37.91487184252917,37.027475343933006,36.40796588619426,34.55476038188402,34.12716351977278,33.75292728132734,33.69316348515361,32.89967264289531,32.057219553026314,29.581343390865904,29.0998273726902,26.06435822976831,,37.91487184252917,37.027475343933006,29.581343390865904,,,33.521406641571886,#000000,1.036876407622694,35.59123714352271,2.9210452028911567,49.245939159691254,3.348352267655706,False,True,False,False,False,8.388939739862288,0.0,0.0,0.0,0.0,0,0.9854547985246014,0.9409144686477835,False,False,False,False,0.28579034254138813,0.26602176493460816,False,False,False,False,-12201.0,-15570.338484817525,False,False,False,False,597.8531498697893,False,False,False,False
2025-07-11 17:00:00+00:00,38.605,38.69,37.805,38.33,1010.0,,,,,,,38.55898560157791,37.93320405557517,37.05322325758814,36.441678913242995,34.5897703237829,34.15460906091198,33.78057282997093,33.72089657845111,32.929713703920946,32.08959848312986,29.618639690266253,29.13783819461821,26.10397744381838,,37.93320405557517,37.05322325758814,29.618639690266253,,,33.54713139514268,#000000,1.025893010244404,35.607789863702564,2.6535029570470585,48.510665975446756,3.348352267655706,False,True,False,False,False,6.932423340198479,0.0,0.0,0.0,0.0,0,0.9694974003466204,0.9434315424610056,False,False,False,False,0.24567638672063716,0.2558490758276227,False,False,False,False,-13211.0,-15533.759593580044,False,False,False,False,604.2430235152189,False,False,False,False
2025-07-11 18:00:00+00:00,38.34,38.52,38.245,38.245,200.0,,,,,,,38.55384527938343,37.93723042762338,37.05844730272441,36.44843057089584,34.596739672944274,34.16008148991435,33.786081712603306,33.726422329167264,32.93569081335235,32.09603371756838,29.62603951284795,29.1453783106623,26.111831951766092,,37.93723042762338,37.05844730272441,29.62603951284795,,,33.55248100703488,"rgba(239, 83, 80, 1.0)",0.9992987721577015,35.61154451087374,2.635303437269374,47.52580751847867,2.8391945090309463,False,True,False,True,False,6.50663404592304,0.0,0.0,0.0,0.0,0,0.9783832626676862,0.940849377910614,False,False,False,False,0.25762393689667556,0.2567365063621491,False,False,False,False,-13411.0,-15500.848592129189,False,False,False,False,597.9756898173084,False,False,False,False
2025-07-11 19:00:00+00:00,38.26,38.45,38.25,38.25,641.0,,,,,,,38.537481971800666,37.948990345872424,37.074649938726715,36.46952329370322,34.61878424520336,34.17744099199471,33.80357105289571,33.743967104936246,32.954688106424044,32.11650378435914,29.64961726534869,29.169408902132957,26.13689674690215,,37.948990345872424,37.074649938726715,29.64961726534869,,,33.56934798079231,"rgba(239, 83, 80, 1.0)",0.9754887802328697,35.62327845698581,2.6927234800046986,46.907044621080956,1.8314245514557683,False,True,False,True,False,6.527992853294208,0.0,0.0,0.0,0.0,0,0.9791318864774624,0.9380912632164722,False,False,False,False,0.2547412123290597,0.2557388593456044,False,False,False,False,-12770.0,-15458.50985426672,False,False,False,False,598.6427333860323,False,False,False,False
2025-07-14 14:00:00+00:00,37.51,38.265,37.51,38.25,0.0,,,,,,,38.537481971800666,37.948990345872424,37.074649938726715,36.46952329370322,34.61878424520336,34.17744099199471,33.80357105289571,33.743967104936246,32.954688106424044,32.11650378435914,29.64961726534869,29.169408902132957,26.13689674690215,,37.948990345872424,37.074649938726715,29.64961726534869,,,33.56934798079231,"rgba(239, 83, 80, 1.0)",0.9474068068456692,35.62327845698581,2.7725381789895454,46.49453602281581,1.0142270972885612,False,True,False,True,False,6.527992853294208,0.0,0.0,0.0,0.0,1,0.9708261320428621,0.939923954372624,False,False,False,False,0.21413993581059917,0.23493939757810178,False,False,False,False,-12770.0,-15416.827530944754,False,False,False,False,589.3614506978768,False,False,False,False
2025-07-14 15:00:00+00:00,38.335,39.26,38.335,38.59,1202.0,,,,,,38.72833333333333,38.559344483624,37.99179651800403,37.11364104173614,36.51635375522478,34.66394990612732,34.21280452406195,33.838964137947535,33.77943756031426,32.99265993671291,32.15705287549854,29.695570736356593,29.216145914687072,26.18520092555655,,37.99179651800403,37.11364104173614,29.695570736356593,,,33.9750896892275,#000000,0.9166860702286241,35.958770333861025,2.87037160440623,48.97301673088424,1.0142270972885612,False,True,False,False,True,8.007147963325604,0.0,0.0,0.0,0.0,1,0.9805065550140709,0.9306060814057248,False,False,False,False,0.2948231822033199,0.2648812898907108,False,False,False,False,-11568.0,-15357.155786278943,False,False,False,False,598.8597227800802,False,False,False,False
2025-07-14 16:00:00+00:00,38.59,38.865,38.465,38.825,300.0,,,,,,38.72633599644918,38.56376370487044,38.001621664262544,37.12302905022849,36.52768916839692,34.67504078977763,34.22152580266349,33.84770059444233,33.78819410544481,33.00204295377781,32.16708055902258,29.706954920210357,29.227727357059678,26.197189573535294,,38.001621664262544,37.12302905022849,29.706954920210357,,,33.983992588581536,"rgba(38, 166, 154, 0.5)",0.8864989443751312,35.96674651330105,3.2242040499141944,52.248906543155634,-2.110481165646334,False,True,True,False,True,9.012516057063582,0.0,0.0,0.0,0.0,1,1.0002795834207034,0.9345774795554628,False,False,False,False,0.2828644848519285,0.27387288737131965,False,False,False,False,-11268.0,-15293.758022150587,False,False,False,False,594.2262387059704,False,False,False,False
2025-07-14 17:00:00+00:00,38.825,38.97,38.735,38.89,287.0,,,,,,38.74858114402832,38.57156648616125,38.01264874727428,37.132724308006566,36.53914344420919,34.68597724826823,34.23010871315313,33.85628003622519,33.796790535358184,33.01122021212387,32.176859190227674,29.717995754536023,29.238951359496603,26.208771359489305,,38.01264874727428,37.132724308006566,29.717995754536023,,,33.99482989561127,"rgba(38, 166, 154, 0.5)",0.8776885182882229,35.97658760704957,3.31941495444481,54.870237252034656,0.40284425315856254,False,False,True,False,True,9.290834509982389,0.0,0.0,0.0,0.0,1,0.9954484980043414,0.9349485330158956,False,False,False,False,0.2998111623854711,0.2868420248783954,False,False,False,False,-10981.0,-15226.893556690888,False,False,False,False,589.4630412066531,False,False,False,False
2025-07-14 18:00:00+00:00,38.89,38.99,38.605,38.68,100.0,,,,,,38.74909740603494,38.57323703041145,38.015952475890906,37.135870688654045,36.54292632619665,34.68967754001787,34.2330231724925,33.859198984948904,33.79971607682661,33.01435297334817,32.18020544160965,29.721791695709022,29.242812754789544,26.212767882543787,,38.015952475890906,37.135870688654045,29.721791695709022,,,33.997902174962434,"rgba(38, 166, 154, 0.5)",0.8723229317730541,35.97934994885258,3.095929217013899,54.53882781734224,0.40284425315856254,False,False,True,False,True,8.134872583231619,0.0,0.0,0.0,0.0,1,0.9941876750700279,0.9344537815126055,False,False,False,False,0.2948231822033199,0.2908326035408576,False,False,False,False,-11081.0,-15162.616137207307,False,False,False,False,581.8744669243794,False,False,False,False
2025-07-14 19:00:00+00:00,38.68,38.74,38.55,38.65,500.0,,,,,,38.727659411190174,38.57638042237443,38.029621458396555,37.15035134634308,36.56070521488294,34.70757356067116,34.24718117332066,33.87341026523944,33.81396393562775,33.02966216730452,32.19660263107182,29.7404897384542,29.261846815665233,26.232534852936208,,38.029621458396555,37.15035134634308,29.7404897384542,,,34.01057021381987,"rgba(38, 166, 154, 0.5)",0.8624694902554283,35.990389324675014,3.0837156622633874,54.023346300795026,0.40284425315856254,False,True,True,False,True,7.969007505733408,0.0,0.0,0.0,0.0,1,0.9974025974025974,0.9334503334503337,False,False,False,False,0.28106630214202505,0.28594945284144135,False,False,False,False,-11581.0,-15107.087204847503,False,False,False,False,580.6050953441563,False,False,False,False
2025-07-15 14:00:00+00:00,38.65,40.67,38.65,40.13,3.0,,,,,,38.72902522296544,38.57669890724414,38.029853803704036,37.150504673912344,36.56087030495604,34.707712196313246,34.24728836538913,33.873516116328865,33.81406980526797,33.02977285205622,32.196718563785296,29.740616397316707,29.261974996289258,26.232664425120177,,38.029853803704036,37.150504673912344,29.740616397316707,,,34.01080618790349,"rgba(38, 166, 154, 1.0)",0.8890060346980574,36.329962559333666,4.274478791313249,61.14624550535539,6.495442685668472,True,False,True,False,True,14.086835565978788,0.0,0.0,0.0,0.0,0,1.0058644956533738,0.906582033945081,False,False,False,False,0.34282824547025376,0.3143888491558475,False,False,False,False,-11578.0,-15052.372674539789,False,False,False,False,571.6499775868825,False,False,False,False
2025-07-15 15:00:00+00:00,40.13,40.285,40.05,40.18,0.0,,,,,,38.72902522296544,38.57669890724414,38.029853803704036,37.150504673912344,36.56087030495604,34.707712196313246,34.24728836538913,33.873516116328865,33.81406980526797,33.02977285205622,32.196718563785296,29.740616397316707,29.261974996289258,26.232664425120177,,38.029853803704036,37.150504673912344,29.740616397316707,,,34.01080618790349,"rgba(38, 166, 154, 1.0)",0.9179907897631224,36.329962559333666,4.193982645141564,66.04075775285975,10.809513347960255,True,False,True,False,True,14.277887177331216,0.0,0.0,0.0,0.0,0,1.0267387087835966,0.9066223330562487,False,False,False,False,0.34282824598685785,0.3286085475713527,False,False,False,False,-11578.0,-14998.506431523669,False,False,False,False,562.7871872366983,False,False,False,False
2025-07-15 16:00:00+00:00,40.18,40.21,39.85,39.85,5.0,,,,,,38.7316138228341,38.57729494638375,38.03027413088378,37.150774875097426,36.561158374456404,34.707950173204416,34.24747192801253,33.87369707781478,33.81425075346948,33.029961486192654,32.19691566509459,29.740830700644427,29.26219172721815,26.232882810844057,,38.03027413088378,37.150774875097426,29.740830700644427,,,34.01123346229647,"rgba(38, 166, 154, 1.0)",0.9340923377778688,36.335160485978335,3.762839466581205,66.35475002000834,10.92987355005392,True,False,True,False,True,12.43107295158321,0.0,0.0,0.0,0.0,0,1.0230694173403958,0.9165040423752444,False,False,False,False,0.3312826495645769,0.3299455985679648,False,False,False,False,-11583.0,-14945.55284343803,False,False,False,False,554.1393238686875,False,False,False,False
2025-07-15 17:00:00+00:00,39.85,40.24,39.82,40.24,0.0,,,,,,38.7316138228341,38.57729494638375,38.03027413088378,37.150774875097426,36.561158374456404,34.707950173204416,34.24747192801253,33.87369707781478,33.81425075346948,33.029961486192654,32.19691566509459,29.740830700644427,29.26219172721815,26.232882810844057,,38.03027413088378,37.150774875097426,29.740830700644427,,,34.01123346229647,"rgba(38, 166, 154, 1.0)",0.9582937304781346,36.335160485978335,4.074783534348463,68.04201309726093,12.541480856744279,True,False,True,False,True,13.953938455144314,0.0,0.0,0.0,0.0,0,1.0172680050540501,0.9274182226589923,False,False,False,False,0.3312826495645769,0.3306141240662709,False,False,False,False,-11583.0,-14893.420241214186,False,False,False,False,545.5480165218861,False,False,False,False
2025-07-15 18:00:00+00:00,40.32,40.465,40.07,40.07,0.0,,,,,,38.7316138228341,38.57729494638375,38.03027413088378,37.150774875097426,36.561158374456404,34.707950173204416,34.24747192801253,33.87369707781478,33.81425075346948,33.029961486192654,32.19691566509459,29.740830700644427,29.26219172721815,26.232882810844057,,38.03027413088378,37.150774875097426,29.740830700644427,,,34.01123346229647,"rgba(38, 166, 154, 1.0)",0.9773412085027734,36.335160485978335,3.8214284648277643,67.69605816321094,12.541480856744279,True,False,True,False,True,13.001252129528389,0.0,0.0,0.0,0.0,0,1.017131222354841,0.9205925717896514,False,False,False,False,0.34282824608169377,0.3367211850739823,False,False,False,False,-11583.0,-14842.095896389159,False,False,False,False,537.089907738601,False,False,False,False
2025-07-15 19:00:00+00:00,40.03,40.33,40.02,40.2,300.0,,,,,,38.89309541465826,38.617486097208314,38.0579022484566,37.16811236675941,36.57943003990675,34.72276679324933,34.25887396299544,33.88491440835491,33.82546379541711,33.041608135243685,32.20904754671124,29.753940309500106,29.275438305671802,26.246176550621538,,38.0579022484566,37.16811236675941,29.753940309500106,,,34.03816114105389,"rgba(38, 166, 154, 1.0)",0.9964541730148657,36.37439775500308,3.839215438701213,68.02051874741662,12.926771502989396,True,False,True,False,True,13.51508476459825,0.0,0.0,0.0,0.0,0,1.0155931727189718,0.9223150944721504,False,False,False,False,0.335138981935394,0.3359300835046881,False,False,False,False,-11283.0,-14786.916115049791,False,False,False,False,533.4140952155219,False,False,False,False
2025-07-16 14:00:00+00:00,39.05,39.615,39.05,39.22,250.0,,,,,,38.92718979753421,38.631326469466686,38.07099101386715,37.178197373745036,36.590797584363116,34.73305414307957,34.26692254420002,33.89291763561878,33.83347649993358,33.05008110671509,32.21800622028928,29.7639114858538,29.28555560043353,26.25653045883985,,38.07099101386715,37.178197373745036,29.7639114858538,,,34.04992556670997,"rgba(38, 166, 154, 0.75)",0.994307341866643,36.36565669836956,2.8706851306879537,61.37604538824307,16.757831587269052,True,False,True,False,False,8.210245646684385,0.0,0.0,0.0,0.0,0,1.008208124652198,0.923344462993879,False,False,False,False,0.26671488845088154,0.3013224859777848,False,False,False,False,-11533.0,-14736.467803188554,False,False,False,False,529.0200782354364,False,False,False,False
2025-07-16 15:00:00+00:00,39.275,39.515,38.77,39.41,1400.0,,,,,,39.02524998082969,38.69295400107542,38.135913540293274,37.231313496169285,36.65128671618513,34.789030408338,34.31096161035043,33.9367813693903,33.87740197730918,33.09663169454755,32.26731386629173,29.81899866730947,29.341480879035558,26.31392986697003,,38.135913540293274,37.231313496169285,29.81899866730947,,,34.106374862435366,"rgba(38, 166, 154, 0.75)",0.9798997788429149,36.39849937246757,3.0732741169596625,58.008245784082305,13.695885426506536,True,False,True,False,False,8.992859081866872,0.0,0.0,0.0,0.0,0,1.0068692756036637,0.9238828753816268,False,False,False,False,0.2516357661416177,0.27647912605970126,False,False,False,False,-10133.0,-14665.096209340669,False,False,False,False,542.5236429139567,False,False,False,False
2025-07-16 16:00:00+00:00,39.41,39.48,38.975,39.47,48.0,,,,,,39.028341676147136,38.695112280189,38.13815767436297,37.23315387408009,36.65337169636533,34.790957599286905,34.3124809820303,33.93829408313532,33.878916705403824,33.098235076379254,32.26901059970147,29.82089129796453,29.343401945391445,26.31590047011546,,38.13815767436297,37.23315387408009,29.82089129796453,,,34.10830185432521,"rgba(38, 166, 154, 0.5)",0.9772422035115652,36.400209149249505,3.1412794491679605,56.109579071537794,11.955326003294381,False,False,True,False,False,9.24115136804669,0.0,0.0,0.0,0.0,0,1.0166047782526446,0.9257339031738249,False,False,False,False,0.2583674556650325,0.2674232908623669,False,False,False,False,-10085.0,-14594.086965784998,False,False,False,False,534.8566096904844,False,False,False,False
2025-07-16 17:00:00+00:00,39.475,39.74,39.475,39.505,311.0,,,,,,39.06435791188553,38.714625514991305,38.155738406596306,37.24651209245697,36.66814224448747,34.80413463923737,34.322823897303614,33.94855724933042,33.88918846051972,33.10904608388943,32.28039734535011,29.833477705156145,29.35616146100702,26.328913993563315,,38.155738406596306,37.24651209245697,29.833477705156145,,,34.12300550041248,"rgba(38, 166, 154, 0.5)",0.9855654479800247,36.41567691306504,3.1345691889531166,55.06328864757983,10.881023409634665,False,False,True,False,False,9.388059523550712,0.0,0.0,0.0,0.0,0,1.023347121923859,0.9098366402580105,False,False,False,False,0.28875372125471666,0.27808850605854174,False,False,False,False,-9774.0,-14519.35693530771,False,False,False,False,531.385964579004,False,False,False,False
2025-07-16 18:00:00+00:00,39.505,39.7,39.41,39.7,199.0,,,,,,39.086224600747535,38.7270834507373,38.16699691249464,37.25508909086475,36.67761213791614,34.81258101841616,34.32945841514769,33.955139685882244,33.89577622965065,33.115976834273624,32.287694685641995,29.841539110075445,29.364333147660595,26.337246410411716,,38.16699691249464,37.25508909086475,29.841539110075445,,,34.132339409280036,"rgba(38, 166, 154, 0.5)",0.9935607409442867,36.425483871101484,3.2957382412135137,55.614416587173956,10.881023409634665,False,False,True,False,False,10.210934606548577,0.0,0.0,0.0,0.0,0,1.0268976200535136,0.9095197859456416,False,False,False,False,0.28452578347287194,0.28130714476570684,False,False,False,False,-9575.0,-14442.700238636271,False,False,False,False,526.2326938103373,False,False,False,False
2025-07-16 19:00:00+00:00,39.7,40.17,39.625,40.14,1976.0,,,,,,39.34240929128517,38.879969288482144,38.296852181064,37.35006474519631,36.78007262996943,34.901305857606026,34.39906410248414,34.02396384492466,33.964619853061905,33.18793463840717,32.36304749248789,29.92391749948592,29.44771954935148,26.421743118163636,,38.296852181064,37.35006474519631,29.92391749948592,,,34.234477435140704,"rgba(38, 166, 154, 1.0)",1.01189300791105,36.53972803803427,3.5579571494402615,58.408395371671915,10.881023409634665,True,False,True,False,True,12.02930155750909,0.0,0.0,0.0,0.0,0,1.0310104774629072,0.8998663947683007,False,False,False,False,0.31229466653493687,0.29680090565032186,False,False,False,False,-7599.0,-14336.596358967492,False,False,False,False,548.7097063094018,False,False,False,False
2025-07-17 14:00:00+00:00,41.29,41.695,40.84,41.695,1900.0,,,,,,39.78978685039669,39.145964106536816,38.49761180689906,37.48179528558579,36.91426114060245,35.007050501509234,34.4811578527863,34.10423261130272,34.04477477911373,33.27000669839869,32.44748464931672,30.012975066313004,29.537406324440294,26.510485197026753,,38.49761180689906,37.48179528558579,30.012975066313004,,,34.37464234787344,"rgba(38, 166, 154, 1.0)",1.0796095682327151,36.71597112806457,4.611879163025517,65.08024592454025,9.128740736385872,True,False,True,False,True,17.816909196594874,0.0,0.0,0.0,0.0,0,1.0344109893159428,0.8942000832523935,False,False,False,False,0.3428282469245459,0.31981457628743387,False,False,False,False,-5699.0,-14202.68013634784,False,False,False,False,569.6599434208839,False,False,False,False
2025-07-17 15:00:00+00:00,41.63,42.02,41.6,41.695,300.0,,,,,,39.85526025033953,39.18883971986356,38.5306130654392,37.50366081642823,36.93638853458051,35.02435913072403,34.49461203758951,34.1173669519769,34.0578870593071,33.283385026541616,32.46120515612585,30.027352924393732,29.55187224186338,26.524738925003028,,38.5306130654392,37.50366081642823,30.027352924393732,,,34.3969672742983,"rgba(38, 166, 154, 1.0)",1.1417323371655619,36.74373533112781,4.336624712902576,69.52814629311914,13.113961864853529,True,False,True,False,True,17.816909196594874,0.0,0.0,0.0,0.0,0,1.0436054611312344,0.8924491501811093,False,False,False,False,0.34282824731417055,0.3313214118008022,False,False,False,False,-5699.0,-14070.84013423392,False,False,False,False,565.479169104281,False,False,False,False
2025-07-17 16:00:00+00:00,41.725,42.155,41.72,41.935,470.0,,,,,,39.957685233657905,39.25738226656759,38.58356332484372,37.53877935657137,36.97182155816222,35.05195739216369,34.51606637919929,34.138295482371966,34.07877789750417,33.304665740517876,32.4829991256574,30.050123152442175,29.574771947907532,26.547257394131965,,38.58356332484372,37.53877935657137,30.050123152442175,,,34.43243901797849,"rgba(38, 166, 154, 1.0)",1.207367398945259,37.182964391603704,3.935865431307502,73.01551330801797,16.213044841721924,True,False,True,False,True,18.649226927095935,0.0,0.0,0.0,0.0,0,1.0452229299363056,0.9087048832271766,False,False,False,False,0.34282824739992995,0.33707482960036605,False,False,False,False,-5229.0,-13933.757341455099,False,False,False,False,563.9988719088658,False,False,False,False
2025-07-17 17:00:00+00:00,41.93,42.015,41.75,42.0,100.0,,,,,,39.97803526404863,39.27144775278921,38.594568182067945,37.54615447824818,36.979273226347125,35.057788222412725,34.52060598816098,34.142725378151894,34.08320001390799,33.309172210193815,32.48761587525191,30.05495055302538,29.579627405563492,26.552035408910204,,38.594568182067945,37.54615447824818,30.05495055302538,,,34.43979999707711,"rgba(38, 166, 154, 1.0)",1.2370772478373837,37.191686910909745,3.886833338416,75.48476137544637,18.458965056719833,True,False,True,False,True,18.874990561001365,0.0,0.0,0.0,0.0,0,1.0488831799043743,0.9039463355455651,False,False,False,False,0.338974629978663,0.33802472978951453,False,False,False,False,-5129.0,-13797.249475696106,False,False,False,False,556.8050909490383,False,False,False,False
2025-07-17 18:00:00+00:00,41.95,41.97,41.335,41.59,201.0,,,,,,40.011772567329814,39.296229866443774,38.61456087203338,37.559926098598545,36.99330854358344,35.068984392211355,34.52935691078811,34.15128285446821,34.091745110959664,33.31791144894601,32.49659705832052,30.064404926844933,29.58914628603613,26.561449201542576,,38.61456087203338,37.559926098598545,30.064404926844933,,,34.45333400986475,"rgba(38, 166, 154, 1.0)",1.2431985157445065,37.20356096442245,3.528349640081957,73.562313817733,18.458965056719833,True,False,True,False,True,16.515103028930696,0.0,0.0,0.0,0.0,0,1.042964859866268,0.8980651586285391,False,False,False,False,0.32296261939361215,0.3304936745915633,False,False,False,False,-5330.0,-13665.9742900264,False,False,False,False,551.2887329498284,False,False,False,False
2025-07-17 19:00:00+00:00,41.59,41.69,41.5,41.68,311.0,,,,,,40.06108826134016,39.33343194201706,38.644897336143096,37.581009175842496,37.01482005736652,35.08621095983796,34.542838695550316,34.16447034743936,34.10491399989505,33.33138372816763,32.510445957506334,30.078992426578807,29.603834737697266,26.575983639789932,,38.644897336143096,37.581009175842496,30.078992426578807,,,34.47388009036942,"rgba(38, 166, 154, 0.75)",1.2593286213599557,37.2240540806096,3.5383503906854767,72.60195537353655,18.458965056719833,True,False,True,False,False,16.84257875799691,0.0,0.0,0.0,0.0,0,1.0466561874821376,0.9013289511288941,False,False,False,False,0.31898479045641265,0.32473923252398795,False,False,False,False,-5019.0,-13531.912673126764,False,False,False,False,547.563326237428,False,False,False,False
2025-07-18 14:00:00+00:00,41.24,41.24,40.49,40.555,100.0,,,,,,40.06791451492417,39.34073599604513,38.65173776054292,37.58630673995113,37.020409195779514,35.091003245263686,34.54663656905553,34.168212100072026,34.1086544210195,33.335257177511565,32.5144698440101,30.08332560614174,29.608212057491606,26.580383856619097,,38.65173776054292,37.58630673995113,30.08332560614174,,,34.478804220316256,"rgba(38, 166, 154, 0.75)",1.2363806631227823,37.22476306734456,2.693536895218103,64.6770879393907,22.022299574325046,True,False,True,False,False,10.72043277956696,0.0,0.0,0.0,0.0,0,1.0327010192525479,0.9031710079275198,False,False,False,False,0.26927798517319373,0.2970086088485908,False,False,False,False,-5119.0,-13401.479918504643,False,False,False,False,540.6243599391732,False,False,False,False
2025-07-18 15:00:00+00:00,40.555,40.75,40.25,40.75,750.0,,,,,,40.103015224431736,39.386635720383495,38.69744518062788,37.6232827219389,37.059829050372734,35.12556678050103,34.57416033922002,34.19538514540022,34.13582577020781,33.36348529065582,32.54387446592099,30.115171861814996,29.64040962744784,26.61288476059617,,38.69744518062788,37.6232827219389,30.115171861814996,,,34.512640852822834,"rgba(38, 166, 154, 0.5)",1.1960853301988532,37.23627855520822,2.937684591623249,60.36379510399628,18.113908650712858,False,False,True,False,False,11.469460972981292,0.0,0.0,0.0,0.0,0,1.0292745014849385,0.9087823504454817,False,False,False,False,0.24491733674277621,0.2709629727956835,False,False,False,False,-4369.0,-13261.441470155733,False,False,False,False,543.8704938936046,False,False,False,False
2025-07-18 16:00:00+00:00,40.75,40.86,40.51,40.675,175.0,,,,,,40.11206635085211,39.39770219900059,38.708340654743246,37.632061811421835,37.06915503043323,35.13371328149873,34.58065097872512,34.20178952406745,34.1422291630565,33.37012951943181,32.550788276588634,30.122644419030387,29.647962495341893,26.620499833493668,,38.708340654743246,37.632061811421835,30.122644419030387,,,34.52069525269181,"rgba(38, 166, 154, 0.5)",1.1589704074760425,37.24186604314544,2.9622274518044778,57.07413494546693,15.10234718970841,False,True,True,False,False,11.075813982581103,0.0,0.0,0.0,0.0,0,1.0296228539262595,0.9047987616099075,False,False,False,False,0.25722719127488597,0.26409508203528476,False,False,False,False,-4544.0,-13126.28733883549,False,False,False,False,538.1515715076572,False,False,False,False
2025-07-18 17:00:00+00:00,40.675,40.78,40.56,40.78,0.0,,,,,,40.11206635085211,39.39770219900059,38.708340654743246,37.632061811421835,37.06915503043323,35.13371328149873,34.58065097872512,34.20178952406745,34.1422291630565,33.37012951943181,32.550788276588634,30.122644419030387,29.647962495341893,26.620499833493668,,38.708340654743246,37.632061811421835,30.122644419030387,,,34.52069525269181,"rgba(38, 166, 154, 0.5)",1.15278520928164,37.24186604314544,3.069204851317751,55.48240129602044,13.526641581852857,False,True,True,False,False,11.488857744332428,0.0,0.0,0.0,0.0,0,1.030232884399551,0.9062149270482607,False,False,False,False,0.2562262954613263,0.26016068874830556,False,False,False,False,-4544.0,-12993.228620403932,False,False,False,False,529.8081362904842,False,False,False,False
2025-07-18 18:00:00+00:00,40.8,40.905,40.6,40.6,992.0,,,,,,40.1600863437329,39.45794777451756,38.76851287201024,37.681209575458226,37.12141304715636,35.179609362449376,34.61730420977653,34.23796681254559,34.17840206242877,33.40766834586712,32.589854586508075,30.164884033879535,29.690659169788212,26.66357226112618,,38.76851287201024,37.681209575458226,30.164884033879535,,,34.565649318374625,"rgba(38, 166, 154, 0.5)",1.1453904208679195,37.27810729736341,2.9002274177563185,53.27646229598052,11.229784817001821,False,True,True,False,False,10.522212939824414,0.0,0.0,0.0,0.0,0,1.030662848362087,0.9048683383390378,False,False,False,False,0.26173750091703635,0.2609490948326709,False,False,False,False,-5536.0,-12877.612672800771,False,False,False,False,536.9739016193139,False,False,False,False
2025-07-18 19:00:00+00:00,40.61,40.93,40.515,40.66,801.0,,,,,,40.193504866086336,39.502677427562254,38.81451162997952,37.71976061484855,37.16252468126995,35.21612011303072,34.64658143251052,34.26688595829773,34.20732037900003,33.437700074704615,32.62112684134365,30.198745469742573,29.72489506467562,26.69815969658941,,38.81451162997952,37.71976061484855,30.198745469742573,,,34.600751017831534,#000000,1.1435321170402142,37.30876460418385,2.9306001518261646,52.2154914023517,9.89859074241592,False,True,False,False,False,10.766399465522447,0.0,0.0,0.0,0.0,0,1.0293055555555555,0.9050694444444447,False,False,False,False,0.2597316434794736,0.2603403691560723,False,False,False,False,-4735.0,-12751.370615858123,False,False,False,False,541.067329501185,False,False,False,False
2025-07-21 14:00:00+00:00,41.77,42.745,41.72,42.53,379.0,,,,,,40.25416080339322,39.55001250864567,38.85366919295773,37.74744505334957,37.19045802143485,35.2383111844379,34.66403895102352,34.28392264459432,34.224326024724085,33.45499312549059,32.6388075598238,30.217166314811195,29.743414457993225,26.71636371689664,,38.85366919295773,37.74744505334957,30.217166314811195,,,34.62693496854117,"rgba(38, 166, 154, 0.5)",1.1957930648961894,37.75080320724241,3.9966754558594846,59.115767868932394,9.89859074241592,False,False,True,False,True,17.671165470549745,0.0,0.0,0.0,0.0,0,1.0304380103934667,0.8902611864749952,False,False,False,False,0.34282824759062913,0.3015843083733507,False,False,False,False,-4356.0,-12621.209831116135,False,False,False,False,538.5546577259728,False,False,False,False
2025-07-21 15:00:00+00:00,42.5,42.74,42.215,42.435,0.0,,,,,,40.25416080339322,39.55001250864567,38.85366919295773,37.74744505334957,37.19045802143485,35.2383111844379,34.66403895102352,34.28392264459432,34.224326024724085,33.45499312549059,32.6388075598238,30.217166314811195,29.743414457993225,26.71636371689664,,38.85366919295773,37.74744505334957,30.217166314811195,,,34.62693496854117,"rgba(38, 166, 154, 1.0)",1.2293579405306299,37.75080320724241,3.810279039427477,63.096875274446546,4.987371827844726,True,False,True,False,True,17.157625915780244,0.0,0.0,0.0,0.0,0,1.036858329982576,0.8911003886878436,False,False,False,False,0.3428282477412998,0.32220627805732527,False,False,False,False,-4356.0,-12493.067043036814,False,False,False,False,530.2049731100662,False,False,False,False
2025-07-21 16:00:00+00:00,42.395,42.495,42.005,42.43,0.0,,,,,,40.25416080339322,39.55001250864567,38.85366919295773,37.74744505334957,37.19045802143485,35.2383111844379,34.66403895102352,34.28392264459432,34.224326024724085,33.45499312549059,32.6388075598238,30.217166314811195,29.743414457993225,26.71636371689664,,38.85366919295773,37.74744505334957,30.217166314811195,,,34.62693496854117,"rgba(38, 166, 154, 1.0)",1.2592420750607751,37.75080320724241,3.715883455158337,65.71527845264119,7.529663133735411,True,False,True,False,True,17.13020691365611,0.0,0.0,0.0,0.0,0,1.05129949653014,0.8927745271465508,False,False,False,False,0.32771923293479754,0.3249627554960614,False,False,False,False,-4356.0,-12366.910964850194,False,False,False,False,521.9847409688249,False,False,False,False
2025-07-21 17:00:00+00:00,42.435,42.48,42.105,42.245,0.0,,,,,,40.25416080339322,39.55001250864567,38.85366919295773,37.74744505334957,37.19045802143485,35.2383111844379,34.66403895102352,34.28392264459432,34.224326024724085,33.45499312549059,32.6388075598238,30.217166314811195,29.743414457993225,26.71636371689664,,38.85366919295773,37.74744505334957,30.217166314811195,,,34.62693496854117,"rgba(38, 166, 154, 1.0)",1.2969567393647117,37.75080320724241,3.4651863522903446,66.06586016866856,8.123899692641757,True,False,True,False,True,16.106803584814763,0.0,0.0,0.0,0.0,0,1.0534450779693616,0.8896063749398918,False,False,False,False,0.33027719413659395,0.32761997481632765,False,False,False,False,-4356.0,-12242.710794852515,False,False,False,False,513.8919542871377,False,False,False,False
2025-07-21 18:00:00+00:00,42.245,42.37,42.1,42.135,0.0,,,,,,40.25416080339322,39.55001250864567,38.85366919295773,37.74744505334957,37.19045802143485,35.2383111844379,34.66403895102352,34.28392264459432,34.224326024724085,33.45499312549059,32.6388075598238,30.217166314811195,29.743414457993225,26.71636371689664,,38.85366919295773,37.74744505334957,30.217166314811195,,,34.62693496854117,"rgba(38, 166, 154, 1.0)",1.3306178135608755,37.75080320724241,3.2948580336715962,65.45479884051912,8.123899692641757,True,False,True,False,True,15.496883014310768,0.0,0.0,0.0,0.0,0,1.0418154353199671,0.8911013457841255,False,False,False,False,0.3263967260131141,0.32700835041472087,False,False,False,False,-4356.0,-12120.436208885809,False,False,False,False,505.9246371664068,False,False,False,False
2025-07-21 19:00:00+00:00,42.12,42.43,42.065,42.14,48.0,,,,,,40.2611685809467,39.555640923976085,38.85839737948569,37.75083640632005,37.193892158119965,35.24106441344367,34.66620975892304,34.28604309457738,34.22644289292688,33.45714893496983,32.64101454844119,30.21947223813168,29.74573371931104,26.718648520929403,,38.85839737948569,37.75083640632005,30.21947223813168,,,34.63012239789305,"rgba(38, 166, 154, 1.0)",1.3632026678059546,37.75432024044549,3.2171883632044023,65.07052169764674,8.123899692641757,True,False,True,False,True,15.515353512067449,0.0,0.0,0.0,0.0,0,1.0464844019006956,0.8896770194890161,False,False,False,False,0.3269154703756391,0.32696191039517997,False,False,False,False,-4308.0,-11999.313166887578,False,False,False,False,498.825030388633,False,False,False,False
2025-07-22 14:00:00+00:00,42.14,42.14,39.84,39.895,200.0,,,,,,40.266515897511276,39.56498071240374,38.86870127345194,37.75990531408586,37.20364197793975,35.24990691773285,34.67334219083528,34.29309978774487,34.23350091646306,33.46449413591159,32.64867668581247,30.227800757972936,29.754159225441388,26.727187070517296,,38.86870127345194,37.75990531408586,30.227800757972936,,,34.63827949027317,"rgba(38, 166, 154, 0.5)",1.3594427448687696,37.733534596390314,1.5899642789430908,54.213433828381326,11.684601684203635,False,True,True,False,False,4.245148142061666,0.0,0.0,0.0,0.0,0,1.0087795724147175,0.8994035252328932,False,False,False,False,0.24245885930764585,0.2847103848514129,False,False,False,False,-4508.0,-11883.168776703274,False,False,False,False,494.1920841810573,False,False,False,False
2025-07-22 15:00:00+00:00,39.895,40.285,39.835,40.215,10.0,,,,,,40.266402188280225,39.56521934610851,38.869063654033056,37.760276283618566,37.20405509070505,35.25030612943134,34.67366764412527,34.29342363878561,34.23382509848907,33.464834700440456,32.64903477583559,30.22819629139039,29.754560281271306,26.727597963821985,,38.869063654033056,37.760276283618566,30.22819629139039,,,34.63860450616689,"rgba(239, 83, 80, 1.0)",1.3571504560512508,37.732360939932356,1.8293027490047826,48.62873456596379,6.659350466831242,False,True,False,True,False,5.50372192729257,0.0,0.0,0.0,0.0,0,1.0091220068415052,0.9266215037896575,False,False,False,False,0.18217191972901436,0.23344115229021364,False,False,False,False,-4498.0,-11768.670035979192,False,False,False,False,486.68523016274634,False,False,False,False
2025-07-22 16:00:00+00:00,40.215,40.215,39.365,39.365,0.0,,,,,,40.266402188280225,39.56521934610851,38.869063654033056,37.760276283618566,37.20405509070505,35.25030612943134,34.67366764412527,34.29342363878561,34.23382509848907,33.464834700440456,32.64903477583559,30.22819629139039,29.754560281271306,26.727597963821985,,38.869063654033056,37.760276283618566,30.22819629139039,,,34.63860450616689,"rgba(239, 83, 80, 1.0)",1.3522796068620175,37.732360939932356,1.2073235829209954,42.65743561905833,1.32200352741053,False,True,False,True,False,1.8009096806673845,0.0,0.0,0.0,0.0,0,1.0028046744574288,0.9280133555926546,False,False,False,False,0.1649300770600033,0.19918561467510848,False,False,False,False,-4498.0,-11655.946469529901,False,False,False,False,479.13972271836263,False,False,False,False
2025-07-22 17:00:00+00:00,39.365,39.895,39.365,39.8,0.0,,,,,,40.266402188280225,39.56521934610851,38.869063654033056,37.760276283618566,37.20405509070505,35.25030612943134,34.67366764412527,34.29342363878561,34.23382509848907,33.464834700440456,32.64903477583559,30.22819629139039,29.754560281271306,26.727597963821985,,38.869063654033056,37.760276283618566,30.22819629139039,,,34.63860450616689,"rgba(239, 83, 80, 1.0)",1.3474803547013452,37.732360939932356,1.534448389435638,40.8457516695234,-0.24936545871476312,False,True,False,True,False,3.5178592445103725,0.0,0.0,0.0,0.0,0,1.002000933769092,0.9321016474354699,False,False,False,False,0.15475899451468558,0.17697230459489705,False,False,False,False,-4498.0,-11544.970555273623,False,False,False,False,471.71119988551976,False,False,False,False
2025-07-22 18:00:00+00:00,39.8,39.8,39.175,39.495,36.0,,,,,,40.264355134026665,39.56510132926563,38.869714682354775,37.76125798111332,37.205223558477336,35.25155903518852,34.674705050577565,34.29446466596922,34.23486845611926,33.46594580219278,32.650216250014005,30.229530402030505,29.755917179006715,26.72900827355319,,38.869714682354775,37.76125798111332,30.229530402030505,,,34.63941912856353,"rgba(239, 83, 80, 1.0)",1.3421695560237066,37.7260281285805,1.317994334978233,38.78213984207782,-2.309009841704089,False,True,False,True,False,2.221942555340025,0.0,0.0,0.0,0.0,0,1.0054875192397776,0.9329451917285687,False,False,False,False,0.12856281081640547,0.15276755770565126,False,False,False,False,-4534.0,-11436.273337362403,False,False,False,False,464.9559874841938,False,False,False,False
2025-07-22 19:00:00+00:00,39.49,39.55,39.25,39.4,201.0,,,,,,40.251815590039705,39.563667588352196,38.872800860912456,37.766434419788766,37.21146948888575,35.258392585429284,34.68038092790795,34.30016885763783,34.240586628846295,33.472049359151505,32.656718620196074,30.236899804363716,29.763416262722792,26.73682128344041,,38.872800860912456,37.766434419788766,30.236899804363716,,,34.6436873055482,"rgba(239, 83, 80, 1.0)",1.3368256673420889,37.69837977029033,1.2728811776129894,37.13378433660033,-4.146344644830549,False,True,False,True,False,1.8189706153250675,0.0,0.0,0.0,0.0,0,0.9972201505186794,0.9501661129568112,False,False,False,False,0.1128337687131571,0.13280066320940417,False,False,False,False,-4735.0,-11332.37762670562,False,False,False,False,460.86364659296595,False,False,False,False
2025-07-23 14:00:00+00:00,39.18,39.18,38.61,39.01,150.0,,,,,38.93333333333333,40.23769403784364,39.55960894574176,38.87306262672856,37.76917868677682,37.215118536309696,35.26290463094078,34.68418983761923,34.304028648653656,34.24446044980096,33.47623814564074,32.66122772568066,30.242111951967324,29.768734355849578,26.742430972910448,38.93333333333333,38.87306262672856,37.76917868677682,30.242111951967324,,,34.93162152571982,"rgba(239, 83, 80, 1.0)",1.332827043516031,37.91322178011445,0.8228961328637375,34.92636642165343,-6.602762359520867,False,True,False,True,False,0.1756355648497845,1.0,39.18,38.61,0.0,0,0.9752778713371505,0.9518356348939038,False,False,False,False,0.076246736828361,0.10452370001888259,False,False,True,False,-4885.0,-11232.41828365592,False,False,False,False,456.0440551729199,False,False,True,False
2025-07-23 15:00:00+00:00,39.01,39.725,39.01,39.725,75.0,,,,,39.117777777777775,40.23369353693183,39.55937486628728,38.874386494831526,37.77119587515854,37.217522969444644,35.26549598078192,34.68633940471785,34.30618652269657,34.246623254577294,33.47854225127742,32.663678535122635,30.244881452159465,29.771551496223697,26.74536110438389,39.117777777777775,38.874386494831526,37.77119587515854,30.244881452159465,,,34.94550743482482,"rgba(239, 83, 80, 1.0)",1.3271967409502423,37.917519363282665,1.3618784472174201,37.35863215387751,-6.602762359520867,False,True,False,True,False,3.0548532226899745,0.0,0.0,0.0,0.0,0,0.980246417570644,0.9448238917905452,False,False,False,False,0.051063699459938966,0.07779369973941078,False,False,False,False,-4810.0,-11132.84590716513,False,False,False,False,450.1363954027971,False,False,False,False
2025-07-23 16:00:00+00:00,39.725,39.855,39.6,39.765,75.0,,,,,39.27333333333333,40.23107771105617,39.55995265716966,38.876250059802324,37.77350552149157,37.22019018750881,35.26823948190962,34.68860038853793,34.30844803603304,34.24888875142051,33.48094166947684,32.66621851688779,30.2477251647872,29.774440421495182,26.748348121336218,39.27333333333333,38.876250059802324,37.77350552149157,30.2477251647872,,,34.95774400148308,"rgba(239, 83, 80, 0.75)",1.3214010275746841,37.92240803267064,1.3944229865715165,39.18228679681354,-6.602762359520867,False,True,False,True,True,3.212544580951729,0.0,0.0,0.0,0.0,0,0.9849920464762433,0.9528321460681929,False,False,False,False,0.08350650678107861,0.08065010326024469,False,False,False,False,-4735.0,-11033.654497751717,False,False,False,False,444.3203272570173,False,False,False,False
2025-07-23 17:00:00+00:00,39.765,39.765,39.28,39.54,0.0,,,,,39.27333333333333,40.23107771105617,39.55995265716966,38.876250059802324,37.77350552149157,37.22019018750881,35.26823948190962,34.68860038853793,34.30844803603304,34.24888875142051,33.48094166947684,32.66621851688779,30.2477251647872,29.774440421495182,26.748348121336218,39.27333333333333,38.876250059802324,37.77350552149157,30.2477251647872,,,34.95774400148308,"rgba(239, 83, 80, 0.75)",1.3166286526613205,37.92240803267064,1.2285863322658965,39.50885979498648,-6.602762359520867,False,True,False,True,True,2.2408055731397667,0.0,0.0,0.0,0.0,0,0.9791176877333704,0.9513898492601301,False,False,False,False,0.06501499243793131,0.07283254784908799,False,False,False,False,-4735.0,-10936.000939647038,False,False,False,False,437.4316400127225,False,False,False,False
2025-07-23 18:00:00+00:00,39.54,40.02,39.54,40.02,100.0,,,,,39.42,40.22847457032621,39.5612269599932,38.879065842325716,37.77676403985506,37.223906659158104,35.271990276722676,34.69168342901884,34.31152701441077,34.251972457316626,33.484199316031564,32.669659727271586,30.25156203264625,29.7783360693414,26.75236544231945,39.42,38.879065842325716,37.77676403985506,30.25156203264625,,,34.9701822557825,"rgba(239, 83, 80, 0.75)",1.315728339385763,37.92735493886964,1.5904841436396333,42.32039799707614,-6.602762359520867,False,True,False,True,True,4.156842068261302,0.0,0.0,0.0,0.0,0,0.9832896008838558,0.9461400359066424,False,False,False,False,0.08825081410867203,0.08054168097888001,False,False,False,False,-4635.0,-10838.311002598246,False,False,False,False,432.20014171795157,False,False,False,False
2025-07-23 19:00:00+00:00,40.025,40.31,39.905,40.31,175.0,,,,,39.64978260869565,40.22782605682607,39.565755027191095,38.885524844307746,37.783300574703674,37.231159539358195,35.27898909154187,34.69739821057061,34.317212451979906,34.25766345476341,33.49017345857591,32.67593740490611,30.25848907122354,29.785358998409695,26.759558642343933,39.64978260869565,38.885524844307746,37.783300574703674,30.25848907122354,,,34.99094196235983,"rgba(239, 83, 80, 0.75)",1.312308529148321,37.9394346983572,1.8064085152149998,45.603928659732034,-11.333686171799819,False,True,False,True,True,5.288591890436699,0.0,0.0,0.0,0.0,0,0.9907630798924659,0.938443510029641,False,False,False,False,0.11444735054220798,0.09749451576054399,False,False,False,False,-4460.0,-10739.422459922305,False,False,False,False,428.21254262154923,False,False,False,False
2025-07-24 14:00:00+00:00,41.355,41.7,40.89,41.7,0.0,,,,,39.64978260869565,40.22782605682607,39.565755027191095,38.885524844307746,37.783300574703674,37.231159539358195,35.27898909154187,34.69739821057061,34.317212451979906,34.25766345476341,33.49017345857591,32.67593740490611,30.25848907122354,29.785358998409695,26.759558642343933,39.64978260869565,38.885524844307746,37.783300574703674,30.25848907122354,,,34.99094196235983,"rgba(38, 166, 154, 0.5)",1.3269155794377834,37.9394346983572,2.8340652260908397,52.64828713300477,-4.611877962843252,False,True,True,False,True,10.340717399713881,0.0,0.0,0.0,0.0,0,0.9942357249423572,0.9294723992947241,False,False,False,False,0.2226290060074817,0.16006176088401286,False,False,False,False,-4460.0,-10642.067072946766,False,False,False,False,421.57358847237793,False,False,False,False
2025-07-24 15:00:00+00:00,41.59,41.965,41.52,41.865,168.0,,,,,40.13220053835801,40.2457274969174,39.5813502030223,38.899323932350725,37.793739495145616,37.2418745884298,35.287890152379084,34.70448077304457,34.324155835289254,34.26459868095058,33.49727604705659,32.683244512260174,30.266207000787947,29.79313438334183,26.767283870131816,40.13220053835801,38.899323932350725,37.793739495145616,30.266207000787947,,,35.032165833964385,"rgba(38, 166, 154, 0.5)",1.340213778832588,37.98148292396068,2.89768478534978,57.7778356016842,0.08869009363981206,False,False,True,False,True,10.90338054429903,0.0,0.0,0.0,0.0,0,1.0018997218264472,0.9305923061266032,False,False,False,False,0.26591834363154804,0.21299005225778045,False,False,False,False,-4292.0,-10543.616420653016,False,False,False,False,417.64221500768986,False,False,False,False
2025-07-24 16:00:00+00:00,41.865,42.08,41.865,42.01,148.0,,,,,40.43996071829406,40.263183914281846,39.59614989391355,38.912214303187696,37.803353222881746,37.25168964360118,35.29595423283867,34.71088587115898,34.330427019034346,34.27086129061136,33.503675056501066,32.68981445777001,30.27311647378312,29.80009084985968,26.774174159474704,40.43996071829406,38.912214303187696,37.803353222881746,30.27311647378312,,,35.061036740479466,"rgba(38, 166, 154, 1.0)",1.3545862970057636,38.013250321408584,2.9505316032105173,61.593865907950345,3.5561357257954427,True,False,True,False,True,11.39966987583523,0.0,0.0,0.0,0.0,0,1.0001374381528314,0.9369158878504676,False,False,False,False,0.2896177946425687,0.2513039234501746,False,False,False,False,-4144.0,-10444.397561418085,False,False,False,False,413.4617155502063,False,False,False,False
2025-07-24 17:00:00+00:00,42.01,42.49,42.01,42.27,0.0,,,,,40.43996071829406,40.263183914281846,39.59614989391355,38.912214303187696,37.803353222881746,37.25168964360118,35.29595423283867,34.71088587115898,34.330427019034346,34.27086129061136,33.503675056501066,32.68981445777001,30.27311647378312,29.80009084985968,26.774174159474704,40.43996071829406,38.912214303187696,37.803353222881746,30.27311647378312,,,35.061036740479466,"rgba(38, 166, 154, 1.0)",1.3708171693232691,38.013250321408584,3.105264344400389,64.85391153577814,6.5885918066959235,True,False,True,False,True,12.288111634365698,0.0,0.0,0.0,0.0,0,1.0088947114390128,0.9255326484175689,False,False,False,False,0.31864197475493267,0.28497294910255366,False,False,False,False,-4144.0,-10346.716979070517,False,False,False,False,407.0514563943891,False,False,False,False
2025-07-24 18:00:00+00:00,42.27,42.42,42.085,42.2,0.0,,,,,40.43996071829406,40.263183914281846,39.59614989391355,38.912214303187696,37.803353222881746,37.25168964360118,35.29595423283867,34.71088587115898,34.330427019034346,34.27086129061136,33.503675056501066,32.68981445777001,30.27311647378312,29.80009084985968,26.774174159474704,40.43996071829406,38.912214303187696,37.803353222881746,30.27311647378312,,,35.061036740479466,"rgba(38, 166, 154, 1.0)",1.385960388394252,38.013250321408584,3.020829248548805,66.53469767335542,8.286254809645285,True,False,True,False,True,11.954408860653182,0.0,0.0,0.0,0.0,0,1.0099965529127886,0.9209238193726303,False,False,False,False,0.31890576129509873,0.3019393551988262,False,False,False,False,-4144.0,-10250.550824356245,False,False,False,False,400.74058110145285,False,False,False,False
2025-07-24 19:00:00+00:00,42.22,42.315,42.125,42.2,17.0,,,,,40.47316262848752,40.265429564903265,39.59799957041102,38.91379757370575,37.80451482284886,37.25286870847196,35.296910845555836,34.711643941870484,34.331168168218,34.27160126707149,33.504429231652125,32.69058704276345,30.273925070641738,29.800904359145374,26.774977086813152,40.47316262848752,38.91379757370575,37.80451482284886,30.273925070641738,,,35.064261325504006,"rgba(38, 166, 154, 1.0)",1.4030358012036634,38.01695101865028,2.9814271152319036,67.6552217650736,9.635465400578184,True,False,True,False,True,11.954408860653182,0.0,0.0,0.0,0.0,0,1.0104897533865926,0.9276832233414382,False,False,False,False,0.31547986863621347,0.30870961191751983,False,False,False,False,-4144.0,-10155.87561777708,False,False,False,False,394.7911147277869,False,False,False,False
2025-07-25 14:00:00+00:00,42.495,42.73,42.22,42.235,150.0,,,,,40.74563484562067,40.28684950490624,39.615333484823445,38.92846762185702,37.815159014788456,37.26362810605215,35.305561495733095,34.71848798954838,34.337852268143216,34.27827371891051,33.511216755905735,32.69752848432251,30.281163492341555,29.80818275277949,26.782141446201653,40.74563484562067,38.92846762185702,37.815159014788456,30.281163492341555,,,35.09169873212894,"rgba(38, 166, 154, 1.0)",1.4147070177056773,38.04948680847348,2.958572438775654,68.53200859910433,10.891723165283075,True,False,True,False,True,12.079640413901888,0.0,0.0,0.0,0.0,0,1.0122440509131156,0.9141532927504152,False,False,False,False,0.34256039843842595,0.3256350051779729,False,False,False,False,-3994.0,-10060.342662462705,False,False,False,False,390.99590364673594,False,False,False,False
2025-07-25 15:00:00+00:00,42.36,42.45,42.23,42.44,100.0,,,,,40.88619602763386,40.30074735229469,39.62668141046741,38.938118457300284,37.82219432011111,37.27074587674821,35.311299301558435,34.7230310592797,34.34229021574443,34.28270407586189,33.51572499525206,32.702140270853405,30.2859756833624,29.813021998759883,26.78690741261536,40.88619602763386,38.938118457300284,37.82219432011111,30.2859756833624,,,35.10718523052287,"rgba(38, 166, 154, 1.0)",1.4233834453274272,38.06837922163877,3.0712881990527876,69.89429448452299,12.666253275144186,True,False,True,False,True,12.81785813149612,0.0,0.0,0.0,0.0,0,1.013220737869454,0.9177683948224549,False,False,False,False,0.32816568337009483,0.32690034427403386,False,False,False,False,-3894.0,-9964.740450641577,False,False,False,False,386.4843392491121,False,False,False,False
2025-07-25 16:00:00+00:00,42.44,43.21,42.44,43.13,0.0,,,,,40.88619602763386,40.30074735229469,39.62668141046741,38.938118457300284,37.82219432011111,37.27074587674821,35.311299301558435,34.7230310592797,34.34229021574443,34.28270407586189,33.51572499525206,32.702140270853405,30.2859756833624,29.813021998759883,26.78690741261536,40.88619602763386,38.938118457300284,37.82219432011111,30.2859756833624,,,35.10718523052287,"rgba(38, 166, 154, 1.0)",1.4371481927510716,38.06837922163877,3.5219894537611918,72.89431169510375,15.919226716685188,True,False,True,False,True,15.226494015628735,0.0,0.0,0.0,0.0,0,1.0133314720457876,0.9149158930690307,False,False,False,False,0.34282824421349856,0.3348642942437662,False,False,False,False,-3894.0,-9870.620443654885,False,False,False,False,380.49233398943596,False,False,False,False
2025-07-25 17:00:00+00:00,43.13,43.13,42.86,43.05,0.0,,,,,40.88619602763386,40.30074735229469,39.62668141046741,38.938118457300284,37.82219432011111,37.27074587674821,35.311299301558435,34.7230310592797,34.34229021574443,34.28270407586189,33.51572499525206,32.702140270853405,30.2859756833624,29.813021998759883,26.78690741261536,40.88619602763386,38.938118457300284,37.82219432011111,30.2859756833624,,,35.10718523052287,"rgba(38, 166, 154, 1.0)",1.463906402388724,38.06837922163877,3.4029639943048844,74.13097812829388,17.473121893507596,True,False,True,False,True,14.814900344813708,0.0,0.0,0.0,0.0,0,1.0209005470612988,0.9149249544115584,False,False,False,False,0.3428282444469201,0.3388462693453431,False,False,False,False,-3894.0,-9777.959661582716,False,False,False,False,374.5932280361114,False,False,False,False
2025-07-25 18:00:00+00:00,43.02,43.045,42.735,42.855,0.0,,,,,40.88619602763386,40.30074735229469,39.62668141046741,38.938118457300284,37.82219432011111,37.27074587674821,35.311299301558435,34.7230310592797,34.34229021574443,34.28270407586189,33.51572499525206,32.702140270853405,30.2859756833624,29.813021998759883,26.78690741261536,40.88619602763386,38.938118457300284,37.82219432011111,30.2859756833624,,,35.10718523052287,"rgba(38, 166, 154, 1.0)",1.4870362991382202,38.06837922163877,3.218899754589184,73.07279691055263,17.473121893507596,True,False,True,False,True,13.807268998781076,0.0,0.0,0.0,0.0,0,1.0164877569634463,0.9147547884655863,False,False,False,False,0.3323969976982852,0.3356216335218142,False,False,False,False,-3894.0,-9686.735480782983,False,False,False,False,368.7855810898151,False,False,False,False
2025-07-25 19:00:00+00:00,42.855,42.955,42.55,42.55,400.0,,,,,41.34801989730424,40.36262375916436,39.67620081768135,38.97964090132522,37.852032060131904,37.300746730758576,35.33516646571558,34.741887671827655,34.36068010191242,34.30105791529687,33.534345080957415,32.72113660726463,30.3056815412571,29.832821158157447,26.80632279606925,41.34801989730424,38.97964090132522,37.852032060131904,30.3056815412571,,,35.1638909003216,"rgba(38, 166, 154, 0.75)",1.5064348402528622,38.1413547344134,2.9265422889758628,69.651250422952,17.473121893507596,True,False,True,False,False,12.245080708905789,0.0,0.0,0.0,0.0,0,1.0131495675409605,0.9197665424372409,False,False,False,False,0.3188414090432418,0.32723152128252797,False,False,False,False,-4294.0,-9603.12717875534,False,False,False,False,369.26952556904274,False,False,False,False
2025-07-28 14:00:00+00:00,42.81,43.39,42.81,42.965,0.0,,,,,41.34801989730424,40.36262375916436,39.67620081768135,38.97964090132522,37.852032060131904,37.300746730758576,35.33516646571558,34.741887671827655,34.36068010191242,34.30105791529687,33.534345080957415,32.72113660726463,30.3056815412571,29.832821158157447,26.80632279606925,41.34801989730424,38.97964090132522,37.852032060131904,30.3056815412571,,,35.1638909003216,"rgba(38, 166, 154, 0.75)",1.5333251037772817,38.1413547344134,3.1458724922090946,69.22364161647951,17.473121893507596,True,False,True,False,False,13.741231298671263,0.0,0.0,0.0,0.0,0,1.0067965246636774,0.9169002242152465,False,False,False,False,0.3428282445858304,0.3350298829341792,False,False,False,False,-4294.0,-9520.815129472312,False,False,False,False,363.5444166454917,False,False,False,False
2025-07-28 15:00:00+00:00,42.965,43.15,42.855,42.955,0.0,,,,,41.34801989730424,40.36262375916436,39.67620081768135,38.97964090132522,37.852032060131904,37.300746730758576,35.33516646571558,34.741887671827655,34.36068010191242,34.30105791529687,33.534345080957415,32.72113660726463,30.3056815412571,29.832821158157447,26.80632279606925,41.34801989730424,38.97964090132522,37.852032060131904,30.3056815412571,,,35.1638909003216,"rgba(38, 166, 154, 0.75)",1.5573736033913883,38.1413547344134,3.0908737987495405,68.84658130326238,17.473121893507596,True,False,True,False,False,13.689240762364633,0.0,0.0,0.0,0.0,0,1.0072230014025245,0.9174614305750354,False,False,False,False,0.33327434446866816,0.33415211370142367,False,False,False,False,-4294.0,-9439.77923599212,False,False,False,False,357.90806910060036,False,False,False,False
2025-07-28 16:00:00+00:00,42.955,43.23,42.93,43.05,100.0,,,,,41.451878769601926,40.38007606523562,39.68988328495404,38.9909417967491,37.86002404656148,37.30872765880921,35.34142042437816,34.74681569474441,34.365476960247044,34.305843985489055,33.53918364827106,32.72605746705596,30.310751132593552,29.83790942567971,26.811286743011568,41.451878769601926,38.9909417967491,37.86002404656148,30.310751132593552,,,35.17775180689213,"rgba(38, 166, 154, 0.75)",1.581630165993845,38.15997927875769,3.0917598983511914,69.0350548575752,17.473121893507596,True,False,True,False,False,14.035477822021047,0.0,0.0,0.0,0.0,0,1.0080230839608697,0.9194172707438948,False,False,False,False,0.3408636039463895,0.33750785882390655,False,False,False,False,-4194.0,-9358.449325356583,False,False,False,False,353.90949438586233,False,False,False,False
2025-07-28 17:00:00+00:00,43.05,43.515,43.05,43.34,30.0,,,,,41.48475414691943,40.385715112912585,39.69424639606991,38.9945117552335,37.86252327005509,37.311213736552446,35.34335082060857,34.74833408272937,34.366953259945774,34.307316714689016,33.54066952130665,32.72756585494955,30.31229882478464,29.83946185540067,26.812796546890244,41.48475414691943,38.9945117552335,37.86252327005509,30.31229882478464,,,35.18211412660317,"rgba(38, 166, 154, 0.75)",1.590826744095492,38.1659156327389,3.2524499518663608,70.42868211759722,17.473121893507596,True,False,True,False,False,15.089353018466259,0.0,0.0,0.0,0.0,0,1.0085879205969306,0.9154582570744756,False,False,False,False,0.3428282448182755,0.340168051821091,False,False,False,False,-4164.0,-9277.915227289039,False,False,False,False,348.88764175972494,False,False,False,False
2025-07-28 18:00:00+00:00,43.34,43.645,43.305,43.645,100.0,,,,,41.599234712900824,40.40582603507428,39.70963670757467,39.00700220234,37.87118903495361,37.31980338681911,35.349964488311294,34.753527479674794,34.371997325158375,34.312347775814295,33.545735795733066,32.73270000538566,30.31754643817419,29.84472240258286,26.817897402415152,41.599234712900824,39.00700220234,37.87118903495361,30.31754643817419,,,35.197275412860805,"rgba(38, 166, 154, 1.0)",1.613570960089136,38.186784387132604,3.3826932610177116,72.50294872810547,18.02622433177018,True,False,True,False,True,16.180563760017723,0.0,0.0,0.0,0.0,0,1.014276672058513,0.9087136929460582,False,False,False,False,0.3428282450518338,0.3414981484364624,False,False,False,False,-4064.0,-9197.07933229231,False,False,False,False,345.0289186316672,False,False,False,False
2025-07-28 19:00:00+00:00,43.645,44.0,43.6,43.745,399.0,,,,,41.99740131077579,40.489790653700716,39.7737720233161,39.058878117852096,37.90701881928721,37.355211099972074,35.37705009607539,34.77477655081286,34.39261579311557,34.33291006111664,33.56640397931902,32.75360990031701,30.338838351611052,29.866054460129927,26.83852283150246,41.99740131077579,39.058878117852096,37.90701881928721,30.338838351611052,,,35.25485693659359,"rgba(38, 166, 154, 1.0)",1.630145013722858,38.267753194408385,3.359975192073803,74.23738098614476,19.89561032812452,True,False,True,False,True,16.53681890919314,0.0,0.0,0.0,0.0,0,1.0193997329022284,0.903985379911436,False,False,False,False,0.3428282454213732,0.34216319692891783,False,False,False,False,-3665.0,-9111.310660473824,False,False,False,False,345.86567958311423,False,False,False,False
2025-07-29 14:00:00+00:00,45.62,45.62,45.155,45.255,0.0,,,,,41.99740131077579,40.489790653700716,39.7737720233161,39.058878117852096,37.90701881928721,37.355211099972074,35.37705009607539,34.77477655081286,34.39261579311557,34.33291006111664,33.56640397931902,32.75360990031701,30.338838351611052,29.866054460129927,26.83852283150246,41.99740131077579,39.058878117852096,37.90701881928721,30.338838351611052,,,35.25485693659359,"rgba(38, 166, 154, 1.0)",1.6941241405526735,38.267753194408385,4.124400708505441,78.62031178073477,24.10028926209796,True,False,True,False,True,20.0,0.0,0.0,0.0,0.0,0,1.030057483205208,0.8927903594431748,False,False,False,False,0.3428282468749755,0.34249572190194666,False,False,False,False,-3665.0,-9026.871735505238,False,False,False,False,340.5034209849264,False,False,False,False
2025-07-29 15:00:00+00:00,45.255,45.255,44.1,44.525,268.0,,,,,42.28442498302783,40.55776629879421,39.82457377967007,39.099215686274526,37.93426874170913,37.38187525940115,35.39696475625823,34.79032679199647,34.407655964392774,34.347901919227596,33.58138404431126,32.768683012557865,30.353998511356853,29.881213971110473,26.853037884946616,42.28442498302783,39.099215686274526,37.93426874170913,30.353998511356853,,,35.297552773669004,"rgba(38, 166, 154, 0.75)",1.7311832957845141,38.32967428548116,3.5786653727566864,75.97761694278034,24.10028926209796,True,False,True,False,False,17.626790703008936,0.0,0.0,0.0,0.0,0,1.0143701870187016,0.8970022002200219,False,False,False,False,0.29017209167230784,0.31633390678712725,False,False,False,False,-3933.0,-8947.896979916008,False,False,False,False,339.37933693864846,False,False,False,False
2025-07-29 16:00:00+00:00,44.525,44.545,44.335,44.545,0.0,,,,,42.28442498302783,40.55776629879421,39.82457377967007,39.099215686274526,37.93426874170913,37.38187525940115,35.39696475625823,34.79032679199647,34.407655964392774,34.347901919227596,33.58138404431126,32.768683012557865,30.353998511356853,29.881213971110473,26.853037884946616,42.28442498302783,39.099215686274526,37.93426874170913,30.353998511356853,,,35.297552773669004,"rgba(38, 166, 154, 0.75)",1.763240638582629,38.32967428548116,3.524944683395566,74.27300613510016,24.10028926209796,True,False,True,False,False,17.691527254947836,0.0,0.0,0.0,0.0,0,1.0098114794309343,0.9144999649590021,False,False,False,False,0.27291476431276807,0.29462433554994766,False,False,False,False,-3933.0,-8870.146639142115,False,False,False,False,334.11764179231284,False,False,False,False
2025-07-29 17:00:00+00:00,44.545,45.06,44.545,45.035,62.0,,,,,42.348360482055355,40.57413439612348,39.8367873332554,39.10888828916358,37.940778822557135,37.38823073172288,35.40168579068235,34.794009718150086,34.41121521344282,34.351449293864334,33.58492315659181,32.77223900741128,30.357563301285232,29.884776764619495,26.856440285747645,42.348360482055355,39.10888828916358,37.940778822557135,30.357563301285232,,,35.307432172444855,"rgba(38, 166, 154, 0.75)",1.7926110228599526,38.34413624887946,3.732468263218563,74.48586308775855,24.10028926209796,True,False,True,False,False,19.263764433604,0.0,0.0,0.0,0.0,0,1.0075928008998873,0.9137373453318337,False,False,False,False,0.2993222781875368,0.29697330686874224,False,False,False,False,-3871.0,-8792.640489698051,False,False,False,False,329.8987636249902,False,False,False,False
2025-07-29 18:00:00+00:00,45.035,45.095,44.52,44.57,0.0,,,,,42.348360482055355,40.57413439612348,39.8367873332554,39.10888828916358,37.940778822557135,37.38823073172288,35.40168579068235,34.794009718150086,34.41121521344282,34.351449293864334,33.58492315659181,32.77223900741128,30.357563301285232,29.884776764619495,26.856440285747645,42.348360482055355,39.10888828916358,37.940778822557135,30.357563301285232,,,35.307432172444855,"rgba(38, 166, 154, 0.75)",1.8152591456223242,38.34413624887946,3.429738264167309,71.4025434159315,26.1796021547151,True,False,True,False,False,16.824337427132264,0.0,0.0,0.0,0.0,0,1.002180181447359,0.9163091637949222,False,False,False,False,0.29968929068266287,0.2983312987757025,False,False,False,False,-3871.0,-8716.335985981803,False,False,False,False,324.78405411142444,False,False,False,False
2025-07-29 19:00:00+00:00,44.57,44.7,44.37,44.58,44.0,,,,,42.386186385526486,40.58479095597792,39.84485444950143,39.11534170754939,37.94517212293342,37.392536149708754,35.40491680178516,34.79653631394522,34.41366008827215,34.353886475017326,33.587360098798364,32.77469260306143,30.360034628094276,29.887248551385287,26.858809918051346,42.386186385526486,39.11534170754939,37.94517212293342,30.360034628094276,,,35.31373514997386,"rgba(38, 166, 154, 0.75)",1.8366489461383393,38.353321602770656,3.3902387336030078,69.38309524697601,24.20544817906142,True,False,True,False,False,16.857356037878315,0.0,0.0,0.0,0.0,0,1.0072765807135289,0.9150123631225713,False,False,False,False,0.27979813842800916,0.28906471860185584,False,False,False,False,-3827.0,-8640.53232728441,False,False,False,False,320.43081296241013,False,False,False,False
2025-07-30 14:00:00+00:00,45.285,45.99,45.285,45.745,0.0,,,,,42.386186385526486,40.58479095597792,39.84485444950143,39.11534170754939,37.94517212293342,37.392536149708754,35.40491680178516,34.79653631394522,34.41366008827215,34.353886475017326,33.587360098798364,32.77469260306143,30.360034628094276,29.887248551385287,26.858809918051346,42.386186385526486,39.11534170754939,37.94517212293342,30.360034628094276,,,35.31373514997386,"rgba(38, 166, 154, 0.75)",1.881560654216391,38.353321602770656,3.9284826564933333,71.38584746356017,24.20544817906142,True,False,True,False,False,20.0,0.0,0.0,0.0,0.0,0,1.0111984419559017,0.8988662446963901,False,False,False,False,0.34282824706212905,0.31594648283199245,False,False,False,False,-3827.0,-8565.90391910946,False,False,False,False,315.46289338159755,False,False,False,False
2025-07-30 15:00:00+00:00,45.745,45.745,45.045,45.545,200.0,,,,,42.607759265966436,40.643291305568944,39.888087132177915,39.14928271399719,37.96776434764707,37.41448015878423,35.42100899969546,34.80905670064707,34.42573824174541,34.36592103811647,33.599326694553916,32.78667913854189,30.371964924768186,29.89915860937377,26.870117484285927,42.607759265966436,39.14928271399719,37.96776434764707,30.371964924768186,,,35.347975783724664,"rgba(38, 166, 154, 0.75)",1.9123812452088995,38.404055355074085,3.734059128019671,71.388527208667,24.20544817906142,True,False,True,False,False,19.486162162595047,0.0,0.0,0.0,0.0,0,1.0070202265934523,0.9080419823451726,False,False,False,False,0.3250990381435972,0.3205227604877948,False,False,False,False,-4027.0,-8495.533315712413,False,False,False,False,313.67277100358825,False,False,False,False
2025-07-30 16:00:00+00:00,45.545,45.585,45.335,45.41,0.0,,,,,42.607759265966436,40.643291305568944,39.888087132177915,39.14928271399719,37.96776434764707,37.41448015878423,35.42100899969546,34.80905670064707,34.42573824174541,34.36592103811647,33.599326694553916,32.78667913854189,30.371964924768186,29.89915860937377,26.870117484285927,42.607759265966436,39.14928271399719,37.96776434764707,30.371964924768186,,,35.347975783724664,"rgba(38, 166, 154, 0.75)",1.934078063304236,38.404055355074085,3.6223691162479494,70.46919509036559,24.20544817906142,True,False,True,False,False,18.778804004780685,0.0,0.0,0.0,0.0,0,1.046017571654904,0.9061644822123,False,False,False,False,0.3298314465286419,0.3251771035082184,False,False,False,False,-4027.0,-8426.253729422298,False,False,False,False,308.8096272670985,False,False,False,False
2025-07-30 17:00:00+00:00,45.41,45.71,45.41,45.585,100.0,,,,,42.71123965979261,40.6727543471325,39.90992835262301,39.16644686881653,37.97919497791746,37.42557519514861,35.429134529662655,34.8153783240696,34.43183488723285,34.37199540724754,33.60536314149927,32.792722216706316,30.37797175063081,29.905153992924035,26.87580361514299,42.71123965979261,39.16644686881653,37.97919497791746,30.37797175063081,,,35.36469981776979,"rgba(38, 166, 154, 0.75)",1.9555927582284973,38.42894887183475,3.6592747125161513,70.41499744293438,24.20544817906142,True,False,True,False,False,19.330081102427584,0.0,0.0,0.0,0.0,0,1.055990149210488,0.8791105316529044,False,False,False,False,0.33714010244306714,0.33115860297564276,False,False,False,False,-3927.0,-8356.49785764831,False,False,False,False,305.5722687048179,False,False,False,False
2025-07-30 18:00:00+00:00,45.585,46.315,45.5,46.06,105.0,,,,,42.82619071701506,40.705747973762975,39.9342498340482,39.18546262965631,37.99177507833066,37.43774894921825,35.43797997658422,34.82224849239296,34.438453117224704,34.37858832901596,33.611901279000996,32.7992548145838,30.384435609203585,29.911600830977967,26.881894821002984,42.82619071701506,39.18546262965631,37.99177507833066,30.384435609203585,,,35.38316883013457,"rgba(38, 166, 154, 1.0)",1.9929657672798227,39.0329524264724,3.525924874825494,71.76720438695921,24.20544817906142,True,False,True,False,True,20.0,0.0,0.0,0.0,0.0,0,1.0511765555074344,0.8749097733506568,False,False,False,False,0.3428282472540924,0.3369934251148676,False,False,False,False,-3822.0,-8286.195565281669,False,False,False,False,302.462621127999,False,False,False,False
2025-07-30 19:00:00+00:00,46.06,46.21,45.855,46.21,13.0,,,,,42.84044086382455,40.70990723139679,39.937313811802234,39.18785575932048,37.99335587715741,37.439277307575615,35.43908795999999,34.82310867250678,34.43928146621173,34.37941346634947,33.6127190179287,32.80007135195415,30.385242371682683,29.912405279851512,26.882653968958472,42.84044086382455,39.18785575932048,37.99335587715741,30.385242371682683,,,35.38547562710138,"rgba(38, 166, 154, 1.0)",2.0338284916219043,39.03710930548429,3.526792315115808,73.07259000286648,24.20544817906142,True,False,True,False,True,20.0,0.0,0.0,0.0,0.0,0,1.0558335146109779,0.8779638894931475,False,False,False,False,0.34282824733961087,0.3399108362272392,False,False,False,False,-3809.0,-8216.78168054862,False,False,False,False,297.9748285523711,False,False,False,False
2025-07-31 14:00:00+00:00,46.085,46.085,45.32,45.32,100.0,,,,,42.92925408682473,40.7386369631117,39.9588111852558,39.20483561959451,38.004720785677506,37.45031493214307,35.44719020783372,34.82941787547334,34.44536709038312,34.38547696676577,33.61874544703446,32.80610503147923,30.39124141499114,29.918393151152777,26.888334548928217,42.92925408682473,39.20483561959451,38.004720785677506,30.39124141499114,,,35.40112302044327,"rgba(38, 166, 154, 0.75)",2.047445820378913,39.05102798804719,3.061850013102001,67.87289865234966,21.909129044107075,True,False,True,False,False,16.575999830319674,0.0,0.0,0.0,0.0,0,1.0515263043948906,0.8714729017824925,False,False,False,False,0.3196525633540475,0.32978169979064337,False,False,False,False,-3909.0,-8149.994367671898,False,False,False,False,294.9054513655126,False,False,False,False
2025-07-31 15:00:00+00:00,45.32,45.32,45.32,45.32,0.0,,,,,42.92925408682473,40.7386369631117,39.9588111852558,39.20483561959451,38.004720785677506,37.45031493214307,35.44719020783372,34.82941787547334,34.44536709038312,34.38547696676577,33.61874544703446,32.80610503147923,30.39124141499114,29.918393151152777,26.888334548928217,42.92925408682473,39.20483561959451,38.004720785677506,30.39124141499114,,,35.40112302044327,"rgba(38, 166, 154, 0.5)",2.0530332141439085,39.05102798804719,3.053517093032955,64.40643775200512,18.793127352261763,False,False,True,False,False,16.575999830319663,0.0,0.0,0.0,0.0,0,1.057178235851118,0.8774127758758831,False,False,False,False,0.2884078692948497,0.3090947845427465,False,False,False,False,-3909.0,-8084.242517010318,False,False,False,False,290.333273824962,False,False,False,False
2025-07-31 16:00:00+00:00,45.32,45.32,44.535,44.55,0.0,,,,,42.92925408682473,40.7386369631117,39.9588111852558,39.20483561959451,38.004720785677506,37.45031493214307,35.44719020783372,34.82941787547334,34.44536709038312,34.38547696676577,33.61874544703446,32.80610503147923,30.39124141499114,29.918393151152777,26.888334548928217,42.92925408682473,39.20483561959451,38.004720785677506,30.39124141499114,,,35.40112302044327,"rgba(38, 166, 154, 0.5)",2.0391636622500715,39.05102798804719,2.6966800722042517,58.100643371712394,13.166738719427556,False,True,True,False,False,12.73046029814865,0.0,0.0,0.0,0.0,0,1.036855216881594,0.8933177022274326,False,False,False,False,0.25431088599651214,0.28170283526962936,False,False,False,False,-3909.0,-8019.510074886127,False,False,False,False,285.83198275790835,False,False,False,False
2025-07-31 17:00:00+00:00,44.55,44.55,43.525,43.525,136.0,,,,,42.968908242612756,40.76355858230816,39.978972345510414,39.22162967083423,38.01664689514861,37.462131897894245,35.456333335994955,34.836624274903436,34.45236412370758,34.39245540973255,33.625761991545545,32.81320507434837,30.3984754288391,29.92564155470983,26.895348832852882,42.968908242612756,39.22162967083423,38.01664689514861,30.3984754288391,,,35.41387051072952,"rgba(239, 83, 80, 1.0)",2.0348754150941613,39.03192740783942,2.208033257875234,50.288523912338626,6.368007070456002,False,True,False,True,False,7.99631599881717,0.0,0.0,0.0,0.0,0,1.010413632391494,0.909190212642004,False,False,False,False,0.18462262754942307,0.2331627314095262,False,False,False,False,-4045.0,-7957.889763647582,False,False,False,False,283.50900628104154,False,False,False,False
2025-07-31 18:00:00+00:00,43.525,43.77,42.595,43.635,116.0,,,,,42.98159911938357,40.780903739477885,39.9936683410759,39.23422493926272,38.025856990676424,37.471340255900635,35.46362266524133,34.842399336723915,34.45798634002051,34.39806488687929,33.63142782269764,32.81896194119859,30.404395389056578,29.931581775034633,26.901139158055216,42.98159911938357,39.23422493926272,38.025856990676424,30.404395389056578,,,35.42247818004566,"rgba(239, 83, 80, 1.0)",2.031291387935857,39.02231882042188,2.2708121577108633,45.68866491075666,2.6335228413649574,False,True,False,True,False,8.389932864497009,0.0,0.0,0.0,0.0,0,0.9913419913419912,0.9258297258297257,False,False,False,False,0.11993344988626323,0.17654809064789473,False,False,False,False,-3929.0,-7895.4263564592475,False,False,False,False,280.9119674239711,False,False,False,False
2025-07-31 19:00:00+00:00,43.635,43.865,43.15,43.43,400.0,,,,,43.03521129277227,40.84233357974147,40.045578871649866,39.278621737918556,38.058253467531614,37.50367078620962,35.48912697213562,34.862600116133144,34.477641920248026,34.41767426192673,33.65121248411993,32.83904434995928,30.425001280258424,29.952251255923695,26.92125450523544,43.03521129277227,39.278621737918556,38.058253467531614,30.425001280258424,,,35.453298458784246,"rgba(239, 83, 80, 1.0)",2.020055413565071,39.0374827733118,2.1744538279453023,41.94931215531606,-0.4558491013617285,False,True,False,True,False,7.468637393694394,0.0,0.0,0.0,0.0,0,0.996192528735632,0.9262212643678158,False,False,False,False,0.14437671948602465,0.1604624050669597,False,False,False,False,-4329.0,-7840.132924576158,False,False,False,False,282.75829351042114,False,False,False,False
2025-08-01 14:00:00+00:00,40.23,42.2,40.23,41.865,100.0,,,,41.43166666666667,42.99335421560949,40.84566578084362,40.05071690699486,39.28423330205729,38.063253857670105,37.50894602543613,35.49384881977772,34.866437905060124,34.48142671187646,34.4214576130089,33.65511737407298,32.84308833657288,30.429335380940202,29.956627300590117,26.92565414628872,42.99335421560949,39.28423330205729,38.063253857670105,30.429335380940202,,,35.828176896466644,"rgba(239, 83, 80, 1.0)",2.008142209888236,39.37123984412876,1.241824480154737,35.755872742817445,-5.917750402206458,False,True,False,True,False,0.9335219914452892,0.0,0.0,0.0,0.0,0,0.9685943552850025,0.9330381848367459,True,False,False,False,-0.02605853170419798,0.06720193668138086,False,False,False,False,-4429.0,-7787.247142799783,False,False,False,False,279.92483159553086,False,False,False,False
2025-08-01 15:00:00+00:00,41.865,42.8,41.865,42.795,0.0,,,,41.43166666666667,42.99335421560949,40.84566578084362,40.05071690699486,39.28423330205729,38.063253857670105,37.50894602543613,35.49384881977772,34.866437905060124,34.48142671187646,34.4214576130089,33.65511737407298,32.84308833657288,30.429335380940202,29.956627300590117,26.92565414628872,42.99335421560949,39.28423330205729,38.063253857670105,30.429335380940202,,,35.828176896466644,"rgba(239, 83, 80, 1.0)",1.9944955220273266,39.37123984412876,1.7166045839958188,36.15229806866638,-5.917750402206458,False,True,False,True,False,4.329352782402452,0.0,0.0,0.0,0.0,0,0.9928728070175438,0.9202302631578948,False,False,False,False,0.035443056227453466,0.051322496454417166,False,False,False,False,-4429.0,-7735.181295624593,False,False,False,False,275.5849117258327,False,False,False,False
2025-08-01 16:00:00+00:00,42.795,43.08,41.97,42.06,0.0,,,,41.43166666666667,42.99335421560949,40.84566578084362,40.05071690699486,39.28423330205729,38.063253857670105,37.50894602543613,35.49384881977772,34.866437905060124,34.48142671187646,34.4214576130089,33.65511737407298,32.84308833657288,30.429335380940202,29.956627300590117,26.92565414628872,42.99335421560949,39.28423330205729,38.063253857670105,30.429335380940202,,,35.828176896466644,"rgba(239, 83, 80, 1.0)",1.980905159832727,39.37123984412876,1.3573391651411972,34.74072168870127,-6.845163932774227,False,True,False,True,False,1.500772662982417,0.0,0.0,0.0,0.0,0,0.9911821438412783,0.9276660236979885,False,False,False,False,0.05079756329192874,0.05106002987317296,False,False,False,False,-4429.0,-7683.922670886227,False,False,False,False,271.3122774355097,False,False,False,False
2025-08-01 17:00:00+00:00,42.06,42.06,41.63,41.865,100.0,,,,41.64166666666667,42.96431103196811,40.85132191986207,40.05736812300724,39.290907507538755,38.06886108767617,37.51477041169869,35.498896629933085,34.87051644206739,34.485435850431905,34.4254633108884,33.65922903216637,32.84732609210381,30.433831388216472,29.961160056498905,26.930178427990757,42.96431103196811,39.290907507538755,38.06886108767617,30.433831388216472,,,35.843827748669675,"rgba(239, 83, 80, 1.0)",1.9501310350983394,39.374491104657416,1.27709823110271,33.38441159562334,-8.458109560514742,False,True,False,True,False,0.7693818275594069,0.0,0.0,0.0,0.0,0,0.981622960974602,0.9403950719251152,False,False,False,False,-0.0033836115450201387,0.023838209164076408,False,False,False,False,-4529.0,-7635.009141105045,False,False,False,False,268.65627313418395,False,False,False,False
2025-08-01 18:00:00+00:00,41.865,42.325,41.475,41.78,298.0,,,,41.772315930388224,42.886494837234956,40.86794357811694,40.07699129375953,39.310656503121315,38.08550922719478,37.53206797668505,35.513911353135306,34.88265676182926,34.49737074630432,34.43738808540871,33.67146978583868,32.85994265859316,30.447218288494085,29.974656658622685,26.943652057648695,42.886494837234956,39.310656503121315,38.08550922719478,30.447218288494085,,,35.86001535889848,"rgba(239, 83, 80, 1.0)",1.9224556720014314,39.36809591439207,1.2545954222689268,32.288191502931596,-9.935253539875845,False,True,False,True,False,0.44853868322948287,0.0,0.0,0.0,0.0,0,0.978152522700894,0.9373250494981905,False,False,False,False,0.0009951712453537872,0.012416690204715097,False,False,True,False,-4827.0,-7591.4741156615555,False,False,False,False,269.11121463597954,False,False,True,False
2025-08-01 19:00:00+00:00,41.78,42.34,41.665,42.015,400.0,,,,41.876703786191534,42.81046734355871,40.89258593017385,40.10478139813983,39.338190692607554,38.10848666637364,37.55585037448455,35.53441748914331,34.89922750233573,34.513648063048905,34.453649580086186,33.688136262978205,32.87709729600474,30.46536833717367,29.99294780874779,26.961876734814048,42.81046734355871,39.338190692607554,38.10848666637364,30.46536833717367,,,35.87958970411639,"rgba(239, 83, 80, 1.0)",1.894370232181724,39.371341888437186,1.3955340232084117,32.84338079396702,-9.935253539875845,False,True,False,True,False,1.328615763248937,0.0,0.0,0.0,0.0,0,0.9788646524861128,0.937542338436526,False,False,False,False,0.009155860912581554,0.010786275558648325,False,False,False,False,-4427.0,-7542.412501465253,False,False,False,False,271.14049812999536,False,False,False,False
2025-08-04 14:00:00+00:00,44.06,44.17,43.88,44.15,460.0,,,,42.618517427589595,42.92401650618981,40.96965925886825,40.16932778466444,39.393081394370725,38.148369130251275,37.59540419181446,35.56529495450135,34.92368449847084,34.537402285119164,34.47734104299157,33.71194652389527,32.901179237411725,30.48988353519088,30.017509086356437,26.985642931289842,42.92401650618981,39.393081394370725,38.148369130251275,30.48988353519088,,,35.96426623681098,"rgba(239, 83, 80, 0.75)",1.8770140486257416,39.47361853819454,2.491393959053889,41.15330545824078,-16.34424447644738,False,True,False,True,True,8.595767872228123,0.0,0.0,0.0,0.0,0,0.98367669321398,0.9303626670177054,False,False,False,False,0.17184677765299786,0.0913165266058231,False,False,False,False,-3967.0,-7486.979749504551,False,False,False,False,274.0685524225536,False,False,False,False
2025-08-04 15:00:00+00:00,44.15,44.56,44.15,44.515,10.0,,,,42.63160087719299,42.92692750212459,40.9714734796525,40.17082858323008,39.39434672183539,38.14927992220878,37.59630383780761,35.565990599433604,34.924234537258265,34.53793583742334,34.47787308228731,33.712479964292314,32.90171759135802,30.490428879842348,30.018055037077513,26.986169174139757,42.92692750212459,39.39434672183539,38.14927992220878,30.490428879842348,,,35.96597785169778,#000000,1.8664297275621133,39.475818086344766,2.699904442819444,47.60625826664762,-10.377695853348506,False,True,False,False,True,9.719131233880994,0.0,0.0,0.0,0.0,0,0.9872995090016363,0.9256301145662845,False,False,False,False,0.19903477473730324,0.14517565067156318,False,False,False,False,-3957.0,-7432.251381295178,False,False,False,False,269.974466338483,False,False,False,False
2025-08-04 16:00:00+00:00,44.515,44.755,44.515,44.55,0.0,,,,42.63160087719299,42.92692750212459,40.9714734796525,40.17082858323008,39.39434672183539,38.14927992220878,37.59630383780761,35.565990599433604,34.924234537258265,34.53793583742334,34.47787308228731,33.712479964292314,32.90171759135802,30.490428879842348,30.018055037077513,26.986169174139757,42.92692750212459,39.39434672183539,38.14927992220878,30.490428879842348,,,35.96597785169778,"rgba(38, 166, 154, 0.5)",1.8623233043942031,39.475818086344766,2.724651461796434,51.9996899864939,-6.415547819284114,False,True,True,False,True,9.827011308385384,0.0,0.0,0.0,0.0,0,0.9921033740129215,0.9233178881420088,False,False,False,False,0.22233181836962682,0.183753734520595,False,False,False,False,-3957.0,-7378.371514918509,False,False,False,False,265.7888156975763,False,False,False,False
2025-08-04 17:00:00+00:00,44.55,44.6,44.44,44.53,0.0,,,,42.63160087719299,42.92692750212459,40.9714734796525,40.17082858323008,39.39434672183539,38.14927992220878,37.59630383780761,35.565990599433604,34.924234537258265,34.53793583742334,34.47787308228731,33.712479964292314,32.90171759135802,30.490428879842348,30.018055037077513,26.986169174139757,42.92692750212459,39.39434672183539,38.14927992220878,30.490428879842348,,,35.96597785169778,"rgba(38, 166, 154, 0.5)",1.8744361915081795,39.475818086344766,2.6963744813252983,54.838535237425056,-3.7999991401153608,False,True,True,False,True,9.745351741055156,0.0,0.0,0.0,0.0,0,0.9911429501790945,0.9254965809182676,False,False,False,False,0.212736015942261,0.198244875231428,False,False,False,False,-3957.0,-7325.3269953073695,False,False,False,False,261.66805886505574,False,False,False,False
2025-08-04 18:00:00+00:00,44.565,44.565,44.21,44.245,0.0,,,,42.63160087719299,42.92692750212459,40.9714734796525,40.17082858323008,39.39434672183539,38.14927992220878,37.59630383780761,35.565990599433604,34.924234537258265,34.53793583742334,34.47787308228731,33.712479964292314,32.90171759135802,30.490428879842348,30.018055037077513,26.986169174139757,42.92692750212459,39.39434672183539,38.14927992220878,30.490428879842348,,,35.96597785169778,"rgba(38, 166, 154, 0.5)",1.882001223061041,39.475818086344766,2.534101389104436,55.38866618662642,-3.1022497166604523,False,True,True,False,True,8.575473819837022,0.0,0.0,0.0,0.0,0,0.9882017373265911,0.9262932711007389,False,False,False,False,0.20172752194523164,0.19998619858832983,False,False,False,False,-3957.0,-7273.1048713491155,False,False,False,False,257.611189735365,False,False,False,False
2025-08-04 19:00:00+00:00,44.175,44.54,43.995,44.49,49.0,,,,42.69073512114797,42.94039335664335,40.98016365836974,40.17805170707572,39.40045529377181,38.15369148008139,37.60066556256432,35.56937199055325,34.92690986655844,34.54053175756855,34.48046175489713,33.71507676608532,32.90433951835708,30.4930876542146,30.020717206352586,26.988737439323206,42.94039335664335,39.40045529377181,38.15369148008139,30.4930876542146,,,35.97396188334778,"rgba(38, 166, 154, 0.5)",1.8933561102867071,39.486080630869566,2.6428833656510093,56.632432380229176,-1.5487476827642297,False,True,True,False,True,9.370206088833982,0.0,0.0,0.0,0.0,0,0.9855165754747343,0.9271322819439975,False,False,False,False,0.19179909419855948,0.19589264639344467,False,False,False,False,-3908.0,-7220.932702801067,False,False,False,False,254.37690772396397,False,False,False,False
2025-08-05 14:00:00+00:00,45.03,45.03,44.05,44.07,31.0,,,,42.72697168508288,42.949030379095056,40.9857062799902,40.18265413356871,39.404344638600755,38.15649799208457,37.60343914750666,35.571520047169805,34.92860912417785,34.5421803433396,34.48210570189766,33.71672542460755,32.906003708605574,30.49477426822248,30.022405823649596,26.99036576809993,42.949030379095056,39.404344638600755,38.15649799208457,30.49477426822248,,,35.97895840410618,"rgba(38, 166, 154, 0.5)",1.8994402328575242,39.492547306803026,2.409895617673971,55.4034863844619,-1.5487476827642297,False,True,True,False,True,7.640616506176649,0.0,0.0,0.0,0.0,0,0.9863962875850227,0.9218104379886846,False,False,False,False,0.21440203369387056,0.20514734004365762,False,False,False,False,-3939.0,-7170.050025238259,False,False,False,False,250.9136998522746,False,False,False,False
2025-08-05 15:00:00+00:00,44.07,44.07,42.94,43.07,0.0,,,,42.72697168508288,42.949030379095056,40.9857062799902,40.18265413356871,39.404344638600755,38.15649799208457,37.60343914750666,35.571520047169805,34.92860912417785,34.5421803433396,34.48210570189766,33.71672542460755,32.906003708605574,30.49477426822248,30.022405823649596,26.99036576809993,42.949030379095056,39.404344638600755,38.15649799208457,30.49477426822248,,,35.97895840410618,#000000,1.896107907846451,39.492547306803026,1.8867347572323299,50.726324250286154,-1.5487476827642297,False,True,False,False,False,3.719919972391679,0.0,0.0,0.0,0.0,0,0.9726765682772448,0.9349501786050008,False,False,False,False,0.1294946311556196,0.1673209855996386,False,False,False,False,-3939.0,-7119.956226397356,False,False,False,False,247.02356497084398,False,False,False,False
2025-08-05 16:00:00+00:00,43.07,43.64,43.07,43.5,0.0,,,,42.72697168508288,42.949030379095056,40.9857062799902,40.18265413356871,39.404344638600755,38.15649799208457,37.60343914750666,35.571520047169805,34.92860912417785,34.5421803433396,34.48210570189766,33.71672542460755,32.906003708605574,30.49477426822248,30.022405823649596,26.99036576809993,42.949030379095056,39.404344638600755,38.15649799208457,30.49477426822248,,,35.97895840410618,#000000,1.8950932968071124,39.492547306803026,2.1146466508793016,49.47712574100356,-1.5487476827642297,False,True,False,False,False,5.173478318037532,0.0,0.0,0.0,0.0,0,0.975061094053512,0.9466131963155586,False,False,False,False,0.11736952110327638,0.14234525335145748,False,False,False,False,-3939.0,-7070.639075600498,False,False,False,False,243.1937422581177,False,False,False,False
2025-08-05 17:00:00+00:00,43.5,44.2,43.395,44.18,0.0,,,,42.72697168508288,42.949030379095056,40.9857062799902,40.18265413356871,39.404344638600755,38.15649799208457,37.60343914750666,35.571520047169805,34.92860912417785,34.5421803433396,34.48210570189766,33.71672542460755,32.906003708605574,30.49477426822248,30.022405823649596,26.99036576809993,42.949030379095056,39.404344638600755,38.15649799208457,30.49477426822248,,,35.97895840410618,#000000,1.8863620309239042,39.492547306803026,2.4849167955851765,51.214070420972774,-1.5487476827642297,False,True,False,False,False,7.398007802508989,0.0,0.0,0.0,0.0,0,0.9769777888694783,0.9408535063638631,False,False,False,False,0.1532513070825868,0.14779828021702213,False,False,False,False,-3939.0,-7022.086531792738,False,False,False,False,239.42329664171277,False,False,False,False
2025-08-05 18:00:00+00:00,44.07,44.32,43.45,43.55,0.0,,,,42.72697168508288,42.949030379095056,40.9857062799902,40.18265413356871,39.404344638600755,38.15649799208457,37.60343914750666,35.571520047169805,34.92860912417785,34.5421803433396,34.48210570189766,33.71672542460755,32.906003708605574,30.49477426822248,30.022405823649596,26.99036576809993,42.949030379095056,39.404344638600755,38.15649799208457,30.49477426822248,,,35.97895840410618,#000000,1.874342046721396,39.492547306803026,2.1647343932204253,49.97301181515404,-1.5487476827642297,False,True,False,False,False,4.988917183887697,0.0,0.0,0.0,0.0,0,0.9783837505435116,0.9396856947636497,False,False,False,False,0.16039028719613324,0.15409428370657768,False,False,False,False,-3939.0,-6974.286740602153,False,False,False,False,235.7113075464924,False,False,False,False
2025-08-05 19:00:00+00:00,43.595,43.8,43.05,43.05,65.0,,,,42.75158955717119,42.95338068904144,40.9935825610416,40.18979141716568,39.410709928525364,38.16135204328549,37.60831929690451,35.57546733194515,34.9317620808007,34.54525493881505,34.4851739612999,33.71982971364783,32.90916235763845,30.49803364164658,30.025678188245625,26.9935664197024,42.95338068904144,39.410709928525364,38.16135204328549,30.49803364164658,,,35.98454088292981,"rgba(239, 83, 80, 1.0)",1.858533520506555,39.49906777883962,1.9106097264215882,47.48112931885542,4.046205702073934,False,True,False,True,False,3.1387696019340297,0.0,0.0,0.0,0.0,0,0.9743162314008762,0.9425819596221521,False,False,False,False,0.12302341732440078,0.13855885051548922,False,False,False,False,-4004.0,-6928.235783383516,False,False,False,False,233.06462060778708,False,False,False,False
2025-08-06 14:00:00+00:00,43.3,44.05,43.3,43.75,110.0,,,,42.81586876155268,42.96872027144813,41.009080812813444,40.20333959064329,39.42253770691804,38.17018356381485,37.61713805976696,35.58248361138371,34.93734723677937,34.55069069069069,34.49059694119577,33.725297700874634,32.91470899804676,30.503717952230733,30.03137912628658,26.999112843512453,42.96872027144813,39.42253770691804,38.17018356381485,30.503717952230733,,,35.996387741747384,#000000,1.8465644310984224,39.51380654218279,2.294094582606751,48.54315470420888,4.046205702073934,False,True,False,False,False,5.43732404534623,0.0,0.0,0.0,0.0,0,0.9807231874270977,0.9339431518202469,False,False,False,False,0.14328254556152695,0.1409206980385081,False,False,False,False,-3894.0,-6881.193368137259,False,False,False,False,231.15664199371287,False,False,False,False
2025-08-06 15:00:00+00:00,43.75,44.98,43.75,44.935,135.0,,,,42.94941979522184,43.00773425639156,41.03382745726497,40.22385553809442,39.43984851513186,38.182653728003515,37.62944262711455,35.59198317778997,34.944859897623424,34.557975617693494,34.4978607833598,33.73257474851549,32.9220474742805,30.511139026575343,30.038806484280503,27.006263011601966,43.00773425639156,39.43984851513186,38.182653728003515,30.511139026575343,,,36.01689325868395,"rgba(38, 166, 154, 0.5)",1.8434316364318581,39.54112347657199,2.925997588860082,52.75312615431026,4.046205702073934,False,True,True,False,True,9.079610871253848,0.0,0.0,0.0,0.0,0,0.9848227294803299,0.9222316658572121,False,False,False,False,0.1998630072126234,0.17039185262556575,False,False,False,False,-3759.0,-6832.787269406449,False,False,False,False,229.66584134264755,False,False,False,False
2025-08-06 16:00:00+00:00,44.935,45.195,44.65,45.18,0.0,,,,42.94941979522184,43.00773425639156,41.03382745726497,40.22385553809442,39.43984851513186,38.182653728003515,37.62944262711455,35.59198317778997,34.944859897623424,34.557975617693494,34.4978607833598,33.73257474851549,32.9220474742805,30.511139026575343,30.038806484280503,27.006263011601966,43.00773425639156,39.43984851513186,38.182653728003515,30.511139026575343,,,36.01689325868395,"rgba(38, 166, 154, 0.5)",1.8432593292737172,39.54112347657199,3.0591878385608635,56.17059192997672,-0.1294012901454238,False,False,True,False,True,9.79983590053427,0.0,0.0,0.0,0.0,0,0.9993918014840041,0.9204476341077725,False,False,False,False,0.24650282487744193,0.20844733875150384,False,False,False,False,-3759.0,-6785.131652826504,False,False,False,False,226.10513062415689,False,False,False,False
2025-08-06 17:00:00+00:00,45.155,45.345,45.055,45.055,0.0,,,,42.94941979522184,43.00773425639156,41.03382745726497,40.22385553809442,39.43984851513186,38.182653728003515,37.62944262711455,35.59198317778997,34.944859897623424,34.557975617693494,34.4978607833598,33.73257474851549,32.9220474742805,30.511139026575343,30.038806484280503,27.006263011601966,43.00773425639156,39.43984851513186,38.182653728003515,30.511139026575343,,,36.01689325868395,"rgba(38, 166, 154, 0.5)",1.858382942819321,39.54112347657199,2.967029236214901,57.894984078688836,1.6268262922383983,False,False,True,False,True,9.320215103683033,0.0,0.0,0.0,0.0,0,1.0009125197712614,0.9173257087236889,False,False,False,False,0.2701037193213909,0.23927552903644736,False,False,False,False,-3759.0,-6738.21488301524,False,False,False,False,222.59962472300717,False,False,False,False
2025-08-06 18:00:00+00:00,45.055,45.87,45.055,45.67,341.0,,,,43.36892726695251,43.15536049170954,41.11174278215224,40.2863197703847,39.49130911388017,38.218731200752416,37.66468534745835,35.61849397606067,34.96570740961037,34.57812275553881,34.517939377768286,33.75256744580485,32.94209559177788,30.531150434583306,30.058793641365558,27.02530162021411,43.15536049170954,39.49130911388017,38.218731200752416,30.531150434583306,,,36.080453014125865,"rgba(38, 166, 154, 1.0)",1.882733631698219,39.6299665733866,3.2081189420116303,60.686021183735136,4.409860675787975,True,False,True,False,True,11.133699331298807,0.0,0.0,0.0,0.0,0,0.9990917897796077,0.9145676919350932,False,False,False,False,0.2927022000371302,0.26598886453678877,False,False,False,False,-3418.0,-6686.73868327857,False,False,False,False,224.4352894559838,False,False,False,False
2025-08-06 19:00:00+00:00,45.68,45.97,45.595,45.595,300.0,,,,43.662933861331105,43.28087302882,41.180918522225014,40.34200033019084,39.53725809624514,38.250989172710995,37.69616781743963,35.64214148413459,34.98430626574506,34.59609014432768,34.53584453087537,33.77038071989469,32.95994365499882,30.548932224797802,30.076548567836767,27.0421889264938,43.28087302882,39.53725809624514,38.250989172710995,30.548932224797802,,,36.131719834254206,"rgba(38, 166, 154, 1.0)",1.9044007238805476,39.70305161537941,3.0938595594601126,62.167288682450874,5.988926103192128,True,False,True,False,True,10.838764820821606,0.0,0.0,0.0,0.0,0,1.0053929588559654,0.9137126583045507,False,False,False,False,0.3206521658921603,0.29332051521447455,False,False,False,False,-3718.0,-6640.711726948669,False,False,False,False,225.606835355891,False,False,False,False
2025-08-07 14:00:00+00:00,47.755,47.755,46.425,46.425,210.0,,,,43.92093841829564,43.399700578338575,41.2400597507634,40.388481030545584,39.5749204931869,38.27685155014384,37.7211925642025,35.66050765679086,34.99867573138641,34.60992767591076,34.54962751463544,33.784013735927864,32.973529352025864,30.562295013465185,30.08986365621606,27.054717559686814,43.399700578338575,39.5749204931869,38.27685155014384,30.562295013465185,,,36.1753313925951,"rgba(38, 166, 154, 1.0)",1.9406223739300321,40.36049212558994,3.125032441076404,65.20255725333533,9.030392994519069,True,False,True,False,True,13.227343356103834,0.0,0.0,0.0,0.0,0,1.0104030436333369,0.8914516704315775,False,False,False,False,0.3428282464918036,0.3180743808531391,False,False,False,False,-3508.0,-6592.14255288745,False,False,False,False,225.36486891626478,False,False,False,False
2025-08-07 15:00:00+00:00,46.425,46.885,46.225,46.745,10.0,,,,43.93123774977727,43.40476929133857,41.24272160356348,40.390593131272055,39.576643146558425,38.27804349689917,37.722348337230436,35.66136126279818,34.999344731231076,34.61057240521507,34.55026977453745,33.784649828846334,32.974163999975204,30.56292104332864,30.090487741794202,27.0553062436308,43.40476929133857,39.576643146558425,38.27804349689917,30.56292104332864,,,36.177214611749775,"rgba(38, 166, 154, 1.0)",1.981261366807327,40.36265103565338,3.221356390061427,67.90583398923405,11.71419555226376,True,False,True,False,True,14.118993417340057,0.0,0.0,0.0,0.0,0,1.012945368171021,0.8970902612826601,False,False,False,False,0.30034683849110744,0.30921060967212327,False,False,False,False,-3498.0,-6544.171350517102,False,False,False,False,222.0258787005087,False,False,False,False
2025-08-07 16:00:00+00:00,46.745,46.745,45.595,45.825,200.0,,,,44.08191261676718,43.4856923664122,41.28988924283265,40.428742423222,39.608177971945736,38.300205750762274,37.74394111168695,35.677529199171396,35.01206063899735,34.62284821181161,34.56250169227225,33.79680061527899,32.98632102373939,30.57499244826772,30.10253447553794,27.066733668543208,43.4856923664122,39.608177971945736,38.300205750762274,30.57499244826772,,,36.208805216078055,"rgba(38, 166, 154, 0.75)",2.0004314286924543,40.38882207505235,2.717502758142982,65.14479554232966,11.71419555226376,True,False,True,False,False,10.498494633642181,0.0,0.0,0.0,0.0,0,1.0040175091443302,0.9171313785453017,False,False,False,False,0.27042249432185483,0.2898165519969891,False,False,False,False,-3698.0,-6500.044662912185,False,False,False,False,221.68439220902795,False,False,False,False
2025-08-07 17:00:00+00:00,45.825,46.305,45.765,45.765,302.0,,,,44.2621921392716,43.59408566841797,41.35778142657073,40.48427645176346,39.6544153841198,38.332961097554026,37.77590621047468,35.701589911514944,35.031015611395276,34.64115697582063,34.580746360812114,33.81493853100641,33.00448121423048,30.59305538908952,30.120565433680685,27.083863243497692,43.59408566841797,39.6544153841198,38.332961097554026,30.59305538908952,,,36.252064440576255,"rgba(38, 166, 154, 0.75)",1.982515003408138,40.43956585020051,2.686201184174923,63.035499260430456,11.71419555226376,True,False,True,False,False,10.267967848672377,0.0,0.0,0.0,0.0,0,1.0067762053250178,0.9141280882705682,False,False,False,False,0.2600430218452397,0.27492978692111436,False,False,False,False,-4000.0,-6461.284280541453,False,False,False,False,222.9295954305934,False,False,False,False
2025-08-07 18:00:00+00:00,45.765,45.765,45.245,45.705,279.0,,,,44.36964607843137,43.671458420978816,41.41380324978558,40.531156323281714,39.69403603084704,38.36150142023371,37.803876750556185,35.722911698360576,35.04787166318942,34.65746192355126,34.59699762221479,33.83113277116484,33.02073045415295,30.609300097827717,30.13679460440322,27.099347956174512,43.671458420978816,39.69403603084704,38.36150142023371,30.609300097827717,,,36.28550169157211,"rgba(38, 166, 154, 0.75)",1.9676577812576488,40.477124172279304,2.6569029825802555,61.33567080349529,17.469380513780067,True,False,True,False,False,10.03401435679092,0.0,0.0,0.0,0.0,0,0.9944704892414951,0.9284769804062987,False,False,False,False,0.21979678262354344,0.24736328477232888,False,False,False,False,-4279.0,-6427.450415726857,False,False,False,False,223.7989040285687,False,False,False,False
2025-08-07 19:00:00+00:00,45.725,46.215,45.415,46.215,53.0,,,,44.393877304759144,43.68825607832218,41.42522632571258,40.540622540938585,39.7019811365979,38.36717954511219,37.80942403252199,35.72710617494162,35.05118200674989,34.66066048778923,34.60018511846734,33.834302589971145,33.02390497393035,30.612459613899823,30.13994885393417,27.10234648609386,43.68825607832218,39.7019811365979,38.36717954511219,30.612459613899823,,,36.29241645435887,"rgba(38, 166, 154, 0.75)",1.9369425917159322,40.48668149047005,2.957402317461177,61.958971872188,17.469380513780067,True,False,True,False,False,11.544123429056093,0.0,0.0,0.0,0.0,0,0.9918238243017423,0.9223561709238479,False,False,False,False,0.24324395526020326,0.24530362001626607,False,False,False,False,-4226.0,-6393.31940152954,False,False,False,False,221.15085900486997,False,False,False,False
2025-08-08 14:00:00+00:00,47.21,47.405,46.885,46.885,10.0,,,,44.401571373568196,43.69294064498192,41.42790251318354,40.542770764667125,39.70374393935766,38.368406658571686,37.810612471731076,35.727983103096896,35.051869973433554,34.66132311414456,34.600845138822656,33.83495526753927,33.02455519160622,30.613098740339456,30.140585632718203,27.10294545560052,43.69294064498192,39.70374393935766,38.368406658571686,30.613098740339456,,,36.29413187396016,"rgba(38, 166, 154, 1.0)",1.9276174015728518,40.489663418872254,3.3177416721333954,64.29056525663087,17.469380513780067,True,False,True,False,True,13.461672662532784,0.0,0.0,0.0,0.0,0,1.0027186761229314,0.9174940898345152,False,False,False,False,0.34282824641477166,0.2940659332155189,False,False,False,False,-4216.0,-6359.562511583345,False,False,False,False,217.87720227611229,False,False,False,False
2025-08-08 15:00:00+00:00,46.885,47.005,46.035,46.83,0.0,,,,44.401571373568196,43.69294064498192,41.42790251318354,40.542770764667125,39.70374393935766,38.368406658571686,37.810612471731076,35.727983103096896,35.051869973433554,34.66132311414456,34.600845138822656,33.83495526753927,33.02455519160622,30.613098740339456,30.140585632718203,27.10294545560052,43.69294064498192,39.70374393935766,38.368406658571686,30.613098740339456,,,36.29413187396016,"rgba(38, 166, 154, 1.0)",1.9035907913468497,40.489663418872254,3.3307245495980564,65.51806887351304,17.469380513780067,True,False,True,False,True,13.238318674653769,0.0,0.0,0.0,0.0,0,0.9922044428814254,0.9221616552370904,False,False,False,False,0.2935963539750948,0.2938311435953068,False,False,False,False,-4216.0,-6326.328984271975,False,False,False,False,214.4992611555524,False,False,False,False
2025-08-08 16:00:00+00:00,46.825,46.9,46.14,46.14,0.0,,,,44.401571373568196,43.69294064498192,41.42790251318354,40.542770764667125,39.70374393935766,38.368406658571686,37.810612471731076,35.727983103096896,35.051869973433554,34.66132311414456,34.600845138822656,33.83495526753927,33.02455519160622,30.613098740339456,30.140585632718203,27.10294545560052,43.69294064498192,39.70374393935766,38.368406658571686,30.613098740339456,,,36.29413187396016,"rgba(38, 166, 154, 0.75)",1.8575474167312738,40.489663418872254,3.041826297533036,62.54868519048173,17.469380513780067,True,False,True,False,False,10.475572982464495,0.0,0.0,0.0,0.0,0,1.0029515938606843,0.921074380165289,False,False,False,False,0.2935963539750948,0.29371374878520085,False,False,False,False,-4216.0,-6293.610705446053,False,False,False,False,211.17369121515623,False,False,False,False
2025-08-08 17:00:00+00:00,46.125,46.225,45.945,46.225,0.0,,,,44.401571373568196,43.69294064498192,41.42790251318354,40.542770764667125,39.70374393935766,38.368406658571686,37.810612471731076,35.727983103096896,35.051869973433554,34.66132311414456,34.600845138822656,33.83495526753927,33.02455519160622,30.613098740339456,30.140585632718203,27.10294545560052,43.69294064498192,39.70374393935766,38.368406658571686,30.613098740339456,,,36.29413187396016,"rgba(38, 166, 154, 0.75)",1.793662009801464,40.489663418872254,3.1975570368257826,60.8965927096024,16.28397931922251,True,False,True,False,False,10.728529388714275,0.0,0.0,0.0,0.0,0,1.000118455342336,0.9277422411750768,False,False,False,False,0.26014252385108183,0.27692813631814134,False,False,False,False,-4216.0,-6261.399686756966,False,False,False,False,207.89968049864217,False,False,False,False
2025-08-08 18:00:00+00:00,46.225,46.76,46.225,46.675,0.0,,,,44.401571373568196,43.69294064498192,41.42790251318354,40.542770764667125,39.70374393935766,38.368406658571686,37.810612471731076,35.727983103096896,35.051869973433554,34.66132311414456,34.600845138822656,33.83495526753927,33.02455519160622,30.613098740339456,30.140585632718203,27.10294545560052,43.69294064498192,39.70374393935766,38.368406658571686,30.613098740339456,,,36.29413187396016,"rgba(38, 166, 154, 0.75)",1.7561916669802276,40.489663418872254,3.5220168148066846,61.4750215794316,16.28397931922251,True,False,True,False,False,12.06145447211967,0.0,0.0,0.0,0.0,0,1.0029009531703272,0.9212598425196847,False,False,False,False,0.2914631669111281,0.2841956516146347,False,False,False,False,-4216.0,-6229.68806370647,False,False,False,False,204.6764296381981,False,False,False,False
2025-08-08 19:00:00+00:00,46.675,46.7,46.27,46.615,100.0,,,,44.46126157732248,43.73181359107941,41.4520191656028,40.56243424222516,39.720058608846735,38.37991150400885,37.82179993754598,35.73633507327068,35.0584418096825,34.66766236286874,34.607160857946695,33.84121704684478,33.030808619907205,30.61928138280929,30.146751377356058,27.108774144442588,43.73181359107941,39.720058608846735,38.37991150400885,30.61928138280929,,,36.309108206359994,"rgba(38, 166, 154, 0.75)",1.712957975849567,40.513314562996015,3.562075382484363,61.49501769497192,16.28397931922251,True,False,True,False,False,11.81649040176002,0.0,0.0,0.0,0.0,1,1.0017155702792235,0.9221486038807382,False,False,False,False,0.2908818368526276,0.2875387442336311,False,False,False,False,-4316.0,-6200.018481323424,False,False,False,False,203.0535392562105,False,False,False,False
2025-08-11 14:00:00+00:00,47.11,47.525,46.805,46.83,611.0,,,,44.84069517648938,43.98854332700821,41.60929871323531,40.69015764387622,39.825629290168564,38.4539915009016,37.893620997007694,35.78955525966062,35.10026328353552,34.707956516337426,34.64729814653541,33.88092039103627,33.07037289562679,30.658196410739368,30.18552765035774,27.14527233591808,43.98854332700821,39.825629290168564,38.4539915009016,30.658196410739368,,,36.405456221152136,"rgba(38, 166, 154, 0.75)",1.6598339220079414,40.67026984266583,3.711052097237892,62.35385445085349,16.28397931922251,True,False,True,False,False,12.459912671807523,0.0,0.0,0.0,0.0,1,1.0028764308776046,0.9148811270912824,False,False,False,False,0.34282824643201903,0.3151834953328251,False,False,False,False,-3705.0,-6161.3360242486415,False,False,False,False,209.3782905855716,False,False,False,False
2025-08-11 15:00:00+00:00,46.83,47.005,46.69,46.985,1.0,,,,44.84118682634731,43.988910742895676,41.60954153454959,40.6903574112242,39.82579581242296,38.454109470957135,37.8937355904723,35.78964072132812,35.100330579062586,34.70802139739774,34.64736278100907,33.880984389447384,33.070436727098105,30.658259330310436,30.185590367581465,27.145331482391097,43.988910742895676,39.82579581242296,38.454109470957135,30.658259330310436,,,36.40559969778094,"rgba(38, 166, 154, 1.0)",1.6204129381394439,40.670490745165424,3.8968519111461104,63.534418384528024,16.28397931922251,True,False,True,False,True,12.924938063329403,0.0,0.0,0.0,0.0,1,1.0022333235380545,0.922068762856303,False,False,False,False,0.31768599494737,0.3164347451400975,False,False,False,False,-3704.0,-6123.237791314554,False,False,False,False,206.14761941370224,False,False,False,False
2025-08-11 16:00:00+00:00,46.985,47.34,46.985,47.24,0.0,,,,44.84118682634731,43.988910742895676,41.60954153454959,40.6903574112242,39.82579581242296,38.454109470957135,37.8937355904723,35.78964072132812,35.100330579062586,34.70802139739774,34.64736278100907,33.880984389447384,33.070436727098105,30.658259330310436,30.185590367581465,27.145331482391097,43.988910742895676,39.82579581242296,38.454109470957135,30.658259330310436,,,36.40559969778094,"rgba(38, 166, 154, 1.0)",1.5908381042310649,40.670490745165424,4.129590080450057,65.29788652599325,16.28397931922251,True,False,True,False,True,13.690235464441297,0.0,0.0,0.0,0.0,0,1.0131516867185657,0.9158410002359044,False,False,False,False,0.34262867520228873,0.3295317101711931,False,False,False,False,-3704.0,-6085.730228658514,False,False,False,False,202.9515322910092,False,False,False,False
2025-08-11 17:00:00+00:00,47.24,47.46,47.005,47.005,0.0,,,,44.84118682634731,43.988910742895676,41.60954153454959,40.6903574112242,39.82579581242296,38.454109470957135,37.8937355904723,35.78964072132812,35.100330579062586,34.70802139739774,34.64736278100907,33.880984389447384,33.070436727098105,30.658259330310436,30.185590367581465,27.145331482391097,43.988910742895676,39.82579581242296,38.454109470957135,30.658259330310436,,,36.40559969778094,"rgba(38, 166, 154, 1.0)",1.5903363149328538,40.670490745165424,3.983125578756611,64.59764841021294,16.28397931922251,True,False,True,False,True,12.67378911708401,0.0,0.0,0.0,0.0,0,1.0139603667553978,0.9174800354924575,False,False,False,False,0.34282824648968385,0.33617997833043844,False,False,False,False,-3704.0,-6048.804178601792,False,False,False,False,199.80499690665246,False,False,False,False
2025-08-11 18:00:00+00:00,47.165,47.165,46.875,46.915,0.0,,,,44.84118682634731,43.988910742895676,41.60954153454959,40.6903574112242,39.82579581242296,38.454109470957135,37.8937355904723,35.78964072132812,35.100330579062586,34.70802139739774,34.64736278100907,33.880984389447384,33.070436727098105,30.658259330310436,30.185590367581465,27.145331482391097,43.988910742895676,39.82579581242296,38.454109470957135,30.658259330310436,,,36.40559969778094,"rgba(38, 166, 154, 0.75)",1.5885043818544489,40.670490745165424,3.9310620267503587,63.41393905300518,16.28397931922251,True,False,True,False,False,12.282870598596428,0.0,0.0,0.0,0.0,0,1.0049736514891352,0.9247439161584463,False,False,False,False,0.32607763578521537,0.3311288070578269,False,False,False,False,-3704.0,-6012.450625445174,False,False,False,False,196.70724501662684,False,False,False,False
2025-08-11 19:00:00+00:00,46.915,46.955,46.285,46.285,0.0,,,,44.84118682634731,43.988910742895676,41.60954153454959,40.6903574112242,39.82579581242296,38.454109470957135,37.8937355904723,35.78964072132812,35.100330579062586,34.70802139739774,34.64736278100907,33.880984389447384,33.070436727098105,30.658259330310436,30.185590367581465,27.145331482391097,43.988910742895676,39.82579581242296,38.454109470957135,30.658259330310436,,,36.40559969778094,"rgba(38, 166, 154, 0.5)",1.5758220363003248,40.670490745165424,3.562908199974266,58.324032432719385,12.282775122831907,False,False,True,False,False,9.588846148106743,0.0,0.0,0.0,0.0,0,1.0065891012703312,0.9249673513000114,False,False,False,False,0.2950122850949126,0.31307054607636975,False,False,False,False,-3704.0,-5976.66069326773,False,False,False,False,193.65752028768688,False,False,False,False
2025-08-12 14:00:00+00:00,46.285,46.8,46.285,46.675,0.0,,,,44.84118682634731,43.988910742895676,41.60954153454959,40.6903574112242,39.82579581242296,38.454109470957135,37.8937355904723,35.78964072132812,35.100330579062586,34.70802139739774,34.64736278100907,33.880984389447384,33.070436727098105,30.658259330310436,30.185590367581465,27.145331482391097,43.988910742895676,39.82579581242296,38.454109470957135,30.658259330310436,,,36.40559969778094,"rgba(38, 166, 154, 0.5)",1.5727895456654606,40.670490745165424,3.817744892431883,57.1485636497321,11.230416220912609,False,False,True,False,False,10.839785630724656,0.0,0.0,0.0,0.0,1,1.0013614300935245,0.925002959630638,False,False,False,False,0.2890585272704486,0.30106453667340916,False,False,False,False,-3704.0,-5941.425643759702,False,False,False,False,190.65507811268398,False,False,False,False
2025-08-12 15:00:00+00:00,46.675,47.585,46.675,47.585,0.0,,,,44.84118682634731,43.988910742895676,41.60954153454959,40.6903574112242,39.82579581242296,38.454109470957135,37.8937355904723,35.78964072132812,35.100330579062586,34.70802139739774,34.64736278100907,33.880984389447384,33.070436727098105,30.658259330310436,30.185590367581465,27.145331482391097,43.988910742895676,39.82579581242296,38.454109470957135,30.658259330310436,,,36.40559969778094,"rgba(38, 166, 154, 1.0)",1.5854408486866656,40.670490745165424,4.361253376663255,60.161114646040986,11.230416220912609,True,False,True,False,True,13.634020267940993,0.0,0.0,0.0,0.0,0,1.0059289697681244,0.9156442618139123,False,False,False,False,0.3347259371878021,0.3178952369306056,False,False,False,False,-3704.0,-5906.736874089009,False,False,False,False,187.69918542876638,False,False,False,False
2025-08-12 16:00:00+00:00,47.56,47.865,47.46,47.865,20.0,,,,44.854959475566154,43.99835078644123,41.61516153222229,40.69488859208721,39.829518679006846,38.45670202260169,37.896239858614656,35.791478448906076,35.10177180389851,34.70940796070226,34.64874363629326,33.882346516248326,33.07179049655084,30.659582464638643,30.186907421517738,27.146564451658765,43.99835078644123,39.829518679006846,38.45670202260169,30.659582464638643,,,36.40902588418466,"rgba(38, 166, 154, 1.0)",1.601815262486515,40.67626761297997,4.487866082547425,63.073622717190986,8.516959328675206,True,False,True,False,True,14.461804407552762,0.0,0.0,0.0,0.0,0,1.0239316239316238,0.9098143236074269,False,False,False,False,0.3428282462018357,0.33036174156622067,False,False,False,False,-3684.0,-5872.275837281427,False,False,False,False,185.09919805777773,False,False,False,False
2025-08-12 17:00:00+00:00,47.93,48.42,47.9,48.335,100.0,,,,44.93326852929764,44.05092968685104,41.6453391831574,40.71902385688012,39.84922785048049,38.4703245508759,37.90936294328044,35.801034113307736,35.1092514669571,34.71659619754058,34.65590112139081,33.88939316634225,33.078780972028646,30.666384227516307,30.193672952647532,27.152873288942654,44.05092968685104,39.84922785048049,38.4703245508759,30.666384227516307,,,36.427585256718544,"rgba(38, 166, 154, 1.0)",1.6280990601155556,40.70852399686111,4.68428254150432,66.37911629641499,11.509024807649865,True,False,True,False,True,15.828942889187239,0.0,0.0,0.0,0.0,0,1.0200900794121133,0.9143060329501006,False,False,False,False,0.3428282466312888,0.3365949940987547,False,False,False,False,-3584.0,-5836.798692517374,False,False,False,False,183.7798306460292,False,False,False,False
2025-08-12 18:00:00+00:00,48.335,48.82,48.325,48.64,62.0,,,,44.98537487567899,44.08576306462246,41.6649754667396,40.73465779812599,39.861948973607056,38.479077058932866,37.91777918222854,35.80713073909823,35.114017699871724,34.72117328836711,34.6604581118704,33.89387336655103,33.083219577427535,30.670689117211186,30.197952636034326,27.156852777594857,44.08576306462246,39.861948973607056,38.479077058932866,30.670689117211186,,,36.43968398337262,"rgba(38, 166, 154, 1.0)",1.663124127918439,40.72984552424434,4.756202103601242,69.37169150245725,14.196552168478917,True,False,True,False,True,16.70075297092336,0.0,0.0,0.0,0.0,0,1.0235600544604273,0.9049902326407384,False,False,False,False,0.34282824695472813,0.3397116205267414,False,False,False,False,-3522.0,-5800.910340695399,False,False,False,False,181.89177125616828,False,False,False,False
2025-08-12 19:00:00+00:00,48.64,49.02,48.62,48.985,166.0,,,,45.12812919153955,44.18208161699376,41.7191101662973,40.7776927282378,39.89691348648082,38.503083446939115,37.94083707300171,35.82378217872447,35.127027040110235,34.733660255422265,34.67288930215894,33.90608352318106,33.09530538369095,30.68238483281601,30.209575596601525,27.16763933435459,44.18208161699376,39.89691348648082,38.503083446939115,30.68238483281601,,,36.47288719728438,"rgba(38, 166, 154, 1.0)",1.7158135280567828,40.78844339950033,4.777067243305016,72.19080827990297,16.745532220602755,True,False,True,False,True,17.675619387925543,0.0,0.0,0.0,0.0,0,1.0238095238095237,0.9040529363110007,False,False,False,False,0.34282824713620363,0.3412699338314725,False,False,False,False,-3356.0,-5763.004754017951,False,False,False,False,181.64538720568507,False,True,False,False
2025-08-13 14:00:00+00:00,50.16,50.16,48.31,48.31,34.0,,48.92666666666668,,45.15647026552557,44.20154540701414,41.73017718165261,40.7865069139573,39.90408246740613,38.5080111698183,37.94557006428614,35.82720096079317,35.12969857176748,34.73622444334627,34.67544202028288,33.908590566797244,33.09778660526607,30.684785284739103,30.21196100296998,27.16985256253005,44.20154540701414,39.90408246740613,38.5080111698183,30.684785284739103,48.92666666666668,48.92666666666668,36.47961909300953,"rgba(38, 166, 154, 0.75)",1.743490046011201,41.47999163462471,3.9174346770726634,69.3778116697599,16.745532220602755,True,False,True,False,False,14.681670009363984,-1.0,50.16,48.31,0.0,0,1.0213136651373484,0.8926766943492651,False,False,False,False,0.3428282474214599,0.3420490906264662,False,False,False,False,-3390.0,-5726.213982637828,False,False,False,False,179.3563114350543,False,False,False,False
2025-08-13 15:00:00+00:00,48.31,48.63,47.675,48.025,321.0,,48.18821596244132,,45.35082923329234,44.3472782359546,41.82134185066479,40.86053750065607,39.965133307065955,38.55067722392177,37.98674653053842,35.8573837556457,35.1533801374664,34.75899719207414,34.69811918171029,33.930933945017074,33.1199673428244,30.706404072924602,30.233470652909126,27.18994236675863,44.3472782359546,39.965133307065955,38.55067722392177,30.706404072924602,48.18821596244132,48.18821596244132,36.53319640808902,"rgba(38, 166, 154, 0.75)",1.7580130394415292,41.529234439658445,3.6949473152969747,65.8211836526572,21.782513267852963,True,False,True,False,False,13.450566453182123,0.0,0.0,0.0,0.0,0,1.0144485378770434,0.9083582776882334,False,False,False,False,0.26707846044764355,0.3045637755370549,False,False,False,False,-3711.0,-5694.970355000032,False,False,False,False,181.5523376143558,False,False,False,False
2025-08-13 16:00:00+00:00,48.025,48.025,46.795,46.795,200.0,,47.83390390390391,,45.42385683339898,44.412160101411416,41.868850305918365,40.90024623167998,39.998538311878086,38.57457066210202,38.00995491299404,35.87473087212411,35.1670638088101,34.772187525391146,34.711258800890185,33.94393327033154,33.132921658074935,30.71914759802729,30.24616904599791,27.201899257338756,44.412160101411416,39.998538311878086,38.57457066210202,30.71914759802729,47.83390390390391,47.83390390390391,36.559843074773056,"rgba(38, 166, 154, 0.5)",1.742729912966764,41.54996028995029,3.0096687220572997,58.01906625476293,14.701147982290536,False,True,True,False,False,8.40820636269132,0.0,0.0,0.0,0.0,0,1.0031950737771582,0.9369699082142441,False,False,False,False,0.21684679222794243,0.26070528388249864,False,False,False,False,-3911.0,-5667.311899883753,False,False,False,False,181.83834788390067,False,False,False,False
2025-08-13 17:00:00+00:00,46.795,46.905,46.67,46.905,0.0,,47.83390390390391,,45.42385683339898,44.412160101411416,41.868850305918365,40.90024623167998,39.998538311878086,38.57457066210202,38.00995491299404,35.87473087212411,35.1670638088101,34.772187525391146,34.711258800890185,33.94393327033154,33.132921658074935,30.71914759802729,30.24616904599791,27.201899257338756,44.412160101411416,39.998538311878086,38.57457066210202,30.71914759802729,47.83390390390391,47.83390390390391,36.559843074773056,#000000,1.7348174086747676,41.54996028995029,3.0868030740713173,53.33906084425759,10.683141195626995,False,True,False,False,False,8.752843424196005,0.0,0.0,0.0,0.0,0,0.985476937376554,0.9455094690368302,False,False,False,False,0.17555823842376192,0.21813176115313027,False,False,False,False,-3911.0,-5640.08225802509,False,False,False,False,179.0191486919022,False,False,False,False
2025-08-13 18:00:00+00:00,46.905,47.435,46.905,47.405,0.0,,47.83390390390391,,45.42385683339898,44.412160101411416,41.868850305918365,40.90024623167998,39.998538311878086,38.57457066210202,38.00995491299404,35.87473087212411,35.1670638088101,34.772187525391146,34.711258800890185,33.94393327033154,33.132921658074935,30.71914759802729,30.24616904599791,27.201899257338756,44.412160101411416,39.998538311878086,38.57457066210202,30.71914759802729,47.83390390390391,47.83390390390391,36.559843074773056,#000000,1.732412393947323,41.54996028995029,3.379703199137781,52.496557845637696,10.054804402073067,False,True,False,False,False,10.305794916551662,0.0,0.0,0.0,0.0,0,0.9905496289424861,0.9386015769944338,False,False,False,False,0.20084939078502415,0.20949057596907722,False,False,False,False,-3911.0,-5613.274781156484,False,False,False,False,176.24365801450836,False,False,False,False
2025-08-13 19:00:00+00:00,47.405,47.84,46.92,47.82,300.0,,47.72610136452242,,45.54115749349201,44.514734694624345,41.94276360099868,40.96187779672403,40.05028276741666,38.61149108939019,38.04575939419021,35.90138824067717,35.18807806165435,34.79243123084356,34.73142265741502,33.96385641015611,33.15275166814385,30.738598268738937,30.265541656390212,27.220095815912494,44.514734694624345,40.05028276741666,38.61149108939019,30.738598268738937,47.72610136452242,47.72610136452242,36.60138942792299,"rgba(38, 166, 154, 0.5)",1.7370274702583208,41.60613180997197,3.577299896762104,53.611229110985605,10.054804402073067,False,True,True,False,False,11.565213641826354,0.0,0.0,0.0,0.0,0,0.9911228960110676,0.9346322342633153,False,False,False,False,0.21484129167812074,0.212165933823599,False,False,False,False,-3611.0,-5582.231761293592,False,False,False,False,178.16236099102758,False,False,False,False
2025-08-14 14:00:00+00:00,48.79,48.815,48.51,48.51,0.0,,47.72610136452242,,45.54115749349201,44.514734694624345,41.94276360099868,40.96187779672403,40.05028276741666,38.61149108939019,38.04575939419021,35.90138824067717,35.18807806165435,34.79243123084356,34.73142265741502,33.96385641015611,33.15275166814385,30.738598268738937,30.265541656390212,27.220095815912494,44.514734694624345,40.05028276741666,38.61149108939019,30.738598268738937,47.72610136452242,47.72610136452242,36.60138942792299,"rgba(38, 166, 154, 0.5)",1.7589278009652916,41.60613180997197,3.925043532906363,56.71741805186372,10.054804402073067,False,True,True,False,True,13.593340679775,0.0,0.0,0.0,0.0,0,0.9986260590794593,0.9339363407373479,False,False,False,False,0.30234532944002845,0.25725563163181375,False,False,False,False,-3611.0,-5551.670028560357,False,False,False,False,175.40015384387988,False,False,False,False
2025-08-14 15:00:00+00:00,48.51,48.55,48.31,48.55,0.0,,47.72610136452242,,45.54115749349201,44.514734694624345,41.94276360099868,40.96187779672403,40.05028276741666,38.61149108939019,38.04575939419021,35.90138824067717,35.18807806165435,34.79243123084356,34.73142265741502,33.96385641015611,33.15275166814385,30.738598268738937,30.265541656390212,27.220095815912494,44.514734694624345,40.05028276741666,38.61149108939019,30.738598268738937,47.72610136452242,47.72610136452242,36.60138942792299,"rgba(38, 166, 154, 0.5)",1.783375726531447,41.60613180997197,3.8936653037963076,58.91624284068079,10.054804402073067,False,True,True,False,True,13.709257745508094,0.0,0.0,0.0,0.0,0,0.9969061533172914,0.9353729804056375,False,False,False,False,0.2861820672530556,0.2717188494424347,False,False,False,False,-3611.0,-5521.5821211408165,False,False,False,False,172.6807716137422,False,False,False,False
2025-08-14 16:00:00+00:00,48.55,48.55,47.49,48.13,100.0,,47.76071553228622,,45.58707770475843,44.55319632967747,41.96927202566772,40.983805748725096,40.06858474679592,38.62445792891364,38.058298262753794,35.910650816632355,35.19536714699472,34.79944511423444,34.73840767280497,33.97074348285742,33.15959281394065,30.74527619572776,30.27218752568154,27.226312217757062,44.55319632967747,40.06858474679592,38.62445792891364,30.74527619572776,47.76071553228622,47.76071553228622,36.616417233370186,"rgba(38, 166, 154, 0.5)",1.7976506364726135,41.63101974818011,3.615263233000782,58.080737622069165,10.054804402073067,False,True,True,False,True,11.950654038568246,0.0,0.0,0.0,0.0,0,0.9960426703372335,0.933815095205322,False,False,False,False,0.2580244449266321,0.2648716471845334,False,False,False,False,-3711.0,-5493.511080502974,False,False,False,False,171.55393794531207,False,False,False,False
2025-08-14 17:00:00+00:00,48.13,48.585,48.13,48.165,0.0,,47.76071553228622,,45.58707770475843,44.55319632967747,41.96927202566772,40.983805748725096,40.06858474679592,38.62445792891364,38.058298262753794,35.910650816632355,35.19536714699472,34.79944511423444,34.73840767280497,33.97074348285742,33.15959281394065,30.74527619572776,30.27218752568154,27.226312217757062,44.55319632967747,40.06858474679592,38.62445792891364,30.74527619572776,47.76071553228622,47.76071553228622,36.616417233370186,"rgba(38, 166, 154, 0.5)",1.8227459312063514,41.63101974818011,3.5846906252565294,57.67077379561691,10.054804402073067,False,True,True,False,True,12.056760250414893,0.0,0.0,0.0,0.0,0,1.0066175624352631,0.9320405109909076,False,False,False,False,0.28117190256693886,0.2730217748757361,False,False,False,False,-3711.0,-5465.875249797502,False,False,False,False,168.89418696941576,False,False,False,False
2025-08-14 18:00:00+00:00,48.165,48.205,47.845,48.205,0.0,,47.76071553228622,,45.58707770475843,44.55319632967747,41.96927202566772,40.983805748725096,40.06858474679592,38.62445792891364,38.058298262753794,35.910650816632355,35.19536714699472,34.79944511423444,34.73840767280497,33.97074348285742,33.15959281394065,30.74527619572776,30.27218752568154,27.226312217757062,44.55319632967747,40.06858474679592,38.62445792891364,30.74527619572776,47.76071553228622,47.76071553228622,36.616417233370186,"rgba(38, 166, 154, 0.5)",1.8435333461040986,41.63101974818011,3.565967638021058,57.58219885010372,10.054804402073067,False,True,True,False,True,12.180049068199441,0.0,0.0,0.0,0.0,0,1.000979883566776,0.9359040866908751,False,False,False,False,0.25836534680615186,0.265693560840944,False,False,False,False,-3711.0,-5438.667881583588,False,False,False,False,166.27567244275815,False,False,False,False
2025-08-14 19:00:00+00:00,48.205,48.85,48.205,48.54,404.0,,47.989901888643615,,45.789324209452566,44.72039720517353,42.08224319640931,41.0768896588215,40.146027217818066,38.67910346553802,38.11102860477965,35.949386176823594,35.22581566355842,34.82871841548911,34.767556541282836,33.999434817173984,33.18804644439456,30.772941494665762,30.299702126522096,27.251960590917722,44.72039720517353,40.146027217818066,38.67910346553802,30.772941494665762,47.989901888643615,47.989901888643615,36.68053598930129,"rgba(38, 166, 154, 0.5)",1.8694897362311051,42.372396009405044,3.299084167762727,59.05585825880318,10.054804402073067,False,True,True,False,True,13.214289192923818,0.0,0.0,0.0,0.0,0,0.9994260789715337,0.9318181818181815,False,False,False,False,0.2929420476714983,0.2793178042562211,False,False,False,False,-3307.0,-5405.6187671404305,False,False,False,False,169.9613209320177,False,False,False,False
2025-08-15 14:00:00+00:00,45.78,47.0,45.78,46.91,0.0,,47.989901888643615,,45.789324209452566,44.72039720517353,42.08224319640931,41.0768896588215,40.146027217818066,38.67910346553802,38.11102860477965,35.949386176823594,35.22581566355842,34.82871841548911,34.767556541282836,33.999434817173984,33.18804644439456,30.772941494665762,30.299702126522096,27.251960590917722,44.72039720517353,40.146027217818066,38.67910346553802,30.772941494665762,47.989901888643615,47.989901888643615,36.68053598930129,#000000,1.873327717922924,42.372396009405044,2.4222157966178384,52.36174078234573,8.255245914099959,False,True,False,False,False,6.548430278892546,0.0,0.0,0.0,0.0,0,0.9828105815381182,0.9367116865721616,False,False,False,False,0.14950835402811988,0.2144130791421705,False,False,False,False,-3307.0,-5373.082042068485,False,False,False,False,167.32626169276162,False,False,False,False
2025-08-15 15:00:00+00:00,46.91,46.91,46.105,46.105,100.0,,47.87910212474298,,45.79908698317173,44.73741497649197,42.10045046956327,41.093008358947834,40.16010022598872,38.68959392823868,38.1213123939443,35.95729905213028,35.232111917537395,34.83480676939952,34.773624191600476,34.00546701051198,33.194084741933466,30.778945409365615,30.30569514353395,27.25765671406145,44.73741497649197,40.16010022598872,38.68959392823868,30.778945409365615,47.87910212474298,47.87910212474298,36.69004114290129,"rgba(239, 83, 80, 1.0)",1.8691788918477814,42.356360013082124,2.005500919824825,45.676687377574666,2.105914928163237,False,True,False,True,False,3.556964279800166,0.0,0.0,0.0,0.0,0,0.9840845854201448,0.9431274346132441,False,False,False,False,0.15718614116211274,0.18579961015214164,False,False,False,False,-3407.0,-5342.600149943392,False,False,False,False,166.28244368202112,False,False,False,False
2025-08-15 16:00:00+00:00,46.105,46.11,45.405,45.74,0.0,,47.87910212474298,,45.79908698317173,44.73741497649197,42.10045046956327,41.093008358947834,40.16010022598872,38.68959392823868,38.1213123939443,35.95729905213028,35.232111917537395,34.83480676939952,34.773624191600476,34.00546701051198,33.194084741933466,30.778945409365615,30.30569514353395,27.25765671406145,44.73741497649197,40.16010022598872,38.68959392823868,30.778945409365615,47.87910212474298,47.87910212474298,36.69004114290129,"rgba(239, 83, 80, 1.0)",1.864394759652416,42.356360013082124,1.814873148189227,40.35572848451022,-2.597254829564328,False,True,False,True,False,2.245927231980705,0.0,0.0,0.0,0.0,0,0.9702808988764046,0.9615168539325838,False,False,False,False,0.10845515473209229,0.14712738244211696,False,False,False,False,-3407.0,-5312.590845293107,False,False,False,False,163.70442129935412,False,False,False,False
2025-08-15 17:00:00+00:00,45.74,45.755,44.92,45.23,600.0,,47.12802816901409,,45.7537432897802,44.7702425740974,42.179924555886586,41.168479681600374,40.22888372352287,38.743245204769295,38.174537658187454,35.999666248532726,35.266121108922015,34.86782213039774,34.806546100806244,34.0384115827626,33.22726210755949,30.812403146762303,30.33916754710336,27.289850278479065,44.7702425740974,40.22888372352287,38.743245204769295,30.812403146762303,47.12802816901409,47.12802816901409,36.72914418369811,"rgba(239, 83, 80, 1.0)",1.8653147984447203,42.27253721804083,1.5855033072300004,35.6988852078482,-6.674909399381569,False,True,False,True,False,0.4505976291194784,0.0,0.0,0.0,0.0,0,0.9564949952468825,0.9693004529441364,False,False,False,False,0.08140272742941221,0.11426505493576458,False,False,False,False,-4007.0,-5292.349126761431,False,False,False,False,170.4686938373486,False,False,False,False
2025-08-15 18:00:00+00:00,45.23,46.48,45.23,46.415,0.0,,47.12802816901409,,45.7537432897802,44.7702425740974,42.179924555886586,41.168479681600374,40.22888372352287,38.743245204769295,38.174537658187454,35.999666248532726,35.266121108922015,34.86782213039774,34.806546100806244,34.0384115827626,33.22726210755949,30.812403146762303,30.33916754710336,27.289850278479065,44.7702425740974,40.22888372352287,38.743245204769295,30.812403146762303,47.12802816901409,47.12802816901409,36.72914418369811,"rgba(239, 83, 80, 1.0)",1.86684953576574,42.27253721804083,2.218959108699685,38.152217128095984,-6.674909399381569,False,True,False,True,False,4.34408886121297,0.0,0.0,0.0,0.0,0,0.9592594645529627,0.9633058034477021,False,False,False,False,0.11475641918895373,0.11451073706235915,False,False,False,False,-4007.0,-5272.421233323269,False,False,False,False,167.82576835149823,False,False,False,False
2025-08-15 19:00:00+00:00,46.415,46.845,46.38,46.785,300.0,,47.069779567613395,,45.793684733120216,44.823943434153065,42.23497697673153,41.217369047266416,40.27168183831674,38.77527465373649,38.20590822183655,36.02380108669972,35.28534652992411,34.88640648127735,34.8250660602686,34.05680433203417,33.24565489682768,30.83064865490258,30.35737319742654,27.307123601046975,44.823943434153065,40.27168183831674,38.77527465373649,30.83064865490258,47.069779567613395,47.069779567613395,36.75881648409805,"rgba(239, 83, 80, 0.75)",1.8702914885792057,42.307550653439144,2.393984773978848,41.18658480674223,-6.674909399381569,False,True,False,True,True,5.500556959412997,0.0,0.0,0.0,0.0,0,0.9717382888114596,0.9578010065814939,False,False,False,False,0.16406270227430672,0.13928671966833295,False,False,False,False,-3707.0,-5248.151136682598,False,False,False,False,169.87498124527343,False,False,False,False
2025-08-18 14:00:00+00:00,45.79,45.955,44.96,45.945,100.0,,47.01082147214315,,45.791197125942894,44.83137418712466,42.24875515575818,41.23037188536776,40.28350132596687,38.78448135942788,38.21502282515603,36.031030733145464,35.29115088458296,34.8920374256366,34.83068043875114,34.062413966522904,33.25129598394124,30.836318614051432,30.363042694689817,27.31256267616302,44.83137418712466,40.28350132596687,38.78448135942788,30.836318614051432,47.01082147214315,47.01082147214315,36.7659523301393,"rgba(239, 83, 80, 0.75)",1.8702968642330364,42.30808981717724,1.9445630543331789,40.714243693844516,-6.674909399381569,False,True,False,True,True,2.5597074286194648,0.0,0.0,0.0,0.0,0,0.9616665756566375,0.9588270627423138,False,False,False,False,0.08911815438796625,0.1142024370281496,False,False,False,False,-3807.0,-5225.8077082068985,False,False,False,False,168.79164820271103,False,False,False,False
2025-08-18 15:00:00+00:00,45.945,45.945,45.11,45.435,50.0,,46.9806470041185,,45.789102910504354,44.83446483322492,42.25535177512391,41.23666268542275,40.28925537159678,38.788992539821216,38.2194959640264,36.034595031529875,35.29401599288787,34.89481834043117,34.83345337444471,34.065186834221706,33.254086493688405,30.839128326312416,30.365852961493893,27.315262689524996,44.83446483322492,40.28925537159678,38.788992539821216,30.839128326312416,46.9806470041185,46.9806470041185,36.76935788276596,"rgba(239, 83, 80, 0.75)",1.8703585795819435,42.307973495354894,1.6718860964853335,39.105035155708656,-6.674909399381569,False,True,False,True,True,0.84316252972204,0.0,0.0,0.0,0.0,0,0.9617720420778657,0.9561869645374683,False,False,False,False,0.09362365324969066,0.10391304513892013,False,False,False,False,-3857.0,-5204.5858832734575,False,False,False,False,166.94991722282404,False,False,False,False
2025-08-18 16:00:00+00:00,45.435,45.895,45.435,45.895,0.0,,46.9806470041185,,45.789102910504354,44.83446483322492,42.25535177512391,41.23666268542275,40.28925537159678,38.788992539821216,38.2194959640264,36.034595031529875,35.29401599288787,34.89481834043117,34.83345337444471,34.065186834221706,33.254086493688405,30.839128326312416,30.365852961493893,27.315262689524996,44.83446483322492,40.28925537159678,38.788992539821216,30.839128326312416,46.9806470041185,46.9806470041185,36.76935788276596,"rgba(239, 83, 80, 0.75)",1.8696811478415682,42.307973495354894,1.9185231175840387,39.95865296094513,-6.674909399381569,False,True,False,True,True,2.3235462917480127,0.0,0.0,0.0,0.0,0,0.9751858329689552,0.9562745955400083,False,False,False,False,0.10248495988850329,0.10319900251371171,False,False,False,False,-3857.0,-5183.693078881621,False,False,False,False,164.36154641316784,False,False,False,False
2025-08-18 17:00:00+00:00,45.895,46.13,45.765,46.13,0.0,,46.9806470041185,,45.789102910504354,44.83446483322492,42.25535177512391,41.23666268542275,40.28925537159678,38.788992539821216,38.2194959640264,36.034595031529875,35.29401599288787,34.89481834043117,34.83345337444471,34.065186834221706,33.254086493688405,30.839128326312416,30.365852961493893,27.315262689524996,44.83446483322492,40.28925537159678,38.788992539821216,30.839128326312416,46.9806470041185,46.9806470041185,36.76935788276596,"rgba(239, 83, 80, 0.75)",1.8694867701546733,42.307973495354894,2.044425542700626,41.48548167383601,-6.674909399381569,False,True,False,True,True,3.0720684116238672,0.0,0.0,0.0,0.0,0,0.9813892386009088,0.9482730308172308,False,False,False,False,0.12074293305142568,0.1119709677825687,False,False,False,False,-3857.0,-5163.124193937719,False,False,False,False,161.81330538350633,False,False,False,False
2025-08-18 18:00:00+00:00,46.13,46.365,46.03,46.21,0.0,,46.9806470041185,,45.789102910504354,44.83446483322492,42.25535177512391,41.23666268542275,40.28925537159678,38.788992539821216,38.2194959640264,36.034595031529875,35.29401599288787,34.89481834043117,34.83345337444471,34.065186834221706,33.254086493688405,30.839128326312416,30.365852961493893,27.315262689524996,44.83446483322492,40.28925537159678,38.788992539821216,30.839128326312416,46.9806470041185,46.9806470041185,36.76935788276596,"rgba(239, 83, 80, 0.75)",1.8694576054937184,42.307973495354894,2.0872505978088727,42.84564221713652,-6.674909399381569,False,True,False,True,True,3.328489369783135,0.0,0.0,0.0,0.0,0,0.9814409285010404,0.9468958721121205,False,False,False,False,0.13696713906910157,0.12446905342583514,False,False,False,False,-3857.0,-5142.874206434808,False,False,False,False,159.30457196670778,False,False,False,False
2025-08-18 19:00:00+00:00,46.21,46.725,46.21,46.715,25.0,,46.97639831623257,,45.79179845071087,44.8384403967371,42.259708639370224,41.24057714976131,40.29270862290864,38.79159970438053,38.22205390699846,36.03657445404049,35.29559578011693,34.896346343774184,34.83497620632047,34.066700467816965,33.25560127630228,30.840633706639277,30.36735549481768,27.31669059030109,44.8384403967371,40.29270862290864,38.79159970438053,30.840633706639277,46.97639831623257,46.97639831623257,36.77171007443729,"rgba(239, 83, 80, 0.75)",1.866992691927657,42.310663763649586,2.359053817078936,45.86087597109868,-10.465594784764932,False,True,False,True,True,4.937347819491258,0.0,0.0,0.0,0.0,0,0.9829195088676673,0.942264665757162,False,False,False,False,0.15457040668002942,0.13951973005293228,False,False,False,False,-3832.0,-5122.550575327292,False,False,False,False,157.22233054086735,False,False,False,False
2025-08-19 14:00:00+00:00,45.18,45.415,44.1,44.1,312.0,,46.70911923167018,,45.73872732618627,44.83000495495494,42.2881971548788,41.270621532441744,40.321734082725285,38.815591848204235,38.24616597332681,36.05650030173048,35.311756857228765,34.912096192944325,34.8506901449877,34.08252063581221,33.271620591162,30.856993927306323,30.3837555685793,27.332630973642118,44.83000495495494,40.321734082725285,38.815591848204235,30.856993927306323,46.70911923167018,46.70911923167018,36.785600504131956,"rgba(239, 83, 80, 1.0)",1.8586683332355292,42.28563990740157,0.9761612979331478,40.88861823402161,-10.465594784764932,False,True,False,True,False,0.0,0.0,0.0,0.0,0.0,0,0.9635386171288659,0.9451216266567304,False,False,False,False,0.04423094561472928,0.09187533783383078,False,False,False,False,-4144.0,-5107.379248578031,False,False,False,False,159.6219843309314,False,False,False,False
2025-08-19 15:00:00+00:00,44.1,44.74,43.78,44.33,187.0,,46.55955709418617,,45.70270844362096,44.820947845604074,42.303036486092346,41.28698307824858,40.33790069977888,38.82923948976004,38.2599476095723,36.06804062771924,35.32114912703031,34.9212619600541,34.859836796354955,34.09174901429573,33.280983313251646,30.86659844076952,30.393390163590084,27.34202946248994,44.820947845604074,40.33790069977888,38.82923948976004,30.86659844076952,46.55955709418617,46.55955709418617,36.79286265988954,"rgba(239, 83, 80, 1.0)",1.8493771948979407,42.270552448920654,1.1135897840424038,38.4578984086866,-5.049376426594648,False,True,False,True,False,0.0,0.0,0.0,0.0,0.0,0,0.9612616426756988,0.9528471634208292,False,False,False,False,0.012447448023828071,0.05216139292882943,False,False,False,False,-3957.0,-5089.543911390775,False,False,False,False,160.04644969014177,False,False,False,False
2025-08-19 16:00:00+00:00,44.33,44.33,43.77,43.77,0.0,,46.55955709418617,,45.70270844362096,44.820947845604074,42.303036486092346,41.28698307824858,40.33790069977888,38.82923948976004,38.2599476095723,36.06804062771924,35.32114912703031,34.9212619600541,34.859836796354955,34.09174901429573,33.280983313251646,30.86659844076952,30.393390163590084,27.34202946248994,44.820947845604074,40.33790069977888,38.82923948976004,30.86659844076952,46.55955709418617,46.55955709418617,36.79286265988954,"rgba(239, 83, 80, 1.0)",1.8438447712701054,42.270552448920654,0.8132178882100128,35.771381077875304,-7.691044711868756,False,True,False,True,False,0.0,0.0,0.0,0.0,0.0,0,0.958958635899091,0.9704157925878107,False,False,False,False,-0.0009574502833086237,0.025601971322760403,False,False,False,False,-3957.0,-5071.985091059135,False,False,False,False,157.56510938486824,False,False,False,False
2025-08-19 17:00:00+00:00,43.77,43.77,42.88,43.34,0.0,,46.55955709418617,,45.70270844362096,44.820947845604074,42.303036486092346,41.28698307824858,40.33790069977888,38.82923948976004,38.2599476095723,36.06804062771924,35.32114912703031,34.9212619600541,34.859836796354955,34.09174901429573,33.280983313251646,30.86659844076952,30.393390163590084,27.34202946248994,44.820947845604074,40.33790069977888,38.82923948976004,30.86659844076952,46.55955709418617,46.55955709418617,36.79286265988954,"rgba(239, 83, 80, 1.0)",1.8085560862513175,42.270552448920654,0.5913267270002368,33.210455763624566,-10.228677073960853,False,True,False,True,False,0.0,0.0,0.0,0.0,0.0,0,0.9442777539648524,0.9764787826832401,False,False,False,False,-0.0472692196369454,-0.010833624157092499,False,False,False,False,-3957.0,-5054.698500500079,False,False,False,False,155.12223947192453,False,False,False,False
2025-08-19 18:00:00+00:00,43.36,43.41,43.03,43.2,59.0,,46.49570612332902,,45.683421098708685,44.81258813678828,42.305167652077316,41.29027818044764,40.341598159085805,38.83268932220116,38.2635126744413,36.071201621590525,35.323755076494855,34.92382002359899,34.862391700275424,34.09435185364312,33.28364706158653,30.869384448183986,30.39619323003717,27.34480544916263,44.81258813678828,40.341598159085805,38.83268932220116,30.869384448183986,46.49570612332902,46.49570612332902,36.79367535552021,"rgba(239, 83, 80, 1.0)",1.799908851545944,42.26086374139693,0.5217687872341122,31.249651900202345,-12.240927748155904,False,True,False,True,False,0.0,0.0,0.0,0.0,0.0,0,0.9480742409612704,0.9776847977684794,False,False,False,False,-0.05398856646434754,-0.03241109531072002,False,False,False,False,-4016.0,-5038.594647779148,False,False,False,False,153.63197219329004,False,False,False,False
2025-08-19 19:00:00+00:00,43.2,43.455,42.605,43.14,47.0,,46.444363385366884,,45.66736948577395,44.80538561689925,42.30658520806931,41.29269545537895,40.34438671166269,38.83534173053425,38.26626492975548,36.07366603205059,35.32579120274528,34.92582063935151,34.86439011918272,34.096390907640306,33.28573668089129,30.87157655142878,30.39839976261582,27.34699570107291,44.80538561689925,40.34438671166269,38.83534173053425,30.87157655142878,46.444363385366884,46.444363385366884,36.79417479594082,"rgba(239, 83, 80, 1.0)",1.773293982832264,42.2528377762348,0.5002905510051114,29.825058587046005,-13.816364502956887,False,True,False,True,False,0.0,0.0,0.0,0.0,0.0,0,0.942733628649197,0.9771574958637986,False,False,False,False,-0.06616019512982332,-0.04928564522027167,False,False,False,False,-4063.0,-5023.469149363967,False,False,False,False,151.97876332207625,False,False,False,False
2025-08-20 14:00:00+00:00,40.005,40.54,40.005,40.115,21.0,,46.40299894514767,40.22,45.65248015098269,44.79694921441503,42.30485113511947,41.29204364390433,40.344329865871636,38.83572919720348,38.26676500820698,36.07431858208114,35.32636618349919,34.9264017513507,34.8649729324503,34.09701264794616,33.28639840135962,30.87232717616561,30.39916392806905,27.34779694440493,44.79694921441503,40.344329865871636,38.83572919720348,30.87232717616561,46.40299894514767,46.40299894514767,36.99458275076648,"rgba(239, 83, 80, 1.0)",1.8370102570982694,42.4268002906692,-1.2584580198920081,25.078256103339577,-18.439369617345136,False,True,False,True,False,0.0,0.0,0.0,0.0,0.0,0,0.9334023821853963,0.9799585706887617,True,False,False,False,-0.24697654137161854,-0.1481310932959451,False,False,False,False,-4084.0,-5008.903736195533,True,False,False,False,149.9480848209588,False,False,False,False
2025-08-20 15:00:00+00:00,40.115,41.86,40.115,41.86,25.0,,46.36277394034537,40.79518115942029,45.63829311537796,44.78925925925925,42.30383654885218,41.292033733314064,40.344837741430325,38.83654262853386,38.26768239733233,36.07529340876165,35.327198505392204,34.9272316613011,34.86580368292062,34.09788055677755,33.287306216783975,30.873321774613895,30.4001715123315,27.348829089820615,44.78925925925925,40.344837741430325,38.83654262853386,30.873321774613895,46.36277394034537,46.36277394034537,37.02768841130725,"rgba(239, 83, 80, 0.75)",1.8346415070686222,42.44761518312635,-0.3202888307401484,27.966206163221617,-18.439369617345136,False,True,False,True,True,0.0,0.0,0.0,0.0,0.0,0,0.9358215051567448,0.9673746553660775,False,False,False,False,-0.1990229699098511,-0.1735770316028981,False,False,False,False,-4059.0,-4994.176546487075,False,False,False,False,148.01090521133153,False,False,False,False
2025-08-20 16:00:00+00:00,41.86,41.86,41.485,41.485,0.0,,46.36277394034537,40.79518115942029,45.63829311537796,44.78925925925925,42.30383654885218,41.292033733314064,40.344837741430325,38.83654262853386,38.26768239733233,36.07529340876165,35.327198505392204,34.9272316613011,34.86580368292062,34.09788055677755,33.287306216783975,30.873321774613895,30.4001715123315,27.348829089820615,44.78925925925925,40.344837741430325,38.83654262853386,30.873321774613895,46.36277394034537,46.36277394034537,37.02768841130725,"rgba(239, 83, 80, 0.75)",1.8505373020573976,42.44761518312635,-0.5201814532763714,29.33553000990141,-18.439369617345136,False,True,False,True,True,0.0,0.0,0.0,0.0,0.0,0,0.9719806260090622,0.9636998073017026,False,False,False,False,-0.15391680871436358,-0.16374692015863085,False,False,False,False,-4059.0,-4979.677685301229,False,False,False,False,145.71616249487678,False,False,False,False
2025-08-20 17:00:00+00:00,41.485,41.615,41.24,41.265,0.0,,46.36277394034537,40.79518115942029,45.63829311537796,44.78925925925925,42.30383654885218,41.292033733314064,40.344837741430325,38.83654262853386,38.26768239733233,36.07529340876165,35.327198505392204,34.9272316613011,34.86580368292062,34.09788055677755,33.287306216783975,30.873321774613895,30.4001715123315,27.348829089820615,44.78925925925925,40.344837741430325,38.83654262853386,30.873321774613895,46.36277394034537,46.36277394034537,37.02768841130725,"rgba(239, 83, 80, 0.75)",1.914920853161676,42.44761518312635,-0.6175791449415606,29.910627170070732,-18.439369617345136,False,True,False,True,True,0.0,0.0,0.0,0.0,0.0,0,0.9694568956530805,0.946888356092984,False,False,False,False,-0.16996914486790535,-0.16685803251326808,False,False,False,False,-4059.0,-4965.403612660899,False,False,False,False,143.4569971848787,False,False,False,False
2025-08-20 18:00:00+00:00,41.265,41.54,40.76,41.365,0.0,,46.36277394034537,40.79518115942029,45.63829311537796,44.78925925925925,42.30383654885218,41.292033733314064,40.344837741430325,38.83654262853386,38.26768239733233,36.07529340876165,35.327198505392204,34.9272316613011,34.86580368292062,34.09788055677755,33.287306216783975,30.873321774613895,30.4001715123315,27.348829089820615,44.78925925925925,40.344837741430325,38.83654262853386,30.873321774613895,46.36277394034537,46.36277394034537,37.02768841130725,"rgba(239, 83, 80, 0.75)",1.9769686003693672,42.44761518312635,-0.5476137470893973,30.659385166265498,-18.439369617345136,False,True,False,True,True,0.0,0.0,0.0,0.0,0.0,0,0.9693302733152515,0.9469017316920505,False,False,False,False,-0.18825672620981235,-0.1775573793615402,False,False,False,False,-4059.0,-4951.350843472357,False,False,False,False,141.23285769364026,False,False,False,False
2025-08-20 19:00:00+00:00,41.37,42.33,41.37,42.33,100.0,,46.230269406392694,41.62724885844749,45.59182419740437,44.76517346968251,42.30267943871257,41.29410369516122,40.34845168851464,38.840764279664576,38.27223681274772,36.07973688479583,35.33093450211317,34.93093131672968,34.86950344123997,34.10170363086696,33.291267710325016,30.877577889626483,30.404470939246707,27.35317292166025,44.76517346968251,40.34845168851464,38.840764279664576,30.877577889626483,46.230269406392694,46.230269406392694,37.075398922172894,"rgba(239, 83, 80, 0.75)",2.0115777009219444,42.46460505882067,-0.06691516751203944,34.48736073556827,-21.408098947174345,False,True,False,True,True,0.0,0.0,0.0,0.0,0.0,0,0.9757515966561089,0.9355625941118434,False,False,False,False,-0.14233648451754308,-0.15994693193954163,False,False,False,False,-3959.0,-4935.965559077437,False,False,False,False,140.59358858211093,False,False,False,False
2025-08-21 14:00:00+00:00,41.605,42.07,41.605,42.03,200.0,,45.98185604973697,41.78587186897881,45.499662420912415,44.71638725615468,42.29954579198251,41.29758692847929,40.35516452012563,38.84888650807339,38.28104942393377,36.08844192334527,35.338272986515946,34.93820598783855,34.876779384959725,34.10923411550981,33.29908160039688,30.88599762725802,30.412980068977767,27.36178871165306,44.71638725615468,40.35516452012563,38.84888650807339,30.88599762725802,45.98185604973697,45.98185604973697,37.08205512500562,"rgba(239, 83, 80, 0.75)",2.0519697809620765,42.42550747682595,-0.1927452735880507,36.35155417483003,-19.451381594195215,False,True,False,True,True,0.0,0.0,0.0,0.0,0.0,0,0.9774884589449662,0.93464391306603,False,False,False,False,-0.14315072484721839,-0.15154882839338002,False,False,False,False,-4159.0,-4923.919581417323,False,False,False,False,141.5146182164968,False,False,False,False
2025-08-21 15:00:00+00:00,42.03,42.03,41.39,41.39,0.0,,45.98185604973697,41.78587186897881,45.499662420912415,44.71638725615468,42.29954579198251,41.29758692847929,40.35516452012563,38.84888650807339,38.28104942393377,36.08844192334527,35.338272986515946,34.93820598783855,34.876779384959725,34.10923411550981,33.29908160039688,30.88599762725802,30.412980068977767,27.36178871165306,44.71638725615468,40.35516452012563,38.84888650807339,30.88599762725802,45.98185604973697,45.98185604973697,37.08205512500562,"rgba(239, 83, 80, 0.75)",2.1049834006748576,42.42550747682595,-0.49193142164159814,36.18954546544119,-19.33825843898281,False,True,False,True,True,0.0,0.0,0.0,0.0,0.0,0,0.9745697007287953,0.9327027446115673,False,False,False,False,-0.1514669487919727,-0.15150788859267636,False,False,False,False,-4159.0,-4912.060363100775,False,False,False,False,139.32059312786896,False,False,False,False
2025-08-21 16:00:00+00:00,41.39,41.39,41.01,41.075,0.0,,45.98185604973697,41.78587186897881,45.499662420912415,44.71638725615468,42.29954579198251,41.29758692847929,40.35516452012563,38.84888650807339,38.28104942393377,36.08844192334527,35.338272986515946,34.93820598783855,34.876779384959725,34.10923411550981,33.29908160039688,30.88599762725802,30.412980068977767,27.36178871165306,44.71638725615468,40.35516452012563,38.84888650807339,30.88599762725802,45.98185604973697,45.98185604973697,37.08205512500562,"rgba(239, 83, 80, 0.75)",2.166547616964868,42.42550747682595,-0.6233453934965352,35.42377281248334,-19.33825843898281,False,True,False,True,True,0.0,0.0,0.0,0.0,0.0,0,0.9779911757072413,0.9375032442252786,False,False,False,False,-0.21048529614719938,-0.18099659236993787,False,False,False,False,-4159.0,-4900.385008634097,False,False,False,False,137.16058393208803,False,False,False,False
2025-08-21 17:00:00+00:00,41.075,41.46,40.78,41.45,200.0,,45.723953414744464,41.5822557997558,45.39562581221572,44.65798391825109,42.291252810731194,41.29720165312812,40.35892919643115,38.85518816741871,38.28819242088436,36.096118182044364,35.344845787128946,34.94476526935078,34.88334605519062,34.116102237525936,33.306272340014,30.893891914030853,30.420979876641816,27.369996769423665,44.65798391825109,40.35892919643115,38.85518816741871,30.893891914030853,45.723953414744464,45.723953414744464,37.064879306480414,"rgba(239, 83, 80, 0.75)",2.2123351977100127,42.36261917903705,-0.41251397165388676,36.425575038389134,-18.468306077686933,False,True,False,True,True,0.0,0.0,0.0,0.0,0.0,0,0.9714404403364837,0.9424135424239274,False,False,False,False,-0.22517407865713024,-0.20308533551353405,False,False,False,False,-3959.0,-4885.789892221165,False,False,False,False,138.13483844476883,False,False,False,False
2025-08-21 18:00:00+00:00,41.445,41.59,41.0,41.34,101.0,,45.606201355872514,41.539755280783105,45.34596301199502,44.629898671096335,42.28742556478086,41.29723839026886,40.3609915480459,38.85846462363885,38.29188423853878,36.100046260035825,35.348204526407116,34.948114607483035,34.886698803374635,34.11960455449616,33.30993532347326,30.89790477207651,30.42504515160812,27.374162051527836,44.629898671096335,40.3609915480459,38.85846462363885,30.89790477207651,45.606201355872514,45.606201355872514,37.06007866939001,"rgba(239, 83, 80, 0.75)",2.2475344890076445,42.33628146602027,-0.44327749847351744,36.80975622657248,-17.726273521040824,False,True,False,True,True,0.0,0.0,0.0,0.0,0.0,0,0.9677102199223805,0.9426131953428198,False,False,False,False,-0.21270285490559276,-0.20789409520956342,False,False,False,False,-4060.0,-4872.986948155721,False,False,False,False,137.5591045153926,False,False,False,False
2025-08-21 19:00:00+00:00,41.3,41.685,41.3,41.62,201.0,,45.40095644176908,41.53862814465409,45.25595084214649,44.57907973204803,42.28163013488659,41.298588888574905,40.36603613522027,38.86555520409104,38.29975027452306,36.10818278192387,35.3551293495491,34.955005013548714,34.89359406470209,34.126782160497086,33.31741979757555,30.90605393885109,30.43329347255978,27.382577688815047,44.57907973204803,40.36603613522027,38.86555520409104,30.90605393885109,45.40095644176908,45.40095644176908,37.05666221318628,"rgba(239, 83, 80, 0.75)",2.2809529145069556,42.29438856702682,-0.2956608892440018,38.30675389582504,-15.96850955299282,False,True,False,True,True,0.0,0.0,0.0,0.0,0.0,0,0.9740999740999743,0.9406371406371403,False,False,False,False,-0.2136526959117551,-0.21077339556065927,False,False,False,False,-3859.0,-4857.266220277337,False,False,False,False,138.54268429034775,False,False,False,False
2025-08-22 14:00:00+00:00,41.98,43.385,41.98,43.385,0.0,,45.40095644176908,41.53862814465409,45.25595084214649,44.57907973204803,42.28163013488659,41.298588888574905,40.36603613522027,38.86555520409104,38.29975027452306,36.10818278192387,35.3551293495491,34.955005013548714,34.89359406470209,34.126782160497086,33.31741979757555,30.90605393885109,30.43329347255978,27.382577688815047,44.57907973204803,40.36603613522027,38.86555520409104,30.90605393885109,45.40095644176908,45.40095644176908,37.05666221318628,"rgba(239, 83, 80, 0.5)",2.289124536617377,42.29438856702682,0.4764316731254671,45.120223087901536,-9.498486310942177,False,False,False,True,True,0.0,0.0,0.0,0.0,0.0,0,0.9750536754933036,0.9289949902872914,False,False,False,False,-0.14480820180218093,-0.17779079868142011,False,False,False,False,-3859.0,-4841.789224614122,False,False,False,False,136.39473569669894,False,False,False,False
2025-08-22 15:00:00+00:00,43.385,44.29,43.385,43.88,0.0,,45.40095644176908,41.53862814465409,45.25595084214649,44.57907973204803,42.28163013488659,41.298588888574905,40.36603613522027,38.86555520409104,38.29975027452306,36.10818278192387,35.3551293495491,34.955005013548714,34.89359406470209,34.126782160497086,33.31741979757555,30.90605393885109,30.43329347255978,27.382577688815047,44.57907973204803,40.36603613522027,38.86555520409104,30.90605393885109,45.40095644176908,45.40095644176908,37.05666221318628,"rgba(38, 166, 154, 1.0)",2.285610441455338,42.29438856702682,0.6937365196684873,50.84147455845232,-4.384417019509264,True,False,True,False,True,0.0,0.0,0.0,0.0,0.0,0,0.9857593327230193,0.9231003967043023,False,False,False,False,-0.06757547865071337,-0.12268313866606674,False,False,False,False,-3859.0,-4826.552182372042,False,False,False,False,134.28008863163384,False,False,False,False
2025-08-22 16:00:00+00:00,43.88,43.905,43.675,43.77,1.0,43.78333333333333,45.40055081912404,41.541272084805655,45.255777816942775,44.57901473070848,42.28168767802176,41.29865910289741,40.3661091871709,38.865620019154555,38.299816443833066,36.108239946969725,35.35517628267594,34.9550509592482,34.89363993491637,34.12682866223634,33.317467178233514,30.906103020208413,30.433342782918103,27.382626180198304,44.57901473070848,40.3661091871709,38.865620019154555,30.906103020208413,45.40055081912404,44.59194207622869,37.05684894183173,"rgba(38, 166, 154, 1.0)",2.276591467899168,42.56866044214408,0.5276921989717007,54.21998639327377,-1.523317299686937,True,False,True,False,True,0.0,0.0,0.0,0.0,0.0,0,0.9844055584148226,0.9344827586206893,False,False,False,False,-0.07109023168792106,-0.09688668517699389,False,False,False,False,-3860.0,-4811.5668772189865,False,False,False,False,132.2137306683527,False,False,False,False
2025-08-22 17:00:00+00:00,43.77,44.09,43.77,43.865,125.0,43.90734126984128,45.35520017829646,41.845053045859,45.23627450980391,44.572235788792746,42.28944188086342,41.30784473291472,40.37554927795783,38.873914064658734,38.30826331072208,36.11549514589594,35.36112575865495,34.960871673115854,34.89945055785595,34.132713052754845,33.32345708059031,30.912294770741347,30.439561397031675,27.388731526499093,44.572235788792746,40.37554927795783,38.873914064658734,30.912294770741347,45.35520017829646,44.63127072406887,37.07895750439485,"rgba(38, 166, 154, 1.0)",2.2754153229446854,42.58643022421843,0.5619061113322086,56.73222737160167,0.636287974927157,True,False,True,False,True,0.0,0.0,0.0,0.0,0.0,0,0.9788714248904925,0.93522288070085,False,False,False,False,-0.06073566182885897,-0.07881117350292643,False,False,False,False,-3735.0,-4794.875917882258,False,False,False,False,132.10188988279685,False,False,False,False
2025-08-22 18:00:00+00:00,43.895,43.97,43.02,43.165,0.0,43.90734126984128,45.35520017829646,41.845053045859,45.23627450980391,44.572235788792746,42.28944188086342,41.30784473291472,40.37554927795783,38.873914064658734,38.30826331072208,36.11549514589594,35.36112575865495,34.960871673115854,34.89945055785595,34.132713052754845,33.32345708059031,30.912294770741347,30.439561397031675,27.388731526499093,44.572235788792746,40.37554927795783,38.873914064658734,30.912294770741347,45.35520017829646,44.63127072406887,37.07895750439485,"rgba(38, 166, 154, 1.0)",2.290805246125312,42.58643022421843,0.25256174734197284,55.48198315263534,0.636287974927157,True,False,True,False,True,0.0,0.0,0.0,0.0,0.0,0,0.9678293780687399,0.9381137479541731,False,False,False,False,-0.09296142639661947,-0.08588629994977295,False,False,False,False,-3735.0,-4778.44373310889,False,False,False,False,130.0537985667845,False,False,False,False
2025-08-22 19:00:00+00:00,43.15,43.28,42.885,42.95,191.0,43.38374342797056,45.25238382899628,42.0406895565093,45.188715116498614,44.548906009449475,42.29485733035503,41.31710205205767,40.38634855080159,38.88435380846129,38.31912357150872,36.125320319911204,35.36927688373771,34.96888773426579,34.90745871068111,34.140891753535655,33.33184537640631,30.92111179423536,30.448439303550497,27.397560938866185,44.548906009449475,40.38634855080159,38.88435380846129,30.92111179423536,45.25238382899628,44.318063628483415,37.09358169475479,"rgba(38, 166, 154, 0.75)",2.3095052373703377,42.55382510077627,0.1715410265424751,53.8219671215782,0.636287974927157,True,False,True,False,False,0.0,0.0,0.0,0.0,0.0,0,0.9649347325313542,0.9493217302277961,False,False,False,False,-0.12369820652836153,-0.10479225323906724,False,False,False,False,-3926.0,-4765.227551200225,False,False,False,False,130.9987009145863,False,False,False,False
2025-08-25 14:00:00+00:00,42.95,43.54,42.95,43.54,300.0,43.36409508373852,45.1279887054735,42.3074425483504,45.12805832511595,44.52077785555036,42.30663222650647,41.333985436803324,40.405065618736174,38.901842288752334,38.3371772190814,36.1413747383457,35.38255259579897,34.98192101181242,34.92047583042721,34.154146917231614,33.34540458648223,30.935282598555542,30.462695629154364,27.41167907188139,44.52077785555036,40.405065618736174,38.901842288752334,30.935282598555542,45.1279887054735,44.24604189460601,37.116265558740345,"rgba(38, 166, 154, 0.75)",2.319852525213255,42.54941391242507,0.42700390512274994,54.79821696125646,0.636287974927157,True,False,True,False,False,0.0,0.0,0.0,0.0,0.0,0,0.9649239252527319,0.9460839375063819,False,False,False,False,-0.11156518817664401,-0.10817872070785563,False,False,False,False,-3626.0,-4747.565108545958,False,False,False,False,133.6188760942051,False,False,False,False
2025-08-25 15:00:00+00:00,43.54,44.09,43.54,44.015,0.0,43.36409508373852,45.1279887054735,42.3074425483504,45.12805832511595,44.52077785555036,42.30663222650647,41.333985436803324,40.405065618736174,38.901842288752334,38.3371772190814,36.1413747383457,35.38255259579897,34.98192101181242,34.92047583042721,34.154146917231614,33.34540458648223,30.935282598555542,30.462695629154364,27.41167907188139,44.52077785555036,40.405065618736174,38.901842288752334,30.935282598555542,45.1279887054735,44.24604189460601,37.116265558740345,"rgba(38, 166, 154, 0.75)",2.325665618176256,42.54941391242507,0.6301791952035735,56.92829778043701,1.0276957622112306,True,False,True,False,False,0.0,0.0,0.0,0.0,0.0,0,0.9706480822057179,0.9396174585410514,False,False,False,False,-0.06924014857407274,-0.08870943464096417,False,False,False,False,-3626.0,-4730.176502211912,False,False,False,False,131.5472656121244,False,False,False,False
2025-08-25 16:00:00+00:00,43.81,44.215,43.795,43.825,100.0,43.445113900511394,45.10284013605442,42.41207880724175,45.1152366243994,44.5163344394711,42.31274257511906,41.34121736280376,40.41251889672599,38.908426905166024,38.34388610406598,36.14715610082553,35.38730172772399,34.986568393108044,34.925115259256195,34.1588455644284,33.35018766790309,30.94022771734035,30.467662383511815,27.41655707862252,44.5163344394711,40.41251889672599,38.908426905166024,30.94022771734035,45.10284013605442,44.273977018282906,37.126003741630186,"rgba(38, 166, 154, 1.0)",2.3329912303908604,42.55751774463948,0.5432863350918685,57.448149306503865,1.8146484418289006,True,False,True,False,True,0.0,0.0,0.0,0.0,0.0,0,0.972448563862294,0.942707272356895,False,False,False,False,-0.05519405759913433,-0.07195174612004926,False,False,False,False,-3726.0,-4714.607874270641,False,False,False,False,131.05816071891314,False,False,False,False
2025-08-25 17:00:00+00:00,43.81,43.9,43.67,43.725,0.0,43.445113900511394,45.10284013605442,42.41207880724175,45.1152366243994,44.5163344394711,42.31274257511906,41.34121736280376,40.41251889672599,38.908426905166024,38.34388610406598,36.14715610082553,35.38730172772399,34.986568393108044,34.925115259256195,34.1588455644284,33.35018766790309,30.94022771734035,30.467662383511815,27.41655707862252,44.5163344394711,40.41251889672599,38.908426905166024,30.94022771734035,45.10284013605442,44.273977018282906,37.126003741630186,"rgba(38, 166, 154, 1.0)",2.33796862046304,42.55751774463948,0.4993575384811177,57.298202957364936,2.045992230635605,True,False,True,False,True,0.0,0.0,0.0,0.0,0.0,0,0.9710764843670436,0.9430695590182294,False,False,False,False,-0.07146030621505786,-0.07170602616755356,False,False,False,False,-3726.0,-4699.28062040598,False,False,False,False,129.02625125040285,False,False,False,False
2025-08-25 18:00:00+00:00,43.725,43.955,43.57,43.785,100.0,43.48487964096287,45.07509575353871,42.493635635635634,45.10081358779171,44.51061890539643,42.31815727219809,41.34792596582331,40.419573169450594,38.91476615812578,38.35036984593571,36.15279934951643,35.39194858504945,34.991120266579586,34.92966000061657,34.16345576149452,33.35488750116521,30.945102584269947,30.472561035189212,27.42138059085172,44.51061890539643,40.419573169450594,38.91476615812578,30.945102584269947,45.07509575353871,44.27998769725079,37.13404565971117,"rgba(38, 166, 154, 1.0)",2.339522729875302,42.56142801329948,0.5230006834623616,57.44048260338845,2.6281580294111464,True,False,True,False,True,0.0,0.0,0.0,0.0,0.0,0,0.9677930576146416,0.9500536782373088,False,False,False,False,-0.0731258848996774,-0.07241595553361549,False,False,False,False,-3626.0,-4682.640610787283,False,False,False,False,128.5762318511718,False,False,False,False
2025-08-25 19:00:00+00:00,43.77,43.855,42.99,42.99,300.0,43.42940614741868,44.96948667711598,42.61343681085666,45.04402080952875,44.48294367919348,42.32874239027918,41.36379058915919,40.437479590771495,38.931769277395325,38.36797223015987,36.16858953998279,35.40504200448267,35.003984415019936,34.94250951682244,34.17655335543037,33.36829720067626,30.95914517247225,30.486692790045524,27.435399397647178,44.48294367919348,40.437479590771495,38.931769277395325,30.95914517247225,44.96948667711598,44.199446412267335,37.148021692348436,"rgba(38, 166, 154, 0.75)",2.3543729200885806,42.550075662454155,0.1868541443847796,53.66343226421088,2.6281580294111464,True,False,True,False,False,0.0,0.0,0.0,0.0,0.0,0,0.9578252032520326,0.9505589430894306,False,False,False,False,-0.09834935112220117,-0.08538265332790833,False,False,False,False,-3926.0,-4670.909748604534,False,False,False,False,131.2339646906885,False,False,False,False
2025-08-26 14:00:00+00:00,43.55,44.2,43.55,44.11,0.0,43.42940614741868,44.96948667711598,42.61343681085666,45.04402080952875,44.48294367919348,42.32874239027918,41.36379058915919,40.437479590771495,38.931769277395325,38.36797223015987,36.16858953998279,35.40504200448267,35.003984415019936,34.94250951682244,34.17655335543037,33.36829720067626,30.95914517247225,30.486692790045524,27.435399397647178,44.48294367919348,40.437479590771495,38.931769277395325,30.95914517247225,44.96948667711598,44.199446412267335,37.148021692348436,"rgba(38, 166, 154, 0.75)",2.3576934292451788,42.550075662454155,0.6616315413175909,55.489080728844684,2.6281580294111464,True,False,True,False,False,0.0,0.0,0.0,0.0,0.0,0,0.959514577773302,0.9410846467596552,False,False,False,False,-0.06480185498126853,-0.07509225415458842,False,False,False,False,-3926.0,-4659.360760254076,False,False,False,False,129.19932957920497,False,False,False,False
2025-08-26 15:00:00+00:00,44.11,44.2,43.83,43.88,0.0,43.42940614741868,44.96948667711598,42.61343681085666,45.04402080952875,44.48294367919348,42.32874239027918,41.36379058915919,40.437479590771495,38.931769277395325,38.36797223015987,36.16858953998279,35.40504200448267,35.003984415019936,34.94250951682244,34.17655335543037,33.36829720067626,30.95914517247225,30.486692790045524,27.435399397647178,44.48294367919348,40.437479590771495,38.931769277395325,30.95914517247225,44.96948667711598,44.199446412267335,37.148021692348436,"rgba(38, 166, 154, 0.75)",2.3626213530012046,42.550075662454155,0.5629020223052091,55.66318257710472,2.6281580294111464,True,False,True,False,False,0.0,0.0,0.0,0.0,0.0,1,0.9641849687688899,0.9401571630062457,False,False,False,False,-0.054455440240273684,-0.06477384719743105,False,False,False,False,-3926.0,-4647.990825986571,False,False,False,False,127.19623919813202,False,False,False,False
2025-08-26 16:00:00+00:00,43.88,44.095,43.825,44.045,0.0,43.42940614741868,44.96948667711598,42.61343681085666,45.04402080952875,44.48294367919348,42.32874239027918,41.36379058915919,40.437479590771495,38.931769277395325,38.36797223015987,36.16858953998279,35.40504200448267,35.003984415019936,34.94250951682244,34.17655335543037,33.36829720067626,30.95914517247225,30.486692790045524,27.435399397647178,44.48294367919348,40.437479590771495,38.931769277395325,30.95914517247225,44.96948667711598,44.199446412267335,37.148021692348436,"rgba(38, 166, 154, 1.0)",2.363954828763024,42.550075662454155,0.6323827847117065,56.37971659791186,2.6281580294111464,True,False,True,False,True,0.0,0.0,0.0,0.0,0.0,0,0.9639274495896242,0.9479177221602997,False,False,False,False,-0.058518592026187644,-0.06164621961180935,False,False,False,False,-3926.0,-4636.797169769724,False,False,False,False,125.22420448188191,False,False,False,False
2025-08-26 17:00:00+00:00,44.095,44.42,43.62,43.795,50.0,43.45149671522422,44.959547923942566,42.646478081058724,45.038342289276976,44.480937624303884,42.33170658646031,41.36732126899018,40.441137449160514,38.93502293181031,38.37129038847506,36.17146056851435,35.40740443719049,35.00629698985581,34.94481822658076,34.1788922516034,33.37067874019767,30.961608982337374,30.489167644350943,27.43783167249092,44.480937624303884,40.441137449160514,38.93502293181031,30.961608982337374,44.959547923942566,44.205522319583395,37.1517880078034,"rgba(38, 166, 154, 1.0)",2.3615230197845967,42.552612853972214,0.5260957168823663,55.599996733325725,2.6281580294111464,True,False,True,False,True,0.0,0.0,0.0,0.0,0.0,0,0.9615908059882052,0.9424870205151464,False,False,False,False,-0.05408615386922114,-0.057866186740515246,False,False,False,False,-3976.0,-4626.552252408953,False,False,False,False,124.0579377457287,False,False,False,False
2025-08-26 18:00:00+00:00,43.77,44.19,43.74,43.995,0.0,43.45149671522422,44.959547923942566,42.646478081058724,45.038342289276976,44.480937624303884,42.33170658646031,41.36732126899018,40.441137449160514,38.93502293181031,38.37129038847506,36.17146056851435,35.40740443719049,35.00629698985581,34.94481822658076,34.1788922516034,33.37067874019767,30.961608982337374,30.489167644350943,27.43783167249092,44.480937624303884,40.441137449160514,38.93502293181031,30.961608982337374,44.959547923942566,44.205522319583395,37.1517880078034,"rgba(38, 166, 154, 1.0)",2.357470300176824,42.552612853972214,0.611836826075644,55.9299257323554,2.6281580294111464,True,False,True,False,True,0.0,0.0,0.0,0.0,0.0,0,0.9621017665710406,0.9456942976496046,False,False,False,False,-0.05814913683907359,-0.05800766178979442,False,False,False,False,-3976.0,-4616.466170976256,False,False,False,False,122.13455886594996,False,False,False,False
2025-08-26 19:00:00+00:00,43.995,44.69,43.845,44.13,200.0,43.564177029992685,44.93198418627817,42.788707298720844,45.0218053727515,44.47712705761316,42.34547026908934,41.38285343091909,40.45684221276008,38.948711807353696,38.385180500486726,36.1833314900697,35.41714691388725,35.015821279879546,34.954324752691676,34.18850136665613,33.38044314514194,30.971664688648577,30.499261322082607,27.4477165529007,44.47712705761316,40.45684221276008,38.948711807353696,30.971664688648577,44.93198418627817,44.248080608135425,37.16852408597957,"rgba(38, 166, 154, 1.0)",2.3574196039714224,42.56799076173337,0.6625927924053898,56.734726250626736,3.3118025515726046,True,False,True,False,True,0.018948762928040708,0.0,0.0,0.0,0.0,1,0.9620957633492107,0.9437452995738276,False,False,False,False,-0.035822850343525836,-0.046915256066660124,False,False,False,False,-3776.0,-4603.435687705306,False,False,False,False,123.34177500756314,False,False,False,False
2025-08-27 14:00:00+00:00,44.13,44.13,43.36,43.98,301.0,43.61094324540368,44.872973769525494,42.91248410174881,44.98636225191589,44.462978527092766,42.361492340200755,41.40267759636577,40.47775856967897,38.96763419782222,38.404542972277106,36.20024931950265,35.43110728880451,35.029499657747444,34.96798201590361,34.20235569229004,33.394566762672035,30.986315706748776,30.51398421573018,27.46221860991056,44.462978527092766,40.47775856967897,38.96763419782222,30.986315706748776,44.872973769525494,44.24195850746459,37.186129989788945,"rgba(38, 166, 154, 1.0)",2.357416172212407,42.57398974412021,0.5964200434581142,56.33595253707588,3.3118025515726046,True,False,True,False,True,0.0,0.0,0.0,0.0,0.0,1,0.9548699515750588,0.9508761419799306,False,False,False,False,-0.07442161457705126,-0.060668435321855695,False,False,False,False,-4077.0,-4595.273894097471,False,False,False,False,126.0961660927172,False,False,False,False
2025-08-27 15:00:00+00:00,43.98,44.41,43.965,44.41,250.0,43.695761209593336,44.8470928591589,43.03442757290914,44.96898846055491,44.45942404124584,42.37844970371959,41.42183715319663,40.49718474481136,38.98464783843888,38.42181267617262,36.215048514221344,35.44327086180042,35.04139285665209,34.97985322494663,34.214355233001065,33.40676016313072,30.99887360014328,30.52658973710077,27.47456616990606,44.45942404124584,40.49718474481136,38.98464783843888,30.99887360014328,44.8470928591589,44.27142703437612,37.2039695618795,"rgba(38, 166, 154, 1.0)",2.3513015506271358,42.58894170121747,0.7744894729886155,58.06009656787638,5.009241729887563,True,False,True,False,True,0.9103388924707296,0.0,0.0,0.0,0.0,1,0.9579840319361279,0.951646706586826,False,False,False,False,-0.04172294162612787,-0.05119568847399178,False,False,False,False,-3827.0,-4583.362670933169,False,False,False,False,128.0171557656983,False,False,False,False
2025-08-27 16:00:00+00:00,44.36,44.745,44.06,44.73,1040.0,43.9826245210728,44.79686345092393,43.43808723068838,44.92751525985351,44.462998771849016,42.45480909111771,41.50564006606685,40.58112919548551,39.05756457907844,38.49560414700549,36.27792916484475,35.49493810353389,35.091874060330206,35.030235093015634,34.265202049217294,33.45835389797496,31.051840379462014,30.579731516936313,27.5264998715232,44.462998771849016,40.58112919548551,39.05756457907844,31.051840379462014,44.79686345092393,44.389743985998365,37.27646779282254,"rgba(38, 166, 154, 1.0)",2.3444882017036295,42.657318414031586,0.8840656926583339,60.50610837399653,7.40778409352378,True,False,True,False,True,1.9131224501595625,0.0,0.0,0.0,0.0,1,0.9569740430259572,0.9549540450459546,False,False,False,False,-0.025871883120616033,-0.038533785797303904,False,False,False,False,-2787.0,-4555.512086887694,False,False,False,False,142.1564246685557,False,False,False,False
2025-08-27 17:00:00+00:00,44.73,44.73,44.3,44.49,0.0,43.9826245210728,44.79686345092393,43.43808723068838,44.92751525985351,44.462998771849016,42.45480909111771,41.50564006606685,40.58112919548551,39.05756457907844,38.49560414700549,36.27792916484475,35.49493810353389,35.091874060330206,35.030235093015634,34.265202049217294,33.45835389797496,31.051840379462014,30.579731516936313,27.5264998715232,44.462998771849016,40.58112919548551,39.05756457907844,31.051840379462014,44.79686345092393,44.389743985998365,37.27646779282254,"rgba(38, 166, 154, 1.0)",2.3357905215065737,42.657318414031586,0.784608709168982,60.424097998254354,7.4111252082365695,True,False,True,False,True,1.1246076468709525,0.0,0.0,0.0,0.0,0,0.969832629597599,0.9510606908480437,False,False,False,False,-0.017583405343071817,-0.02805859557018786,False,False,False,False,-2787.0,-4528.093294842923,False,False,False,False,139.95244909229902,False,False,False,False
2025-08-27 18:00:00+00:00,44.485,44.92,44.435,44.78,0.0,43.9826245210728,44.79686345092393,43.43808723068838,44.92751525985351,44.462998771849016,42.45480909111771,41.50564006606685,40.58112919548551,39.05756457907844,38.49560414700549,36.27792916484475,35.49493810353389,35.091874060330206,35.030235093015634,34.265202049217294,33.45835389797496,31.051840379462014,30.579731516936313,27.5264998715232,44.462998771849016,40.58112919548551,39.05756457907844,31.051840379462014,44.79686345092393,44.389743985998365,37.27646779282254,"rgba(38, 166, 154, 1.0)",2.3243263094480486,42.657318414031586,0.9132459488756045,61.64765480651362,8.687470201161801,True,False,True,False,True,2.046785150641554,0.0,0.0,0.0,0.0,0,0.9689021915584418,0.9420657467532465,False,False,False,False,-0.0056151253944009116,-0.016836860482294387,False,False,False,False,-2787.0,-4501.099600349234,False,False,False,False,137.7826436800153,False,False,False,False
2025-08-27 19:00:00+00:00,44.77,44.81,44.57,44.75,0.0,43.9826245210728,44.79686345092393,43.43808723068838,44.92751525985351,44.462998771849016,42.45480909111771,41.50564006606685,40.58112919548551,39.05756457907844,38.49560414700549,36.27792916484475,35.49493810353389,35.091874060330206,35.030235093015634,34.265202049217294,33.45835389797496,31.051840379462014,30.579731516936313,27.5264998715232,44.462998771849016,40.58112919548551,39.05756457907844,31.051840379462014,44.79686345092393,44.389743985998365,37.27646779282254,"rgba(38, 166, 154, 1.0)",2.309217542298094,42.657318414031586,0.9062297283112674,62.22609605752508,9.360259149472412,True,False,True,False,True,1.9453952869262743,0.0,0.0,0.0,0.0,0,0.9680520934018417,0.948262705397568,False,False,False,False,-0.0046945987872714446,-0.010765729634782915,False,False,False,False,-2787.0,-4474.52441274692,False,False,False,False,135.6464786617205,False,False,False,False
2025-08-28 14:00:00+00:00,45.86,47.38,45.86,47.305,100.0,44.07633638543711,44.82598296664301,43.52539511862092,44.94411984209313,44.478590212867935,42.469879147515506,41.51953704426237,40.593704851914296,39.067434932620465,38.50532464786821,36.28562680842798,35.50115450951618,35.097896713182095,35.036238424456066,34.27117362781993,33.464332982059744,31.05779182035217,30.585673473537085,27.532161499309957,44.478590212867935,40.593704851914296,39.067434932620465,31.05779182035217,44.82598296664301,44.451159676040064,37.29035503861318,"rgba(38, 166, 154, 1.0)",2.313102686011935,42.68119664491782,1.998961560610251,68.90386423038083,15.545266507636143,True,False,True,False,True,9.442692063983504,0.0,0.0,0.0,0.0,0,0.9707494518636637,0.9339246561690248,False,False,False,False,0.1383061282718133,0.06377019931851519,False,False,False,False,-2687.0,-4446.810855960146,False,False,False,False,135.09382007781784,False,False,False,False
2025-08-28 15:00:00+00:00,47.305,47.305,46.975,46.98,420.0,44.439861031244014,44.9531748158071,43.87114963784867,45.019184045156265,44.54827607778272,42.535445210883445,41.579699000814784,40.647967904329846,39.109880236753995,38.54706414280035,36.318561589468054,35.527736075299345,35.12363631251788,35.061893359151235,34.29666658772897,33.48983307854245,31.083115516802525,30.61094741173496,27.556197098599064,44.54827607778272,40.647967904329846,39.109880236753995,31.083115516802525,44.9531748158071,44.69651792352556,37.34866195801263,"rgba(38, 166, 154, 1.0)",2.313863914800481,42.7814816628441,1.8145053001174116,71.47191079706062,17.675485405154845,True,False,True,False,True,8.332651905388353,0.0,0.0,0.0,0.0,0,0.983356587602153,0.9307354993023718,False,False,False,False,0.17756682962753234,0.12066851447302376,False,False,False,False,-3107.0,-4426.038594627431,False,False,False,False,139.51097015413075,False,False,False,False
2025-08-28 16:00:00+00:00,46.98,47.395,46.98,47.275,275.0,44.6433306687983,45.03359603789836,44.071109903644135,45.06846299165511,44.59415624609228,42.578573486548976,41.61930467552376,40.683716101666974,39.13787820561122,38.57458700821944,36.3402764675337,35.54526969434154,35.14061232233615,35.07881310089054,34.31347263479209,33.50663705659078,31.09978754412203,30.62758416609894,27.57200725010626,44.59415624609228,40.683716101666974,39.13787820561122,31.09978754412203,45.03359603789836,44.83846335334833,37.385426403280825,"rgba(38, 166, 154, 1.0)",2.3244228926302064,42.843782153452175,1.9063733456581426,73.695106224939,19.548008597658523,True,False,True,False,True,9.134600499066156,0.0,0.0,0.0,0.0,0,0.9811263777744226,0.9374402335296187,False,False,False,False,0.18117849691784751,0.15092350569543564,False,False,False,False,-2832.0,-4401.324817966541,False,False,False,False,141.61157526802018,False,False,False,False
2025-08-28 17:00:00+00:00,47.275,47.535,47.125,47.235,0.0,44.6433306687983,45.03359603789836,44.071109903644135,45.06846299165511,44.59415624609228,42.578573486548976,41.61930467552376,40.683716101666974,39.13787820561122,38.57458700821944,36.3402764675337,35.54526969434154,35.14061232233615,35.07881310089054,34.31347263479209,33.50663705659078,31.09978754412203,30.62758416609894,27.57200725010626,44.59415624609228,40.683716101666974,39.13787820561122,31.09978754412203,45.03359603789836,44.83846335334833,37.385426403280825,"rgba(38, 166, 154, 1.0)",2.3309091332325633,42.843782153452175,1.8839077782744682,74.91934080794815,20.591273396818167,True,False,True,False,True,8.99480355803507,0.0,0.0,0.0,0.0,0,0.9849578516985513,0.9333703498056631,False,False,False,False,0.19204200511640607,0.17148275540592084,False,False,False,False,-2832.0,-4376.994200633726,False,False,False,False,139.4160469692912,False,False,False,False
2025-08-28 18:00:00+00:00,47.235,47.74,47.235,47.65,0.0,44.6433306687983,45.03359603789836,44.071109903644135,45.06846299165511,44.59415624609228,42.578573486548976,41.61930467552376,40.683716101666974,39.13787820561122,38.57458700821944,36.3402764675337,35.54526969434154,35.14061232233615,35.07881310089054,34.31347263479209,33.50663705659078,31.09978754412203,30.62758416609894,27.57200725010626,44.59415624609228,40.683716101666974,39.13787820561122,31.09978754412203,45.03359603789836,44.83846335334833,37.385426403280825,"rgba(38, 166, 154, 1.0)",2.331908824496652,42.843782153452175,2.061065937080648,76.51700788087047,22.08647579722978,True,False,True,False,True,10.135815070902794,0.0,0.0,0.0,0.0,0,0.9831839693887827,0.9298660759238743,False,False,False,False,0.20410147293055841,0.18779211416823963,False,False,False,False,-2832.0,-4353.040802174289,False,False,False,False,137.2545578689921,False,False,False,False
2025-08-28 19:00:00+00:00,47.65,47.82,47.425,47.55,200.0,44.792837507378366,45.09819899244333,44.21804693466639,45.10906108748562,44.63125859371783,42.61198398171876,41.64970136417556,40.71097603043505,39.15907544743149,38.59537330308057,36.35656711162559,35.55840432951379,35.15331786495595,35.09147481214032,34.326028501849294,33.51917181101989,31.112177653531994,30.63994059299008,27.583712664975522,44.63125859371783,40.71097603043505,39.15907544743149,31.112177653531994,45.09819899244333,44.94551824991085,37.413310122665514,"rgba(38, 166, 154, 1.0)",2.3268924778775655,42.891808119209266,2.0018939100441893,76.85633020733613,22.50350978398764,True,False,True,False,True,9.775478801891541,0.0,0.0,0.0,0.0,0,0.9843569236959913,0.9303857954831242,False,False,False,False,0.21448484279042945,0.20113847847933453,False,False,False,False,-3032.0,-4332.5595494274,False,False,False,False,138.22735542141083,False,False,False,False
2025-08-29 14:00:00+00:00,44.46,44.46,42.91,42.91,550.0,44.62597231475313,44.989913623871225,44.13670528873107,45.03795396910781,44.59169065535912,42.62662744969881,41.674202013871486,40.74010240959941,39.188277885604315,38.62578522596349,36.384589702014175,35.58191324290211,35.17645727497554,35.11459262882576,34.34962062009219,33.543348011464474,31.13755712562016,30.66549202444923,27.609137425279588,44.59169065535912,40.74010240959941,39.188277885604315,31.13755712562016,44.989913623871225,44.80794296931218,37.422591350209345,"rgba(38, 166, 154, 0.75)",2.3047858550931433,42.865280070445614,0.019403073589487674,61.8915077389177,17.516962129587085,True,False,True,False,False,0.0,0.0,0.0,0.0,0.0,0,0.9678388065484842,0.9414414414414412,False,False,False,False,-0.0788660375791447,0.06113622045009491,False,False,False,False,-3582.0,-4320.922967265735,False,False,False,False,144.6114274303812,False,False,False,False
2025-08-29 15:00:00+00:00,42.91,43.515,42.91,42.96,0.0,44.62597231475313,44.989913623871225,44.13670528873107,45.03795396910781,44.59169065535912,42.62662744969881,41.674202013871486,40.74010240959941,39.188277885604315,38.62578522596349,36.384589702014175,35.58191324290211,35.17645727497554,35.11459262882576,34.34962062009219,33.543348011464474,31.13755712562016,30.66549202444923,27.609137425279588,44.59169065535912,40.74010240959941,39.188277885604315,31.13755712562016,44.989913623871225,44.80794296931218,37.422591350209345,#000000,2.2729321301939627,42.865280070445614,0.04167301271169227,52.075418081860505,9.271949001694203,False,False,False,False,False,0.0,0.0,0.0,0.0,0.0,0,0.964485890993429,0.9497004252029376,False,False,False,False,-0.11398906368702302,-0.026426421618464056,False,False,False,False,-3582.0,-4309.466797230607,False,False,False,False,142.36938979580165,False,False,False,False
2025-08-29 16:00:00+00:00,42.96,43.31,42.935,43.24,2.0,44.6253222345542,44.989483042863874,44.13634099258982,45.037665642207706,44.591519865440496,42.626662418439494,41.6742765884555,40.74019684885831,39.18837675317457,38.6258890503876,36.3846873776426,35.581995594378604,35.176538486964205,35.11467378697567,34.34970368834172,33.54343335817872,31.137647237731233,30.665582826803856,27.609228183611318,44.591519865440496,40.74019684885831,39.18837675317457,31.137647237731233,44.989483042863874,44.807402638709036,37.42261286471655,"rgba(239, 83, 80, 1.0)",2.2267433700441623,42.86515916900915,0.16833589179314426,46.49226513738183,4.964739093535208,False,True,False,True,False,0.0,0.0,0.0,0.0,0.0,0,0.9709610061671444,0.9514398096440535,False,False,False,False,-0.12070838968418965,-0.07356740565132686,False,False,False,False,-3580.0,-4298.1572344828455,False,False,False,False,140.1931201865644,False,False,False,False
2025-08-29 17:00:00+00:00,43.24,43.24,42.66,43.04,300.0,44.522596600763094,44.920915605095544,44.074974939560114,44.99130441857554,44.56315802338769,42.630092769381804,41.684022732550424,40.75322325184655,39.202475850500335,38.640787463692085,36.39891500739449,35.59403250299646,35.18842488740853,35.126554585460646,34.36188970052965,33.555976757615774,31.150944785467434,30.678990457491196,27.62267106674753,44.56315802338769,40.75322325184655,39.202475850500335,31.150944785467434,44.920915605095544,44.72175610292932,37.4246140706239,"rgba(239, 83, 80, 1.0)",2.195356549259819,42.84449094608541,0.0890557180702646,42.37978197803865,1.7412088351248087,False,True,False,True,False,0.0,0.0,0.0,0.0,0.0,0,0.9684678159254432,0.9449997585590802,False,False,False,False,-0.13361801114166488,-0.10359270839649587,False,False,False,False,-3880.0,-4291.674176583887,False,False,False,False,142.67074623018357,False,False,False,False
2025-08-29 18:00:00+00:00,43.04,43.35,42.955,43.35,50.0,44.509164435290074,44.91128779310865,44.06746449237243,44.98467153011597,44.559224867415374,42.631043046535936,41.685929087354836,40.755610397743055,39.20496312720905,38.64339646551004,36.401365972526705,35.59609945978574,35.19046292489208,35.1285912163069,34.363973432338575,33.55811687132327,31.15320273557369,30.681265465360855,27.624943996533315,44.559224867415374,40.755610397743055,39.20496312720905,31.15320273557369,44.91128779310865,44.71022611419936,37.425313240523394,"rgba(239, 83, 80, 1.0)",2.16483456913255,42.84196530156612,0.2346759912640583,40.83761379275135,0.5477302506797699,False,True,False,True,False,0.0,0.0,0.0,0.0,0.0,0,0.9788182831661095,0.9437254616838736,False,False,False,False,-0.11846743845361411,-0.111030073425055,False,False,False,False,-3830.0,-4284.516437412044,False,False,False,False,141.23399047467683,False,False,False,False
2025-08-29 19:00:00+00:00,43.35,43.86,43.22,43.58,850.0,44.36675314052001,44.79219356170037,44.00077572613052,44.899083245398046,44.511581503770564,42.65569468465353,41.72455688860768,40.80092153649754,39.25027086551111,38.69051358908358,36.444798869257255,35.632603881629706,35.22639117315555,35.16448502801919,34.4005820257088,33.59561095321736,31.192521238233798,30.720844749353986,27.664310632581632,44.511581503770564,40.80092153649754,39.25027086551111,31.192521238233798,44.79219356170037,44.579473351110195,37.445620387694696,"rgba(239, 83, 80, 1.0)",2.152641124481834,42.82075484995171,0.3527040069119955,40.7146813592608,0.2718477467601872,False,True,False,True,False,0.0,0.0,0.0,0.0,0.0,0,0.9911452758587138,0.9310596477571272,False,False,False,False,-0.0896199218353245,-0.10032499763018975,False,False,False,False,-2980.0,-4264.291376366897,False,False,False,False,152.222610777395,False,False,False,False
