date,Open,High,Low,Close,Volume,aVWAP_peak_868,aVWAP_peak_849,aVWAP_peak_848,aVWAP_peak_809,aVWAP_peak_808,aVWAP_peak_741,aVWAP_peak_690,aVWAP_peak_665,aVWAP_peak_645,aVWAP_peak_621,aVWAP_peak_595,aVWAP_peak_578,aVWAP_valley_856,aVWAP_valley_816,aVWAP_valley_800,aVWAP_valley_799,aVWAP_valley_780,aVWAP_valley_725,aVWAP_valley_709,aVWAP_valley_704,aVWAP_valley_678,aVWAP_valley_658,aVWAP_valley_655,aVWAP_valley_601,aVWAP_valley_584,aVWAP_valley_526,aVWAP_valley_482,aVWAP_valley_463,aVWAP_valley_444,aVWAP_valley_415,aVWAP_valley_367,aVWAP_valley_318,aVWAP_valley_259,aVWAP_valley_258,aVWAP_OB_bull_856,aVWAP_OB_bull_482,aVWAP_OB_bull_367,aVWAP_OB_bear_741,Peaks_avg,Valleys_avg,color,StDev,StDev_Mean,StdDev_ZScore,QQEMOD,QQE1_Value,QQE1_Above_Upper,QQE1_Below_Lower,QQE2_Above_Threshold,QQE2_Below_Threshold,QQE2_Above_TL,banker_RSI,OB,OB_High,OB_Low,OB_Mitigated_Index,TTM_squeeze_Active,VI_plus,VI_minus,VI_Regular_Bullish,VI_Regular_Bearish,VI_Hidden_Bullish,VI_Hidden_Bearish,Fisher,Fisher_Signal,Fisher_Regular_Bullish,Fisher_Regular_Bearish,Fisher_Hidden_Bullish,Fisher_Hidden_Bearish,OBV,OBV_Smoothed,OBV_Regular_Bullish,OBV_Regular_Bearish,OBV_Hidden_Bullish,OBV_Hidden_Bearish,Volume_MA,Vol_Regular_Bullish,Vol_Regular_Bearish,Vol_Hidden_Bullish,Vol_Hidden_Bearish
2025-02-07 15:00:00+00:00,14.33,14.355,14.245,14.28,1000.0,,,,,,,,,,,,,,,,,,,,,,,,,,,,,,,,,,,,,,,,,#000000,,,,,,False,False,False,False,False,,0.0,0.0,0.0,0.0,0,,,False,False,False,False,,,False,False,False,False,0.0,0.0,False,False,False,False,1000.0,False,False,False,False
2025-02-07 16:00:00+00:00,14.28,14.295,14.205,14.22,0.0,,,,,,,,,,,,,,,,,,,,,,,,,,,,,,,,,,,,,,,,,"rgba(239, 83, 80, 0.5)",,,,0.0,,False,False,False,True,False,,0.0,0.0,0.0,0.0,0,,,False,False,False,False,,,False,False,False,False,0.0,0.0,False,False,False,False,984.4961240310078,False,False,False,False
2025-02-07 17:00:00+00:00,14.22,14.285,14.21,14.265,200.0,,,,,,,,,,,,,,,,,,,,,,,,,,,,,,,,,,,,,,,,,"rgba(239, 83, 80, 0.5)",,,,15.254237288135757,-72.88135593220363,False,False,False,True,True,,0.0,0.0,0.0,0.0,0,,,False,False,False,False,,,False,False,False,False,200.0,3.10077519379845,False,False,False,False,972.3333934258758,False,False,False,False
2025-02-07 18:00:00+00:00,14.27,14.305,14.255,14.265,100.0,,,,,,,,,,,,,,,,,,,,,,,,,,,,,,,,,,,,,,,,,"rgba(239, 83, 80, 0.5)",,,,25.423728813559595,-62.20338983050861,False,False,False,True,True,,0.0,0.0,0.0,0.0,0,,,False,False,False,False,,,False,False,False,False,200.0,6.15347635358452,False,False,False,False,958.8088446905908,False,False,False,False
2025-02-07 19:00:00+00:00,14.265,14.335,14.265,14.275,200.0,,,,,,,,,,,,,,,,,,,,,,,,,,,,,,,,,,,,,,,,,"rgba(239, 83, 80, 0.5)",,,,34.264966714123545,-52.41576724542476,False,False,False,True,True,,0.0,0.0,0.0,0.0,0,,,False,False,False,False,,,False,False,False,False,400.0,12.259624007017319,False,False,False,False,947.0443664783336,False,False,False,False
2025-02-07 20:00:00+00:00,14.275,14.305,14.275,14.295,100.0,,,,,,,,,,,,,,,,,,,,,,,,,,,,,,,,,,,,,,,,,"rgba(239, 83, 80, 0.5)",,,,43.429624278777496,-42.09465988076155,False,False,False,True,True,,0.0,0.0,0.0,0.0,0,,,False,False,False,False,,,False,False,False,False,500.0,19.821490301482164,False,False,False,False,933.9118956802198,False,False,False,False
2025-02-10 15:00:00+00:00,14.485,14.535,14.425,14.505,300.0,,,,,,,,,,,,,,,,,,,,,,,,,,,,,,,,,,,,,,,,,"rgba(38, 166, 154, 0.5)",,,,58.55037659532478,-26.3248835574815,False,False,True,False,True,,0.0,0.0,0.0,0.0,0,,,False,False,False,False,,,False,False,False,False,800.0,31.9172811495212,False,False,False,False,924.0838042743248,False,False,False,False
2025-02-10 16:00:00+00:00,14.51,14.595,14.485,14.56,10.0,,,,,,,,,,,,,,,,,,,,,,,,,,,,,,,,,,,,,,,,,"rgba(38, 166, 154, 0.5)",,,,69.2749008159131,-14.862425988530795,False,False,True,False,True,,0.0,0.0,0.0,0.0,0,,,False,False,False,False,,,False,False,False,False,810.0,43.98057911619529,False,False,False,False,909.911962347591,False,False,False,False
2025-02-10 17:00:00+00:00,14.56,14.6,14.555,14.565,500.0,,,,,,,,,,,,,,,,,,,,,,,,,,,,,,,,,,,,,,,,,"rgba(38, 166, 154, 0.5)",,,,76.47815114889619,-6.5417302737163325,False,False,True,False,True,,0.0,0.0,0.0,0.0,0,,,False,False,False,False,,,False,False,False,False,1310.0,63.60878719191319,False,False,False,False,903.5567381251478,False,False,False,False
2025-02-10 18:00:00+00:00,14.565,14.575,14.52,14.53,10.0,,,,,,,,,,,,,,,,,,,,,,,,,,,,,,,,,,,,,,,,,"rgba(38, 166, 154, 0.5)",,,,77.6433725122105,-3.4570707454568677,False,False,True,False,True,,0.0,0.0,0.0,0.0,0,,,False,False,False,False,,,False,False,False,False,1300.0,82.77764320444166,False,False,False,False,889.7031452859982,False,False,False,False
2025-02-10 19:00:00+00:00,14.525,14.595,14.525,14.585,210.0,,,,,,,,,,,,,,,,,,,,,,,,,,,,,,,,,,,,,,,,,"rgba(38, 166, 154, 0.5)",,,,79.58889262218506,0.7663555093918148,False,False,True,False,True,,0.0,0.0,0.0,0.0,0,,,False,False,False,False,,,False,False,False,False,1510.0,104.9051216043728,False,False,False,False,879.1651120257502,False,False,False,False
2025-02-10 20:00:00+00:00,14.585,14.595,14.56,14.585,1012.0,,,,,,,,,,,,,,,,,,,,,,,,,,,,,,,,,,,,,,,,,"rgba(38, 166, 154, 0.5)",,,,80.88590602883477,4.544428992607735,False,False,True,False,True,,0.0,0.0,0.0,0.0,0,,,False,False,False,False,,,False,False,False,False,1510.0,126.68953832368484,False,False,False,False,881.2245676532578,False,False,False,False
2025-02-11 15:00:00+00:00,14.745,14.745,14.665,14.705,600.0,,,,,,,,,,,,,,,,,,,,,,,,,,,,,,,,,,,,,,,,,"rgba(38, 166, 154, 0.5)",,,,83.54518883389099,9.579321047609781,False,False,True,False,True,,0.0,0.0,0.0,0.0,0,,,False,False,False,False,,,False,False,False,False,2110.0,157.4385377295192,False,False,False,False,876.8644968369283,False,False,False,False
2025-02-11 16:00:00+00:00,14.695,14.755,14.69,14.75,2222.0,,,,,,,,,,,,,,,,,,,,,,,,,,,,,,,,,,,,,,,,,"rgba(38, 166, 154, 0.5)",,,,85.766720846434,14.057724490315067,False,False,True,False,True,,0.0,0.0,0.0,0.0,0,,,False,False,False,False,,,False,False,False,False,4332.0,222.16042086549567,False,False,False,False,897.7193108394565,False,False,False,False
2025-02-11 17:00:00+00:00,14.75,14.765,14.725,14.745,0.0,,,,,,,,,,,,,,,,,,,,,,,,,,,,,,,,,,,,,,,,,"rgba(38, 166, 154, 0.5)",,,,86.80018766641489,17.300602197846487,False,False,True,False,True,,0.0,0.0,0.0,0.0,0,,,False,False,False,False,,,False,False,False,False,4332.0,285.8788639528523,False,False,False,False,883.8011819892323,False,False,False,False
2025-02-11 18:00:00+00:00,14.75,14.785,14.735,14.765,285.0,,,,,,,,,,,,,,,,,,,,,,,,,,,,,,,,,,,,,,,,,"rgba(38, 166, 154, 0.5)",,14.761666666666667,,87.72211259436358,20.324341019775375,False,False,True,False,True,,0.0,0.0,0.0,0.0,0,,,False,False,False,False,,,False,False,False,False,4617.0,353.02802885280806,False,False,False,False,874.5174427335853,False,False,False,False
2025-02-11 19:00:00+00:00,14.765,14.78,14.745,14.775,900.0,,,,,,,,,,,,,,,,,,,,,,,,,,,,,,,,,,,,,,,,,"rgba(38, 166, 154, 0.5)",,14.765464135021098,,88.45534824914706,23.02532486421137,False,False,True,False,True,,0.0,0.0,0.0,0.0,0,,,False,False,False,False,,,False,False,False,False,5517.0,433.0896098008265,False,False,False,False,874.9125211408166,False,False,False,False
2025-02-11 20:00:00+00:00,14.775,14.775,14.735,14.745,945.0,,,,,,,,,,,,,,,,,,,,,,,,,,,,,,,,,,,,,,,,,"rgba(38, 166, 154, 0.5)",,14.759342723004696,,85.85014000692954,23.02532486421137,False,False,True,False,True,,0.0,0.0,0.0,0.0,0,,,False,False,False,False,,,False,False,False,False,4572.0,497.2587631372478,False,False,False,False,875.9991487200286,False,False,False,False
2025-02-12 15:00:00+00:00,14.565,14.585,14.505,14.515,500.0,,,,,,,,,,,,,,,,,,,,,,,,,,,,,,,,,,,,,,,,,"rgba(38, 166, 154, 0.5)",,14.716692015209127,,71.45328591870744,35.12013145298266,False,False,True,False,False,,0.0,0.0,0.0,0.0,0,,,False,False,False,False,,,False,False,False,False,4072.0,552.6811078948099,False,False,False,False,870.1697045538267,False,False,False,False
2025-02-12 16:00:00+00:00,14.515,14.575,14.49,14.52,701.0,,,,,,,,,,,,,,,,,,,,,,,,,,,,,,,,,,,,,,,,,"rgba(38, 166, 154, 0.5)",,14.677052436705694,,62.073037877111254,26.037065499386486,False,False,True,False,False,,0.0,0.0,0.0,0.0,0,,,False,False,False,False,,,False,False,False,False,4773.0,618.1124085476035,False,False,False,False,867.5469184367131,False,False,False,False
2025-02-12 17:00:00+00:00,14.525,14.535,14.42,14.46,13099.0,,,,,,,,,,,,,,,,,,,,,,,,,,,,,,,,,,,,,,,,,#000000,,14.513306350172448,,53.895783504339235,18.309171995320668,False,False,False,False,False,,0.0,0.0,0.0,0.0,0,,,False,False,False,False,,,False,False,False,False,-8326.0,479.44399911275696,False,False,False,False,1057.1818499338183,False,False,False,False
2025-02-12 18:00:00+00:00,14.46,14.46,14.395,14.415,296.0,,,,,,,,,,,,,,,,,,,,,,,,,,,,,,,,,,,,,,,,,"rgba(239, 83, 80, 0.5)",,14.51171409781179,,47.17958076848464,11.975644949384247,False,False,False,True,False,,0.0,0.0,0.0,0.0,0,,,False,False,False,False,,,False,False,False,False,-8622.0,338.336340211784,False,False,False,False,1045.3805809425965,False,False,False,False
2025-02-12 19:00:00+00:00,14.41,14.425,14.385,14.405,300.0,,,,,,,,,,,,,,,,,,,,,,,,,,,,,,,,,,,,,,,,,"rgba(239, 83, 80, 0.5)",,14.509833783625044,,42.42489567142008,7.349498236337787,False,False,False,True,False,,0.0,0.0,0.0,0.0,0,,,False,False,False,False,,,False,False,False,False,-8922.0,194.76523416198884,False,False,False,False,1033.8242928659672,False,False,False,False
2025-02-12 20:00:00+00:00,14.41,14.415,14.37,14.38,1830.0,,,,,,,,,,,,,,,,,,,,,,,,,,,,,,,,,,,,,,,,,"rgba(239, 83, 80, 0.5)",,14.49804200254561,,38.54393871431721,3.3419174381200776,False,False,False,True,False,,0.0,0.0,0.0,0.0,0,,,False,False,False,False,,,False,False,False,False,-10752.0,25.047943709864967,False,False,False,False,1046.168102278898,False,False,False,False
2025-02-13 15:00:00+00:00,14.35,14.38,14.31,14.335,1515.0,,,,,,,,,,,,,,,,,,,,,,,,,,,,,,,,,,,,,,,,,"rgba(239, 83, 80, 0.5)",,14.48641230180158,,34.76612612012032,-0.7310723039227298,False,False,False,True,False,,0.0,0.0,0.0,0.0,0,,,False,False,False,False,,,False,False,False,False,-12267.0,-165.52644301431897,False,False,False,False,1053.436813871473,False,False,False,False
2025-02-13 16:00:00+00:00,14.335,14.415,14.315,14.385,1523.0,,,,,,,,,,,,,,,,,,,,,,,,,,,,,,,,,,,,,,,,,"rgba(239, 83, 80, 0.5)",,14.478430315763832,,35.32082041269044,-0.8899340197552732,False,False,False,True,False,,0.0,0.0,0.0,0.0,0,,,False,False,False,False,,,False,False,False,False,-10744.0,-329.5337849830892,False,False,False,False,1060.7168632688147,False,False,False,False
2025-02-13 17:00:00+00:00,14.385,14.405,14.36,14.365,1828.0,,,,,,,,,,,,,,,,,,,,,,,,,,,,,,,,,,,,,,,,,"rgba(239, 83, 80, 0.5)",,14.470588483264482,,35.03578878555335,-2.1547081522585216,False,False,False,True,False,,0.0,0.0,0.0,0.0,0,,,False,False,False,False,,,False,False,False,False,-12572.0,-519.3394627352893,False,False,False,False,1072.6127258537942,False,False,False,False
2025-02-13 18:00:00+00:00,14.365,14.415,14.355,14.375,1100.0,,,,,,,,,,,,,,,,,,,,,,,,,,,,,,,,,,,,,,,,,"rgba(239, 83, 80, 0.5)",,14.466647866140253,,35.48886850620298,-2.7957357854658014,False,False,False,True,False,,0.0,0.0,0.0,0.0,0,,,False,False,False,False,,,False,False,False,False,-11472.0,-689.1481532355174,False,False,False,False,1073.0373347552857,False,False,False,False
2025-02-13 19:00:00+00:00,14.375,14.395,14.36,14.395,1101.0,,,,,,,,,,,,,,,,,,,,,,,,,,,,,,,,,,,,,,,,,"rgba(239, 83, 80, 0.5)",,14.463109336625134,,37.10805438763028,-2.7957357854658014,False,False,False,True,False,,0.0,0.0,0.0,0.0,0,,,False,False,False,False,,,False,False,False,False,-10371.0,-839.2543834179123,False,False,False,False,1073.4708644490022,False,False,False,False
2025-02-13 20:00:00+00:00,14.395,14.415,14.395,14.4,1994.0,,,,,,,,,,,,,,,,,,,,,,,,,,,,,,,,,,,,,,,,,"rgba(239, 83, 80, 0.5)",,14.458839775047462,,38.52897557901842,-2.7957357854658014,False,False,False,True,False,,0.0,0.0,0.0,0.0,0,,,False,False,False,False,,,False,False,False,False,-8377.0,-956.118656543216,False,False,False,False,1087.7426339924284,False,False,False,False
2025-02-14 15:00:00+00:00,14.46,14.465,14.32,14.365,504.0,,,,,,,,,,,,,,,,,,,,,,,,,,,,,,,,,,,,,,,,,"rgba(239, 83, 80, 0.5)",,14.457500791668133,,37.83351825160221,-3.305891887954452,False,False,False,True,False,,0.0,0.0,0.0,0.0,0,,,False,False,False,False,,,False,False,False,False,-8881.0,-1078.9850339611507,False,False,False,False,1078.692360597197,False,False,False,False
2025-02-14 16:00:00+00:00,14.365,14.375,14.275,14.33,3568.0,,,,,,,,,,,,,,,,,,,,,,,,,,,,,,,,,,,,,,,,,"rgba(239, 83, 80, 0.5)",,14.442907770379401,,35.93433114531392,-5.9565922774167035,False,False,False,True,False,,0.0,0.0,0.0,0.0,0,,,False,False,False,False,,,False,False,False,False,-12449.0,-1255.2643357602026,False,False,False,False,1117.2862774871628,False,False,False,False
2025-02-14 17:00:00+00:00,14.33,14.345,14.295,14.305,881.0,,,,,,,,,,,,,,,,,,,,,,,,,,,,,,,,,,,,,,,,,"rgba(239, 83, 80, 0.5)",,14.439479515262143,,33.73918680571836,-8.737553747374811,False,False,False,True,False,,0.0,0.0,0.0,0.0,0,,,False,False,False,False,,,False,False,False,False,-13330.0,-1442.4695398569436,False,False,False,False,1113.622924347827,False,False,False,False
2025-02-14 18:00:00+00:00,14.3,14.315,14.26,14.29,1383.0,,,,,,,,,,,,,,,,,,,,,,,,,,,,,,,,,,,,,,,,,"rgba(239, 83, 80, 0.5)",,14.360855083253046,,31.734726916660517,-11.21742098883518,False,False,False,True,False,,0.0,0.0,0.0,0.0,0,,,False,False,False,False,,,False,False,False,False,-14713.0,-1648.2141981537352,False,False,False,False,1117.799313117628,False,False,False,False
2025-02-14 19:00:00+00:00,14.29,14.33,14.275,14.285,501.0,,,,,,,,,,,,,,,,,,,,,,,,,,,,,,,,,,,,,,,,,"rgba(239, 83, 80, 0.5)",,14.360977718109583,,30.21064838994031,-13.17526645220115,False,False,False,True,False,,0.0,0.0,0.0,0.0,0,,,False,False,False,False,,,False,False,False,False,-15214.0,-1858.5364586474757,False,False,False,False,1108.2365330692926,False,False,False,False
2025-02-14 20:00:00+00:00,14.285,14.305,14.275,14.29,2466.0,,,,,,,,,,,,,,,,,,,,,,,,,,,,,,,,,,,,,,,,,"rgba(239, 83, 80, 0.5)",,14.356137593495031,,29.737145257025947,-14.143593517591711,False,False,False,True,False,,0.0,0.0,0.0,0.0,0,,,False,False,False,False,,,False,False,False,False,-12748.0,-2027.3653507614683,False,False,False,False,1129.2871294558151,False,False,False,False
2025-02-17 15:00:00+00:00,14.29,14.29,14.29,14.29,0.0,,,,,,,,,,,,,,,,,,,,,,,,,,,,,,,,,,,,,,,,,"rgba(239, 83, 80, 0.5)",,14.356137593495031,,29.421476501749705,-14.989153163140386,False,False,False,True,False,,0.0,0.0,0.0,0.0,0,,,False,False,False,False,,,False,False,False,False,-12748.0,-2193.576740672143,False,False,False,False,1111.778801867353,False,False,False,False
2025-02-17 16:00:00+00:00,14.29,14.29,14.29,14.29,0.0,,,,,,,,,,,,,,,,,,,,,,,,,,,,,,,,,,,,,,,,,"rgba(239, 83, 80, 0.5)",,14.356137593495031,,29.211030664898875,-15.741259399484889,False,False,False,True,False,,0.0,0.0,0.0,0.0,0,,,False,False,False,False,,,False,False,False,False,-12748.0,-2357.211209809009,False,False,False,False,1094.5419212182467,False,False,False,False
2025-02-17 17:00:00+00:00,14.29,14.29,14.29,14.29,0.0,,,,,,,,,,,,,,,,,,,,,,,,,,,,,,,,,,,,,,,,,"rgba(239, 83, 80, 0.5)",,14.356137593495031,,29.070733440331654,-16.416097954695985,False,False,False,True,False,,0.0,0.0,0.0,0.0,0,,,False,False,False,False,,,False,False,False,False,-12748.0,-2518.308710432125,False,False,False,False,1077.5722790288164,False,False,False,False
2025-02-17 18:00:00+00:00,14.29,14.29,14.29,14.29,0.0,,,,,,,,,,,,,,,,,,,,,,,,,,,,,,,,,,,,,,,,,"rgba(239, 83, 80, 0.5)",,14.356137593495031,,28.97720195728684,-17.022909485247297,False,False,False,True,False,,0.0,0.0,0.0,0.0,0,,,False,False,False,False,,,False,False,False,False,-12748.0,-2676.9085753866657,False,False,False,False,1060.8657320671293,False,False,False,False
2025-02-17 19:00:00+00:00,14.29,14.29,14.29,14.29,0.0,,,,,,,,,,,,,,,,,,,,,,,,,,,,,,,,,,,,,,,,,"rgba(239, 83, 80, 0.5)",,14.356137593495031,,28.914847635256965,-17.567523147776974,False,False,False,True,False,,0.0,0.0,0.0,0.0,0,,,False,False,False,False,,,False,False,False,False,-12748.0,-2833.0495277062523,False,False,False,False,1044.4182013374063,False,False,False,False
2025-02-17 20:00:00+00:00,14.29,14.29,14.29,14.29,0.0,,,,,,,,,,,,,,,,,,,,,,,,,,,,,,,,,,,,,,,,,"rgba(239, 83, 80, 1.0)",,14.356137593495031,,28.87327808723705,-18.054286887593413,False,True,False,True,False,,0.0,0.0,0.0,0.0,0,,,False,False,False,False,,,False,False,False,False,-12748.0,-2986.769690067396,False,False,False,False,1028.2256710841132,False,False,False,False
2025-02-18 15:00:00+00:00,14.45,14.495,14.405,14.445,600.0,,,,,,,,,,,,,,,,,,,,,,,,,,,,,,,,,,,,,,,,,"rgba(239, 83, 80, 0.5)",,14.365927721690731,,43.38165406102874,-10.73379687776341,False,False,False,True,True,,0.0,0.0,0.0,0.0,0,,,False,False,False,False,,,False,False,False,False,-12148.0,-3128.8042685159635,False,False,False,False,1021.5865133928867,False,False,False,False
2025-02-18 16:00:00+00:00,14.445,14.505,14.445,14.485,0.0,,,,,,,,,,,,,,,,,,,,,,,,,,,,,,,,,,,,,,,,,"rgba(38, 166, 154, 1.0)",,14.365927721690731,,54.44275112884944,-1.2817216638915667,True,False,True,False,True,,0.0,0.0,0.0,0.0,0,,,False,False,False,False,,,False,False,False,False,-12148.0,-3268.636760476956,False,False,False,False,1005.7479627976481,False,False,False,False
2025-02-18 17:00:00+00:00,14.485,14.515,14.445,14.455,0.0,,,,,,,,,,,,,,,,,,,,,,,,,,,,,,,,,,,,,,,,,"rgba(38, 166, 154, 1.0)",,14.365927721690731,,58.933456901231956,1.9591184564350712,True,False,True,False,True,,0.0,0.0,0.0,0.0,0,,,False,False,False,False,,,False,False,False,False,-12148.0,-3406.3013068261503,False,False,False,False,990.1549711263667,False,False,False,False
2025-02-18 18:00:00+00:00,14.455,14.535,14.425,14.525,92.0,,,,,,,,,,,,,,,,,,,,,,,,,,,,,,,,,,,,,,,,,"rgba(38, 166, 154, 1.0)",,14.367709030944596,,64.37354944533504,6.33426126660396,True,False,True,False,True,,0.0,0.0,0.0,0.0,0,,,False,False,False,False,,,False,False,False,False,-12056.0,-3540.4051625342718,False,False,False,False,976.2300878530897,False,False,False,False
2025-02-18 19:00:00+00:00,14.52,14.535,14.495,14.515,140.0,,,,,,,,,,,,,,,,,,,,,,,,,,,,,,,,,,,,,,,,,"rgba(38, 166, 154, 1.0)",,14.370610498364796,,67.11085544555792,8.43784036423591,True,False,True,False,True,,0.0,0.0,0.0,0.0,0,,,False,False,False,False,,,False,False,False,False,-12196.0,-3674.60043133219,False,False,False,False,963.2652802894759,False,False,False,False
2025-02-18 20:00:00+00:00,14.515,14.525,14.505,14.51,8661.0,,,,,,,,,,,,,,,,,,,,,,,,,,,,,,,,,,,,,,,,,"rgba(38, 166, 154, 1.0)",,14.440015173633782,,68.46260139228447,9.595747101884491,True,False,True,False,True,,0.0,0.0,0.0,0.0,0,,,False,False,False,False,,,False,False,False,False,-20857.0,-3940.9942230944816,False,False,False,False,1082.610004626073,False,False,False,False
2025-02-19 15:00:00+00:00,14.725,14.735,14.605,14.61,1108.0,,,,,,,,,,,,,,,,,,,,,,,,,,,,,,,,,,,,,,,,,"rgba(38, 166, 154, 1.0)",,14.45022127186077,,72.30044441898862,13.280422903724322,True,False,True,False,True,,0.0,0.0,0.0,0.0,0,,,False,False,False,False,,,False,False,False,False,-19749.0,-4186.079583976738,False,False,False,False,1083.0036479652038,False,False,False,False
2025-02-19 16:00:00+00:00,14.61,14.695,14.61,14.63,600.0,,,,,,,,,,,,,,,,,,,,,,,,,,,,,,,,,,,,,,,,,"rgba(38, 166, 154, 1.0)",,14.455111940693381,,75.2883534240637,16.232314844989304,True,False,True,False,True,17.41782984209127,0.0,0.0,0.0,0.0,0,,,False,False,False,False,,,False,False,False,False,-19149.0,-4418.062846240665,False,False,False,False,1075.5152193145802,False,False,False,False
2025-02-19 17:00:00+00:00,14.63,14.655,14.615,14.625,701.0,,,,,,,,,,,,,,,,,,,,,,,,,,,,,,,,,,,,,,,,,"rgba(38, 166, 154, 1.0)",,14.460063476510683,,76.79893802280768,17.931031606183396,True,False,True,False,True,16.98939956011405,0.0,0.0,0.0,0.0,0,,,False,False,False,False,,,False,False,False,False,-19850.0,-4657.317685833833,False,False,False,False,1069.7087818058271,False,False,False,False
2025-02-19 18:00:00+00:00,14.625,14.63,14.56,14.57,900.0,,,,,,,,,,,,,,,,,,,,,,,,,,,,,,,,,,,,,,,,,"rgba(38, 166, 154, 0.75)",,14.464345539571731,,73.00978549086508,17.931031606183396,True,False,True,False,False,12.439531280005912,0.0,0.0,0.0,0.0,0,,,False,False,False,False,,,False,False,False,False,-20750.0,-4906.81663644106,False,False,False,False,1067.0776379018607,False,False,False,False
2025-02-19 19:00:00+00:00,14.565,14.6,14.555,14.585,1100.0,,,,,,,,,,,,,,,,,,,,,,,,,,,,,,,,,,,,,,,,,"rgba(38, 166, 154, 0.75)",,14.468839163507226,,71.0875885169883,17.931031606183396,True,False,True,False,False,13.288958955026573,0.0,0.0,0.0,0.0,0,,,False,False,False,False,,,False,False,False,False,-19650.0,-5135.3931226977875,False,False,False,False,1067.5880621204365,False,False,False,False
2025-02-19 20:00:00+00:00,14.585,14.61,14.58,14.595,5216.0,,,,,,,,,,,,,,,,,,,,,,,,,,,,,,,,,,,,,,,,,"rgba(38, 166, 154, 0.75)",,14.487797711499454,,70.21908253077315,17.931031606183396,True,False,True,False,False,13.853738536076225,0.0,0.0,0.0,0.0,0,,,False,False,False,False,,,False,False,False,False,-14434.0,-5279.557570407899,False,False,False,False,1131.904526273608,False,False,False,False
2025-02-20 15:00:00+00:00,14.66,14.695,14.635,14.67,0.0,,,,,,,,,,,,,,,,,,,,,,,,,,,,,,,,,,,,,,,,,"rgba(38, 166, 154, 0.75)",,14.487797711499454,,72.18161048500885,17.931031606183396,True,False,True,False,False,17.856141947523074,0.0,0.0,0.0,0.0,0,,,False,False,False,False,,,False,False,False,False,-14434.0,-5421.486910401575,False,False,False,False,1114.355618889521,False,False,False,False
2025-02-20 16:00:00+00:00,14.67,14.755,14.655,14.715,0.0,,,,,,,,,,,,,,,,,,,,,,,,,,,,,,,,,,,,,,,,,"rgba(38, 166, 154, 1.0)",,14.487797711499454,,74.60793194314816,17.931031606183396,True,False,True,False,True,20.0,0.0,0.0,0.0,0.0,0,,,False,False,False,False,,,False,False,False,False,-14434.0,-5561.215795511628,False,False,False,False,1097.0787875889084,False,False,False,False
2025-02-20 17:00:00+00:00,14.715,14.795,14.71,14.725,0.0,,,,,,,,,,,,,,,,,,,,,,,,,,,,,,,,,,,,,,,,,"rgba(38, 166, 154, 1.0)",,14.487797711499454,,76.45759411325686,19.31355186165638,True,False,True,False,True,20.0,0.0,0.0,0.0,0.0,0,,,False,False,False,False,,,False,False,False,False,-14434.0,-5698.778341317649,False,False,False,False,1080.0698141379175,False,False,False,False
2025-02-20 18:00:00+00:00,14.725,14.785,14.705,14.745,0.0,,,,,,,,,,,,,,,,,,,,,,,,,,,,,,,,,,,,,,,,,"rgba(38, 166, 154, 1.0)",,14.487797711499454,,78.15949391731493,21.33205662738453,True,False,True,False,True,20.0,0.0,0.0,0.0,0.0,0,,,False,False,False,False,,,False,False,False,False,-14434.0,-5834.208134475515,False,False,False,False,1063.3245457016708,False,False,False,False
2025-02-20 19:00:00+00:00,14.745,14.745,14.64,14.665,0.0,,,,,,,,,,,,,,,,,,,,,,,,,,,,,,,,,,,,,,,,,"rgba(38, 166, 154, 0.75)",,14.487797711499454,,72.71972459648816,21.33205662738453,True,False,True,False,False,15.092667829837708,0.0,0.0,0.0,0.0,0,,,False,False,False,False,,,False,False,False,False,-14434.0,-5967.5382409177555,False,False,False,False,1046.838893830327,False,False,False,False
2025-02-20 20:00:00+00:00,14.665,14.67,14.645,14.66,900.0,,,,,,,,,,,,,,,,,,,,,,,,,,,,,,,,,,,,,,,,,"rgba(38, 166, 154, 0.75)",,14.547495546313394,,68.74859159162904,25.8092483144747,True,False,True,False,False,14.71388609350787,0.0,0.0,0.0,0.0,0,,,False,False,False,False,,,False,False,False,False,-15334.0,-6112.754702298875,False,False,False,False,1044.5623218329574,False,False,False,False
2025-02-21 15:00:00+00:00,14.43,14.445,14.345,14.36,2078.0,,,,,,,,,,,,,,,,,,,,,,,,,,,,,,,,,,,,,,,,,#000000,,14.479106511543014,,55.35503507157765,13.578200164969779,False,False,False,False,False,0.0,0.0,0.0,0.0,0.0,0,,,False,False,False,False,,,False,False,False,False,-17412.0,-6287.936799937652,False,False,False,False,1060.5846114169426,False,False,False,False
2025-02-21 16:00:00+00:00,14.36,14.395,14.325,14.355,423.0,,,,,,,,,,,,,,,,,,,,,,,,,,,,,,,,,,,,,,,,,"rgba(239, 83, 80, 1.0)",,14.473606596904233,,46.33226548034983,5.872786286278782,False,True,False,True,False,0.0,0.0,0.0,0.0,0.0,0,,,False,False,False,False,,,False,False,False,False,-17835.0,-6466.961035597534,False,False,False,False,1050.6995786817963,False,False,False,False
2025-02-21 17:00:00+00:00,14.355,14.375,14.325,14.345,0.0,,,,,,,,,,,,,,,,,,,,,,,,,,,,,,,,,,,,,,,,,"rgba(239, 83, 80, 1.0)",,14.473606596904233,,40.112789350594426,0.73674459328533,False,True,False,True,False,0.0,0.0,0.0,0.0,0.0,0,,,False,False,False,False,,,False,False,False,False,-17835.0,-6643.209701712301,False,False,False,False,1034.4096627332412,False,False,False,False
2025-02-21 18:00:00+00:00,14.355,14.355,14.265,14.265,700.0,,,,,,,,,,,,,,,,,,,,,,,,,,,,,,,,,,,,,,,,,"rgba(239, 83, 80, 1.0)",,14.462211294591198,,34.46117962276507,-4.081264331941071,False,True,False,True,False,0.0,0.0,0.0,0.0,0.0,0,,,False,False,False,False,,,False,False,False,False,-18535.0,-6827.578543546218,False,False,False,False,1029.2250167993925,False,False,False,False
2025-02-21 19:00:00+00:00,14.255,14.27,14.215,14.225,100.0,,,,,,,,,,,,,,,,,,,,,,,,,,,,,,,,,,,,,,,,,"rgba(239, 83, 80, 1.0)",,14.460271148624122,,30.04445401055616,-7.981115111074963,False,True,False,True,False,0.0,0.0,0.0,0.0,0.0,0,,,False,False,False,False,,,False,False,False,False,-18635.0,-7010.639341320695,False,False,False,False,1014.81842739165,False,False,False,False
2025-02-21 20:00:00+00:00,14.23,14.235,14.19,14.195,351.0,,,,,,,,,,,,,,,,,,,,,,,,,,,,,,,,,,,,,,,,,"rgba(239, 83, 80, 1.0)",,14.453050638890439,,26.631646562362562,-11.200819156415939,False,True,False,True,False,0.0,0.0,0.0,0.0,0.0,0,,,False,False,False,False,,,False,False,False,False,-18986.0,-7196.303847656809,False,False,False,False,1004.5266688274384,False,False,False,False
2025-02-24 15:00:00+00:00,14.23,14.33,14.225,14.255,5154.0,,,,,,,,,,,,,,,,,,,,,,,,,,,,,,,,,,,,,,,,,"rgba(239, 83, 80, 1.0)",,14.412692445268128,,27.823617289591738,-11.200819156415939,False,True,False,True,False,0.0,0.0,0.0,0.0,0.0,0,,,False,False,False,False,,,False,False,False,False,-13832.0,-7299.182857770657,False,False,False,False,1068.8595886905787,False,False,False,False
2025-02-24 16:00:00+00:00,14.26,14.335,14.245,14.305,405.0,,,,,,,,,,,,,,,,,,,,,,,,,,,,,,,,,,,,,,,,,"rgba(239, 83, 80, 0.75)",,14.411220133511415,,31.14044723132156,-11.200819156415939,False,True,False,True,True,0.0,0.0,0.0,0.0,0.0,0,,,False,False,False,False,,,False,False,False,False,-13427.0,-7394.1877747044455,False,False,False,False,1058.5671919666936,False,False,False,False
2025-02-24 17:00:00+00:00,14.305,14.335,14.295,14.295,800.0,,,,,,,,,,,,,,,,,,,,,,,,,,,,,,,,,,,,,,,,,"rgba(239, 83, 80, 0.75)",,14.4089615701551,,33.05183508893961,-11.200819156415939,False,True,False,True,True,0.0,0.0,0.0,0.0,0.0,0,,,False,False,False,False,,,False,False,False,False,-14227.0,-7500.122847964842,False,False,False,False,1054.5583982927913,False,False,False,False
2025-02-24 18:00:00+00:00,14.295,14.335,14.295,14.315,0.0,,,,,,,,,,,,,,,,,,,,,,,,,,,,,,,,,,,,,,,,,"rgba(239, 83, 80, 0.75)",,14.4089615701551,,35.39614288517052,-11.200819156415939,False,True,False,True,True,0.0,0.0,0.0,0.0,0.0,0,,,False,False,False,False,,,False,False,False,False,-14227.0,-7604.415516988643,False,False,False,False,1038.2086556836007,False,False,False,False
2025-02-24 19:00:00+00:00,14.31,14.32,14.275,14.305,840.0,,,,,,,,,,,,,,,,,,,,,,,,,,,,,,,,,,,,,,,,,"rgba(239, 83, 80, 0.75)",,14.406444330099324,,36.58743433679731,-11.200819156415939,False,True,False,True,True,0.0,0.0,0.0,0.0,0.0,0,,,False,False,False,False,,,False,False,False,False,-15067.0,-7720.1145012213765,False,False,False,False,1035.1356532699015,False,False,False,False
2025-02-24 20:00:00+00:00,14.305,14.355,14.285,14.315,3629.0,,,,,,,,,,,,,,,,,,,,,,,,,,,,,,,,,,,,,,,,,"rgba(239, 83, 80, 0.75)",,14.399548856781669,,37.99877798167536,-11.200819156415939,False,True,False,True,True,0.0,0.0,0.0,0.0,0.0,0,,,False,False,False,False,,,False,False,False,False,-11438.0,-7777.756136861354,False,False,False,False,1075.350604381996,False,False,False,False
2025-02-25 15:00:00+00:00,14.2,14.2,13.94,13.94,2272.0,,,,,,,,,,,,,,,,,,,,,,,,,,,,,,,,,,,,,,,,,"rgba(239, 83, 80, 1.0)",,14.374986001082535,,31.301015825590376,-11.200819156415939,False,True,False,True,False,0.0,0.0,0.0,0.0,0.0,0,,,False,False,False,False,,,False,False,False,False,-13710.0,-7869.728909933271,False,False,False,False,1093.903308190027,False,False,False,False
2025-02-25 16:00:00+00:00,13.945,13.97,13.895,13.945,800.0,,,,,,,,,,,,,,,,,,,,,,,,,,,,,,,,,,,,,,,,,"rgba(239, 83, 80, 1.0)",,14.365150109808704,,27.064344181201555,-13.745949086952677,False,True,False,True,False,0.0,0.0,0.0,0.0,0.0,0,,,False,False,False,False,,,False,False,False,False,-12910.0,-7947.872647763763,False,False,False,False,1089.3466677529723,False,False,False,False
2025-02-25 17:00:00+00:00,13.945,13.955,13.9,13.935,3.0,,,,,,,,,,,,,,,,,,,,,,,,,,,,,,,,,,,,,,,,,"rgba(239, 83, 80, 1.0)",0.1919712112425872,14.365113730030908,-2.2405116227942523,24.1256139833321,-16.77626584853229,False,True,False,True,False,0.0,0.0,0.0,0.0,0.0,0,,,False,False,False,False,,,False,False,False,False,-12913.0,-8024.851366403084,False,False,False,False,1072.5040837568022,False,False,False,False
2025-02-25 18:00:00+00:00,13.93,13.965,13.915,13.95,700.0,,,,,,,,,,,,,,,,,,,,,,,,,,,,,,,,,,,,,,,,,"rgba(239, 83, 80, 1.0)",0.19904671460387055,14.357118139864985,-2.0453396614719574,22.988909162567573,-18.221840394720296,False,True,False,True,False,0.0,0.0,0.0,0.0,0.0,0,,,False,False,False,False,,,False,False,False,False,-12213.0,-8089.783903358075,False,False,False,False,1066.7288266442936,False,False,False,False
2025-02-25 19:00:00+00:00,13.95,13.985,13.915,13.975,400.0,,,,,,,,,,,,,,,,,,,,,,,,,,,,,,,,,,,,,,,,,"rgba(239, 83, 80, 1.0)",0.20436270970291331,14.352902026939645,-1.8491731074079538,23.64655619350902,-18.221840394720296,False,True,False,True,False,0.0,0.0,0.0,0.0,0.0,0,,,False,False,False,False,,,False,False,False,False,-11813.0,-8147.508183926167,False,False,False,False,1056.3919456110486,False,False,False,False
2025-02-25 20:00:00+00:00,13.975,13.995,13.965,13.98,606.0,,,,,,,,,,,,,,,,,,,,,,,,,,,,,,,,,,,,,,,,,"rgba(239, 83, 80, 1.0)",0.20985466871619055,14.347108075371075,-1.7493443325178302,24.382817728165207,-18.221840394720296,False,True,False,True,False,0.0,0.0,0.0,0.0,0.0,0,,,False,False,False,False,,,False,False,False,False,-11207.0,-8194.942165570721,False,False,False,False,1049.4091247488618,False,False,False,False
2025-02-26 15:00:00+00:00,13.95,13.995,13.875,13.91,1601.0,,,,,,,,,,,,,,,,,,,,,,,,,,,,,,,,,,,,,,,,,"rgba(239, 83, 80, 1.0)",0.21718070692273647,14.330565544766742,-1.9364774648991305,23.512621424059397,-19.335674025974857,False,True,False,True,False,0.0,0.0,0.0,0.0,0.0,0,,,False,False,False,False,,,False,False,False,False,-12808.0,-8266.4624420735,False,False,False,False,1057.9609212643834,False,False,False,False
2025-02-26 16:00:00+00:00,13.915,14.005,13.91,13.925,1401.0,,,,,,,,,,,,,,,,,,,,,,,,,,,,,,,,,,,,,,,,,"rgba(239, 83, 80, 1.0)",0.2238061017290888,14.318111940916197,-1.7564844652539775,23.888802729923338,-19.583002564346792,False,True,False,True,False,0.0,0.0,0.0,0.0,0.0,0,,,False,False,False,False,,,False,False,False,False,-11407.0,-8315.152946847555,False,False,False,False,1063.2793565936179,False,False,False,False
2025-02-26 17:00:00+00:00,13.925,13.955,13.845,13.925,700.0,,,,,,,,,,,,,,,,,,,,,,,,,,,,,,,,,,,,,,,,,"rgba(239, 83, 80, 1.0)",0.23028208318894003,14.210773876386412,-1.240973124912813,24.139590267165964,-19.96731036192006,False,True,False,True,False,0.0,0.0,0.0,0.0,0.0,0,,,False,False,False,False,,,False,False,False,False,-11407.0,-8363.088560074724,False,False,False,False,1057.6471185068951,False,False,False,False
2025-02-26 18:00:00+00:00,13.925,13.925,13.865,13.865,1500.0,,,,,,,,,,,,,,,,,,,,,,,,,,,,,,,,,,,,,,,,,"rgba(239, 83, 80, 1.0)",0.23812314173685578,14.196305525336992,-1.3913201502402062,23.020595911847302,-21.616590270825586,False,True,False,True,False,0.0,0.0,0.0,0.0,0.0,0,,,False,False,False,False,,,False,False,False,False,-12907.0,-8433.53679945341,False,False,False,False,1064.5053027160905,False,False,False,False
2025-02-26 19:00:00+00:00,13.865,13.945,13.855,13.94,4922.0,,,,,,,,,,,,,,,,,,,,,,,,,,,,,,,,,,,,,,,,,"rgba(239, 83, 80, 0.75)",0.24296234832315644,14.172865458217272,-0.9584425727872269,27.039929682109474,-21.616590270825586,False,True,False,True,True,0.0,0.0,0.0,0.0,0.0,0,,,False,False,False,False,,,False,False,False,False,-7985.0,-8426.582740547155,False,False,False,False,1124.3114220538255,False,False,False,False
2025-02-26 20:00:00+00:00,13.94,13.955,13.915,13.92,9888.0,,,,,,,,,,,,,,,,,,,,,,,,,,,,,,,,,,,,,,,,,"rgba(239, 83, 80, 0.75)",0.24786362859116404,14.138514750239981,-0.8815926381857658,29.118951272711893,-25.994113063042438,False,True,False,True,True,0.0,0.0,0.0,0.0,0.0,0,,,False,False,False,False,,,False,False,False,False,-17873.0,-8573.03882208906,False,False,False,False,1260.1825627971768,False,False,False,False
2025-02-27 15:00:00+00:00,14.1,14.22,14.085,14.185,1100.0,,,,,,,,,,,,,,,,,,,,,,,,,,,,,,,,,,,,,,,,,"rgba(239, 83, 80, 0.75)",0.24817191077415965,14.141991806611099,0.17330000504384177,40.14890548317608,-15.800047667163895,False,True,False,True,True,0.0,0.0,0.0,0.0,0.0,0,,,False,False,False,False,,,False,False,False,False,-16773.0,-8700.170003141942,False,False,False,False,1257.699112211174,False,False,False,False
2025-02-27 16:00:00+00:00,14.195,14.205,14.145,14.175,12.0,,,,,,,,,,,,,,,,,,,,,,,,,,,,,,,,,,,,,,,,,#000000,0.2479232299078247,14.142030904416272,0.1329810667438728,47.12739441939901,-9.816418339884464,False,False,False,False,True,0.0,0.0,0.0,0.0,0.0,0,,,False,False,False,False,,,False,False,False,False,-16785.0,-8825.516204643616,False,False,False,False,1238.3859476807681,False,False,False,False
2025-02-27 17:00:00+00:00,14.175,14.29,14.165,14.205,6613.0,,,,,,,,,,,,,,,,,,,,,,,,,,,,,,,,,,,,,,,,,"rgba(38, 166, 154, 0.5)",0.24727199890291182,14.175070008002681,0.12104076535196642,52.52555837130717,-5.317028422519627,False,False,True,False,True,0.0,0.0,0.0,0.0,0.0,0,,,False,False,False,False,,,False,False,False,False,-10172.0,-8846.39192240108,False,False,False,False,1321.7132973291282,False,False,False,False
2025-02-27 18:00:00+00:00,14.205,14.265,14.18,14.245,704.0,,,,,,,,,,,,,,,,,,,,,,,,,,,,,,,,,,,,,,,,,"rgba(38, 166, 154, 1.0)",0.2443130099827822,14.17672374234204,0.2794622261940598,57.09504768423885,-1.4659999512357729,True,False,True,False,True,0.0,0.0,0.0,0.0,0.0,0,,,False,False,False,False,,,False,False,False,False,-9468.0,-8856.029256937498,False,False,False,False,1312.13634698294,False,False,False,False
2025-02-27 19:00:00+00:00,14.24,14.265,14.215,14.235,902.0,,,,,,,,,,,,,,,,,,,,,,,,,,,,,,,,,,,,,,,,,"rgba(38, 166, 154, 1.0)",0.24026293779790395,14.178992285689054,0.23311008690843643,59.65913038310491,0.7243014445080647,True,False,True,False,True,0.0,0.0,0.0,0.0,0.0,0,,,False,False,False,False,,,False,False,False,False,-10370.0,-8879.501671558623,False,False,False,False,1305.777643928941,False,False,False,False
2025-02-27 20:00:00+00:00,14.235,14.24,14.205,14.205,3253.0,,,,,,,,,,,,,,,,,,,,,,,,,,,,,,,,,,,,,,,,,"rgba(38, 166, 154, 1.0)",0.23626510152411082,14.183501367837874,0.09099368473567185,59.8858021803894,1.0464791856097548,True,False,True,False,True,0.0,0.0,0.0,0.0,0.0,0,,,False,False,False,False,,,False,False,False,False,-13623.0,-8953.0442813019,False,False,False,False,1335.9671378215153,False,False,False,False
2025-02-28 15:00:00+00:00,14.025,14.155,14.005,14.145,700.0,,,,,,,,,,,,,,,,,,,,,,,,,,,,,,,,,,,,,,,,,"rgba(38, 166, 154, 1.0)",0.23203325716895118,14.181851415546877,-0.1588195416316747,57.34560747553245,1.0464791856097548,True,False,True,False,True,0.0,0.0,0.0,0.0,0.0,0,,,False,False,False,False,,,False,False,False,False,-14323.0,-9036.299408723575,False,False,False,False,1326.1071821963756,False,False,False,False
2025-02-28 16:00:00+00:00,14.145,14.17,14.08,14.125,1014.0,,,,,,,,,,,,,,,,,,,,,,,,,,,,,,,,,,,,,,,,,"rgba(38, 166, 154, 0.75)",0.22737826165637315,14.180415078128643,-0.24371317523919456,54.81971881192659,1.0464791856097548,True,False,True,False,False,0.0,0.0,0.0,0.0,0.0,0,,,False,False,False,False,,,False,False,False,False,-15337.0,-9133.984689208479,False,False,False,False,1321.2683111545714,False,False,False,False
2025-02-28 17:00:00+00:00,14.125,14.19,14.11,14.165,760.0,,,,,,,,,,,,,,,,,,,,,,,,,,,,,,,,,,,,,,,,,"rgba(38, 166, 154, 0.75)",0.22267847381977215,14.180106852230415,-0.06784154737220963,54.76115342289299,1.0464791856097548,True,False,True,False,False,0.0,0.0,0.0,0.0,0.0,0,,,False,False,False,False,,,False,False,False,False,-14577.0,-9218.372523484317,False,False,False,False,1312.566476873105,False,False,False,False
2025-02-28 18:00:00+00:00,14.155,14.24,14.105,14.185,1112.0,,,,,,,,,,,,,,,,,,,,,,,,,,,,,,,,,,,,,,,,,"rgba(38, 166, 154, 0.75)",0.2219563507125261,14.180377115703601,0.020827898285220046,55.50488484967095,1.0464791856097548,True,False,True,False,False,0.0,0.0,0.0,0.0,0.0,0,,,False,False,False,False,,,False,False,False,False,-13465.0,-9284.211709166731,False,False,False,False,1309.4569190921266,False,False,False,False
2025-02-28 19:00:00+00:00,14.185,14.195,14.1,14.135,1580.0,,,,,,,,,,,,,,,,,,,,,,,,,,,,,,,,,,,,,,,,,"rgba(38, 166, 154, 0.75)",0.22152776248034878,14.179423916837885,-0.20053430929148872,53.58595937860088,1.0464791856097548,True,False,True,False,False,0.0,0.0,0.0,0.0,0.0,0,,,False,False,False,False,,,False,False,False,False,-15045.0,-9373.526256311434,False,False,False,False,1313.651385462791,False,False,False,False
2025-02-28 20:00:00+00:00,14.135,14.2,14.13,14.19,2483.0,,,,,,,,,,,,,,,,,,,,,,,,,,,,,,,,,,,,,,,,,"rgba(38, 166, 154, 0.75)",0.2211959100675935,14.179930857721985,0.04552137638954472,54.58338534457201,1.0464791856097548,True,False,True,False,False,0.0,0.0,0.0,0.0,0.0,0,,,False,False,False,False,,,False,False,False,False,-12562.0,-9422.95995776397,False,False,False,False,1331.780821347089,False,False,False,False
2025-03-03 15:00:00+00:00,14.12,14.12,14.005,14.075,100.0,,,,,,,,,,,,,,,,,,,,,,,,,,,,,,,,,,,,,,,,,#000000,0.22235194486981147,14.179703437430007,-0.470890585154594,50.67943356041437,7.061712916486606,True,False,False,False,False,0.0,0.0,0.0,0.0,0.0,0,,,False,False,False,False,,,False,False,False,False,-12662.0,-9473.177632837396,False,False,False,False,1312.6834442719403,False,False,False,False
2025-03-03 16:00:00+00:00,14.07,14.105,14.015,14.075,920.0,,,,,,,,,,,,,,,,,,,,,,,,,,,,,,,,,,,,,,,,,"rgba(239, 83, 80, 0.5)",0.22347890240427648,14.177648548994133,-0.459320982382674,48.076799037642616,4.35293494476457,True,False,False,True,False,0.0,0.0,0.0,0.0,0.0,1,,,False,False,False,False,,,False,False,False,False,-12662.0,-9522.616739305033,False,False,False,False,1306.5953288568714,False,False,False,False
2025-03-03 17:00:00+00:00,14.07,14.12,14.06,14.07,0.0,,,,,,,,,,,,,,,,,,,,,,,,,,,,,,,,,,,,,,,,,"rgba(239, 83, 80, 0.5)",0.22473257380658027,14.177648548994133,-0.47900732488732356,46.15370956876984,2.3031771791660205,False,False,False,True,False,0.0,0.0,0.0,0.0,0.0,0,,,False,False,False,False,,,False,False,False,False,-12662.0,-9571.289347997978,False,False,False,False,1286.3380369366098,False,False,False,False
2025-03-03 18:00:00+00:00,14.065,14.07,13.745,13.825,4557.0,,,,,,,,,,,,,,,,,,,,,,,,,,,,,,,,,,,,,,,,,"rgba(239, 83, 80, 1.0)",0.23098151324177393,14.152435316598059,-1.41758235108333,38.94355674000943,-4.513006781038705,False,True,False,True,False,0.0,0.0,0.0,0.0,0.0,0,,,False,False,False,False,,,False,False,False,False,-17219.0,-9689.858505393358,False,False,False,False,1337.0459743484453,False,False,False,False
2025-03-03 19:00:00+00:00,13.825,13.855,13.765,13.82,0.0,,,,,,,,,,,,,,,,,,,,,,,,,,,,,,,,,,,,,,,,,"rgba(239, 83, 80, 1.0)",0.23675784945652728,14.152435316598059,-1.4041152906277727,34.05865050515693,-8.919019775688376,False,True,False,True,False,0.0,0.0,0.0,0.0,0.0,0,,,False,False,False,False,,,False,False,False,False,-17219.0,-9806.589381278733,False,False,False,False,1316.3165793973064,False,False,False,False
2025-03-03 20:00:00+00:00,13.825,13.845,13.785,13.83,1803.0,,,,,,,,,,,,,,,,,,,,,,,,,,,,,,,,,,,,,,,,,"rgba(239, 83, 80, 1.0)",0.24203078502723835,14.142011749638716,-1.2891407578734313,31.333399704872562,-11.346147010980694,False,True,False,True,False,0.0,0.0,0.0,0.0,0.0,0,,,False,False,False,False,,,False,False,False,False,-15416.0,-9893.556987770535,False,False,False,False,1323.8620587864955,False,False,False,False
2025-03-04 15:00:00+00:00,13.54,13.695,13.525,13.635,2200.0,,,,,,,,,,,,,,,,,,,,,,,,,,,,,,,,,,,,,,,,,"rgba(239, 83, 80, 1.0)",0.2524894075023768,14.122534093395625,-1.9309090952302077,26.790659306405743,-15.536632419371784,False,True,False,True,False,0.0,0.0,0.0,0.0,0.0,0,,,False,False,False,False,,,False,False,False,False,-17616.0,-10013.284786409751,False,False,False,False,1337.4455927587978,False,False,False,False
2025-03-04 16:00:00+00:00,13.635,13.755,13.6,13.745,3800.0,,,,,,,,,,,,,,,,,,,,,,,,,,,,,,,,,,,,,,,,,"rgba(239, 83, 80, 1.0)",0.25882269836548266,14.098085914977625,-1.3641999608513267,28.34375761473042,-15.536632419371784,False,True,False,True,False,0.0,0.0,0.0,0.0,0.0,0,,,False,False,False,False,,,False,False,False,False,-13816.0,-10072.241611426654,False,False,False,False,1375.6247308555605,False,False,False,False
2025-03-04 17:00:00+00:00,13.745,13.795,13.705,13.785,500.0,,,,,,,,,,,,,,,,,,,,,,,,,,,,,,,,,,,,,,,,,"rgba(239, 83, 80, 0.75)",0.2637023813808787,14.095637826208058,-1.1779864276590977,30.84055190130983,-15.536632419371784,False,True,False,True,True,0.0,0.0,0.0,0.0,0.0,0,,,False,False,False,False,,,False,False,False,False,-13316.0,-10122.532439156474,False,False,False,False,1362.0491536329937,False,False,False,False
2025-03-04 18:00:00+00:00,13.785,13.835,13.765,13.825,100.0,,,,,,,,,,,,,,,,,,,,,,,,,,,,,,,,,,,,,,,,,"rgba(239, 83, 80, 0.75)",0.2676357447948468,14.09522934475196,-1.0096907831168147,33.94070903481865,-15.536632419371784,False,True,False,True,True,0.0,0.0,0.0,0.0,0.0,0,,,False,False,False,False,,,False,False,False,False,-13216.0,-10170.493176533893,False,False,False,False,1342.482500088296,False,False,False,False
2025-03-04 19:00:00+00:00,13.825,13.855,13.805,13.85,110.0,,,,,,,,,,,,,,,,,,,,,,,,,,,,,,,,,,,,,,,,,"rgba(239, 83, 80, 0.75)",0.2710410859450478,14.094832150204937,-0.9033027201439695,36.90671349079899,-20.802013149739395,False,True,False,True,True,0.0,0.0,0.0,0.0,0.0,0,,,False,False,False,False,,,False,False,False,False,-13106.0,-10216.004910231042,False,False,False,False,1323.3742442729738,False,False,False,False
2025-03-04 20:00:00+00:00,13.855,13.885,13.82,13.82,1675.0,,,,,,,,,,,,,,,,,,,,,,,,,,,,,,,,,,,,,,,,,"rgba(239, 83, 80, 0.5)",0.27494163180737374,14.089103072092305,-0.9787643665432254,38.065089488996854,-19.440050752036335,False,False,False,True,True,0.0,0.0,0.0,0.0,0.0,0,,,False,False,False,False,,,False,False,False,False,-14781.0,-10286.780027901877,False,False,False,False,1328.8258063772687,False,False,False,False
2025-03-05 15:00:00+00:00,13.39,13.465,13.325,13.345,400.0,,,,,,,,,,,,,,,,,,,,,,,,,,,,,,,,,,,,,,,,,"rgba(239, 83, 80, 1.0)",0.2928418230603921,14.084905497152723,-2.5266387479090846,32.03518771840017,-19.440050752036335,False,True,False,True,False,0.0,0.0,0.0,0.0,0.0,0,,,False,False,False,False,,,False,False,False,False,-15181.0,-10362.659407314251,False,False,False,False,1314.4254062783962,False,False,False,False
2025-03-05 16:00:00+00:00,13.35,13.35,13.235,13.275,1201.0,,,,,,,,,,,,,,,,,,,,,,,,,,,,,,,,,,,,,,,,,"rgba(239, 83, 80, 1.0)",0.3119081783341252,13.940271756018186,-2.132908984853635,27.500532842402535,-14.56508420382982,False,True,False,True,False,0.0,0.0,0.0,0.0,0.0,0,,,False,False,False,False,,,False,False,False,False,-16382.0,-10455.982517278371,False,False,False,False,1312.6668728477234,True,False,False,False
2025-03-05 17:00:00+00:00,13.275,13.445,13.255,13.43,0.0,,,,,,,,,,,,,,,,,,,,,,,,,,,,,,,,,,,,,,,,,"rgba(239, 83, 80, 1.0)",0.32396825837176285,13.940271756018186,-1.5750671333752542,28.867821249805004,-14.56508420382982,False,True,False,True,False,0.0,0.0,0.0,0.0,0.0,0,,,False,False,False,False,,,False,False,False,False,-16382.0,-10547.858757320566,False,False,False,False,1292.3154484624874,False,False,False,False
2025-03-05 18:00:00+00:00,13.43,13.475,13.375,13.475,409.0,,,,,,,,,,,,,,,,,,,,,,,,,,,,,,,,,,,,,,,,,"rgba(239, 83, 80, 0.75)",0.3338881643699088,13.943795068152562,-1.4040481759431072,30.921522023949468,-14.56508420382982,False,True,False,True,True,0.0,0.0,0.0,0.0,0.0,0,,,False,False,False,False,,,False,False,False,False,-15973.0,-10631.969474261332,False,False,False,False,1278.6206353080302,False,False,False,False
2025-03-05 19:00:00+00:00,13.465,13.475,13.41,13.465,2709.0,,,,,,,,,,,,,,,,,,,,,,,,,,,,,,,,,,,,,,,,,"rgba(239, 83, 80, 0.75)",0.343445708890002,13.93793331546668,-1.3770249655911402,32.146227277484,-14.56508420382982,False,True,False,True,True,0.0,0.0,0.0,0.0,0.0,0,,,False,False,False,False,,,False,False,False,False,-18682.0,-10756.776149078985,False,False,False,False,1300.7970595668203,False,False,False,False
2025-03-05 20:00:00+00:00,13.465,13.5,13.45,13.47,688.0,,,,,,,,,,,,,,,,,,,,,,,,,,,,,,,,,,,,,,,,,"rgba(239, 83, 80, 0.75)",0.3522654097678624,13.935199109548776,-1.320592645912452,33.113338859626595,-14.56508420382982,False,True,False,True,True,0.0,0.0,0.0,0.0,0.0,0,,,False,False,False,False,,,False,False,False,False,-17994.0,-10868.981170023497,False,False,False,False,1291.296329961133,False,False,False,False
2025-03-06 15:00:00+00:00,13.515,13.575,13.335,13.355,1001.0,,,,,,,,,,,,,,,,,,,,,,,,,,,,,,,,,,,,,,,,,"rgba(239, 83, 80, 0.75)",0.3636547714423584,13.928700361441031,-1.5775961337330224,31.98617671280197,-14.56508420382982,False,True,False,True,True,0.0,0.0,0.0,0.0,0.0,0,,,False,False,False,False,,,False,False,False,False,-18995.0,-10994.965958085148,False,False,False,False,1286.7956116671621,False,False,False,False
2025-03-06 16:00:00+00:00,13.355,13.405,13.325,13.33,2200.0,,,,,,,,,,,,,,,,,,,,,,,,,,,,,,,,,,,,,,,,,"rgba(239, 83, 80, 0.75)",0.3749842999716474,13.910195008538032,-1.5472514678131881,30.880264114164813,-14.56508420382982,False,True,False,True,True,0.0,0.0,0.0,0.0,0.0,0,,,False,False,False,False,,,False,False,False,False,-21195.0,-11153.106020750492,False,False,False,False,1300.9538192382138,False,False,False,False
2025-03-06 17:00:00+00:00,13.325,13.465,13.315,13.445,1300.0,,,,,,,,,,,,,,,,,,,,,,,,,,,,,,,,,,,,,,,,,"rgba(239, 83, 80, 0.75)",0.3826110272825386,13.902377106073411,-1.1954101514582358,33.85661800362688,-14.56508420382982,False,True,False,True,True,0.0,0.0,0.0,0.0,0.0,0,,,False,False,False,False,,,False,False,False,False,-19895.0,-11288.639260738857,False,False,False,False,1300.9390313430476,False,False,False,False
2025-03-06 18:00:00+00:00,13.445,13.485,13.435,13.455,1310.0,,,,,,,,,,,,,,,,,,,,,,,,,,,,,,,,,,,,,,,,,"rgba(239, 83, 80, 0.75)",0.38810552804733695,13.896459854114424,-1.1374737596125637,36.14279021048209,-19.787046806855145,False,True,False,True,True,0.0,0.0,0.0,0.0,0.0,0,,,False,False,False,False,,,False,False,False,False,-18585.0,-11401.761132665386,False,False,False,False,1301.0795114772638,False,False,False,False
2025-03-06 19:00:00+00:00,13.455,13.495,13.435,13.475,2000.0,,,,,,,,,,,,,,,,,,,,,,,,,,,,,,,,,,,,,,,,,"rgba(239, 83, 80, 0.5)",0.39212659979944203,13.887917249441626,-1.0530202481872393,38.31412306516694,-17.493410953188686,False,False,False,True,True,0.0,0.0,0.0,0.0,0.0,0,,,False,False,False,False,,,False,False,False,False,-16585.0,-11482.121425182202,False,False,False,False,1311.9154880435078,False,False,False,False
2025-03-06 20:00:00+00:00,13.475,13.485,13.425,13.425,2394.0,,,,,,,,,,,,,,,,,,,,,,,,,,,,,,,,,,,,,,,,,"rgba(239, 83, 80, 0.5)",0.3971116778498037,13.87665610590746,-1.1373528684751617,38.56240013921854,-16.95938630645979,False,False,False,True,True,0.0,0.0,0.0,0.0,0.0,0,,,False,False,False,False,,,False,False,False,False,-18979.0,-11598.352100760772,False,False,False,False,1328.6919921048486,False,False,False,False
2025-03-07 15:00:00+00:00,13.74,13.815,13.545,13.69,0.0,,,,,,,,,,,,,,,,,,,,,,,,,,,,,,,,,,,,,,,,,"rgba(239, 83, 80, 0.5)",0.3960133540381918,13.87665610590746,-0.47133790818947635,45.5252747403693,-10.289049261083505,True,False,False,True,True,0.0,0.0,0.0,0.0,0.0,0,,,False,False,False,False,,,False,False,False,False,-18979.0,-11712.78075036138,False,False,False,False,1308.0921162582617,False,False,False,False
2025-03-07 16:00:00+00:00,13.69,13.69,13.58,13.6,1293.0,,,,,,,,,,,,,,,,,,,,,,,,,,,,,,,,,,,,,,,,,#000000,0.39600502772311336,13.839397104437476,-0.604530467236548,47.920789946344385,-8.087736651343477,True,False,False,False,True,0.0,0.0,0.0,0.0,0.0,0,,,False,False,False,False,,,False,False,False,False,-20272.0,-11845.481823999187,False,False,False,False,1307.858129959684,False,False,False,False
2025-03-07 17:00:00+00:00,13.605,13.655,13.565,13.59,1130.0,,,,,,,,,,,,,,,,,,,,,,,,,,,,,,,,,,,,,,,,,#000000,0.3958480234353326,13.836568701554942,-0.6228872874370245,49.27230918347355,-6.755317935610151,True,False,False,False,True,0.0,0.0,0.0,0.0,0.0,0,,,False,False,False,False,,,False,False,False,False,-21402.0,-11993.644896495323,False,False,False,False,1305.1006395727122,False,False,False,False
2025-03-07 18:00:00+00:00,13.59,13.625,13.56,13.6,12.0,,,,,,,,,,,,,,,,,,,,,,,,,,,,,,,,,,,,,,,,,#000000,0.39332759195687855,13.83653717559471,-0.6013744787592799,50.42104763002017,-5.492572582648187,True,False,False,False,True,0.0,0.0,0.0,0.0,0.0,0,,,False,False,False,False,,,False,False,False,False,-21390.0,-12139.324820580667,False,False,False,False,1285.0525676413522,False,False,False,False
2025-03-07 19:00:00+00:00,13.6,13.665,13.575,13.595,508.0,,,,,,,,,,,,,,,,,,,,,,,,,,,,,,,,,,,,,,,,,#000000,0.3899706849689313,13.835841908726033,-0.6175897779219494,51.03522813534213,-4.630300899245867,True,False,False,False,True,0.0,0.0,0.0,0.0,0.0,0,,,False,False,False,False,,,False,False,False,False,-21898.0,-12290.622110184067,False,False,False,False,1273.0052410112537,False,False,False,False
2025-03-07 20:00:00+00:00,13.595,13.625,13.585,13.6,1139.0,,,,,,,,,,,,,,,,,,,,,,,,,,,,,,,,,,,,,,,,,"rgba(38, 166, 154, 1.0)",0.38612514892277233,13.83378269122987,-0.6054583387849405,51.59767482220949,-3.738699365710289,True,False,True,False,True,0.0,0.0,0.0,0.0,0.0,0,,,False,False,False,False,,,False,False,False,False,-20759.0,-12421.91479064633,False,False,False,False,1270.9276403754204,False,False,False,False
2025-03-10 14:00:00+00:00,13.495,13.54,13.445,13.455,4500.0,,,,,,,,,,,,,,,,,,,,,,,,,,,,,,,,,,,,,,,,,"rgba(239, 83, 80, 0.5)",0.385265697483776,13.809346715757334,-0.9197463414771202,47.776231213548336,-3.738699365710289,True,False,False,True,False,0.0,0.0,0.0,0.0,0.0,0,,,False,False,False,False,,,False,False,False,False,-25259.0,-12620.939367535533,False,False,False,False,1320.990777733941,False,False,False,False
2025-03-10 15:00:00+00:00,13.46,13.615,13.445,13.47,6912.0,,,,,,,,,,,,,,,,,,,,,,,,,,,,,,,,,,,,,,,,,"rgba(239, 83, 80, 0.5)",0.38323184712214564,13.78970555894956,-0.8342353626150001,45.76815975778836,1.0247345901380172,True,False,False,True,False,0.0,0.0,0.0,0.0,0.0,0,,,False,False,False,False,-0.22719750435497732,-0.22719750435497732,False,False,False,False,-18347.0,-12709.715501372191,False,False,False,False,1407.6730912574458,False,False,False,False
2025-03-10 16:00:00+00:00,13.47,13.47,13.47,13.47,0.0,,,,,,,,,,,,,,,,,,,,,,,,,,,,,,,,,,,,,,,,,"rgba(239, 83, 80, 0.5)",0.3803728966955239,13.78970555894956,-0.8405056241572157,44.429445453948375,-0.414582250725104,True,False,False,True,False,0.0,0.0,0.0,0.0,0.0,0,0.938127090301004,1.0125418060200673,False,False,False,False,-0.2557393749483046,-0.24146843965164097,False,False,False,False,-18347.0,-12797.115261040839,False,False,False,False,1385.8487022457025,False,False,False,False
2025-03-10 17:00:00+00:00,13.47,13.47,13.365,13.375,622.0,,,,,,,,,,,,,,,,,,,,,,,,,,,,,,,,,,,,,,,,,"rgba(239, 83, 80, 0.5)",0.3767703197889628,13.786760283646256,-1.092868153406807,41.0579790648398,-3.7195265164306903,False,False,False,True,False,0.0,0.0,0.0,0.0,0.0,0,0.9327766179540716,1.0075156576200421,False,False,False,False,-0.28105103142992105,-0.261259735540781,False,False,False,False,-18969.0,-12892.803396528576,False,False,False,False,1374.0060867070094,False,False,False,False
2025-03-10 18:00:00+00:00,13.375,13.385,13.33,13.335,350.0,,,,,,,,,,,,,,,,,,,,,,,,,,,,,,,,,,,,,,,,,"rgba(239, 83, 80, 1.0)",0.3718747003935552,13.784762334310686,-1.209445907007661,37.92033105301919,-6.709735344840503,False,True,False,True,False,0.0,0.0,0.0,0.0,0.0,0,0.9293182768716024,1.0138017565872024,False,False,False,False,-0.3104169102294155,-0.28583832288509825,False,False,False,False,-19319.0,-12992.434351621156,False,False,False,False,1358.1300233472107,False,False,False,False
2025-03-10 19:00:00+00:00,13.335,13.375,13.325,13.35,1360.0,,,,,,,,,,,,,,,,,,,,,,,,,,,,,,,,,,,,,,,,,"rgba(239, 83, 80, 1.0)",0.3653654593950047,13.723904548071967,-1.0233713627202272,36.552725027721735,-8.061017034310922,False,True,False,True,False,0.0,0.0,0.0,0.0,0.0,0,0.925135926390632,1.0163111668757845,False,False,False,False,-0.31412343174081064,-0.2999808773129544,False,False,False,False,-17959.0,-13069.435369425479,False,False,False,False,1358.1590152333004,False,False,False,False
2025-03-11 14:00:00+00:00,13.51,13.535,13.45,13.455,3700.0,,,,,,,,,,,,,,,,,,,,,,,,,,,,,,,,,,,,,,,,,"rgba(239, 83, 80, 0.5)",0.3552340302057509,13.727161836940724,-0.7661479863938933,40.05718501078643,-8.061017034310922,False,False,False,True,True,0.0,0.0,0.0,0.0,0.0,0,0.9270919635459823,1.0095277547638777,False,False,False,False,-0.2449906856139179,-0.27248578146343616,False,False,False,False,-14259.0,-13087.878231915007,False,False,False,False,1394.466627400226,False,False,False,False
2025-03-11 15:00:00+00:00,13.45,13.535,13.445,13.505,4700.0,,,,,,,,,,,,,,,,,,,,,,,,,,,,,,,,,,,,,,,,,"rgba(239, 83, 80, 0.5)",0.34580983421737127,13.721132486472762,-0.6250038752134008,44.10244578812238,-11.705597119207198,True,False,False,True,True,0.0,0.0,0.0,0.0,0.0,0,0.9262159934047821,1.0070074196207752,False,False,False,False,-0.24618220456692372,-0.25933399301517995,False,False,False,False,-9559.0,-13033.16694149772,False,False,False,False,1445.7152068203775,False,False,False,False
2025-03-11 16:00:00+00:00,13.5,13.515,13.43,13.435,3200.0,,,,,,,,,,,,,,,,,,,,,,,,,,,,,,,,,,,,,,,,,"rgba(239, 83, 80, 0.5)",0.33663421483057715,13.713713012881108,-0.8279402407784945,44.4966192025509,-11.29537802666124,True,False,False,True,True,0.0,0.0,0.0,0.0,0.0,0,0.9223382045929025,1.0187891440501045,False,False,False,False,-0.25454225873482283,-0.2569381258750014,False,False,False,False,-12759.0,-13028.916291241942,False,False,False,False,1472.9134206681235,False,False,False,False
2025-03-11 17:00:00+00:00,13.435,13.45,13.42,13.425,200.0,,,,,,,,,,,,,,,,,,,,,,,,,,,,,,,,,,,,,,,,,"rgba(239, 83, 80, 0.5)",0.33480762258967295,13.7131458826586,-0.8606311900244249,44.4449985731342,-11.110211595855972,True,False,False,True,True,0.0,0.0,0.0,0.0,0.0,0,0.9159310634720478,1.0294241277847838,False,False,False,False,-0.2725762539715699,-0.2647571899232857,False,False,False,False,-12959.0,-13027.832317734314,False,False,False,False,1453.1783288748193,False,False,False,False
2025-03-11 18:00:00+00:00,13.425,13.475,13.39,13.455,3906.0,,,,,,,,,,,,,,,,,,,,,,,,,,,,,,,,,,,,,,,,,"rgba(239, 83, 80, 0.5)",0.3321354873872812,13.70344793733834,-0.7480318929264012,45.62910316480416,-9.67076533805134,True,False,False,True,True,0.0,0.0,0.0,0.0,0.0,0,0.9078341013824892,1.0276497695852536,False,False,False,False,-0.27378457317400956,-0.26927088154864764,False,False,False,False,-9053.0,-12966.207010482618,False,False,False,False,1491.2065718380004,False,False,False,False
2025-03-11 19:00:00+00:00,13.455,13.485,13.445,13.46,5366.0,,,,,,,,,,,,,,,,,,,,,,,,,,,,,,,,,,,,,,,,,"rgba(239, 83, 80, 0.5)",0.32914538533099574,13.693697403944679,-0.710012700647973,46.62937587959085,-8.3951064883029,True,False,False,True,True,0.0,0.0,0.0,0.0,0.0,0,0.9152684563758396,1.0247483221476512,False,False,False,False,-0.25813576501630264,-0.26370332328247514,False,False,False,False,-3687.0,-12822.34333590149,False,False,False,False,1551.2808885536901,False,False,False,False
2025-03-12 14:00:00+00:00,13.585,13.66,13.575,13.645,3509.0,,,,,,,,,,,,,,,,,,,,,,,,,,,,,,,,,,,,,,,,,"rgba(38, 166, 154, 1.0)",0.3254283386609234,13.696256856606405,-0.15750581777025974,53.052247305923444,-2.237295783512309,True,False,True,False,True,0.0,0.0,0.0,0.0,0.0,0,0.9170124481327808,1.0170124481327805,False,False,False,False,-0.18620423508508613,-0.22495377918378062,False,False,False,False,-178.0,-12626.30700511232,False,False,False,False,1581.6331228396793,False,False,False,False
2025-03-12 15:00:00+00:00,13.65,13.68,13.59,13.66,0.0,,,,,,,,,,,,,,,,,,,,,,,,,,,,,,,,,,,,,,,,,"rgba(38, 166, 154, 1.0)",0.3221127187858448,13.696256856606405,-0.11255953115750893,57.672341573224294,1.962731918849009,True,False,True,False,True,0.0,0.0,0.0,0.0,0.0,0,0.9157372986369277,1.015282940933499,False,False,False,False,-0.1780834853991936,-0.20151863229148712,False,False,False,False,-178.0,-12433.309997281121,False,False,False,False,1557.111679074723,False,False,False,False
2025-03-12 16:00:00+00:00,13.665,13.705,13.655,13.675,100.0,,,,,,,,,,,,,,,,,,,,,,,,,,,,,,,,,,,,,,,,,"rgba(38, 166, 154, 1.0)",0.31903659876471313,13.694384916869707,-0.06076079341606265,61.109583966451694,5.0157918573673825,True,False,True,False,True,0.0,0.0,0.0,0.0,0.0,0,0.9182992913714054,1.020842017507295,False,False,False,False,-0.15730520672142523,-0.17941191950645619,False,False,False,False,-78.0,-12241.754803524826,False,False,False,False,1534.5208003293785,False,False,False,False
2025-03-12 17:00:00+00:00,13.675,13.7,13.665,13.68,3100.0,,,,,,,,,,,,,,,,,,,,,,,,,,,,,,,,,,,,,,,,,"rgba(38, 166, 154, 1.0)",0.3146187883486732,13.698158692898483,-0.05771649237412662,63.52912841698821,7.191256776199836,True,False,True,False,True,0.0,0.0,0.0,0.0,0.0,0,0.9168407856247395,1.0221479314667785,False,False,False,False,-0.1561549590030093,-0.16778343925473274,False,False,False,False,3022.0,-12005.107442229868,False,False,False,False,1558.791795673109,False,False,False,False
2025-03-12 18:00:00+00:00,13.675,13.705,13.67,13.695,0.0,,,,,,,,,,,,,,,,,,,,,,,,,,,,,,,,,,,,,,,,,"rgba(38, 166, 154, 1.0)",0.3087865964742761,13.698158692898483,-0.01022937178798732,65.55252186480412,9.109614844575098,True,False,True,False,True,0.0,0.0,0.0,0.0,0.0,0,0.914297658862877,1.0225752508361208,False,False,False,False,-0.15385568951593784,-0.1608195643853353,False,False,False,False,3022.0,-11772.129032272816,False,False,False,False,1534.6244810115104,False,False,False,False
2025-03-12 19:00:00+00:00,13.695,13.705,13.67,13.7,426.0,,,,,,,,,,,,,,,,,,,,,,,,,,,,,,,,,,,,,,,,,"rgba(38, 166, 154, 1.0)",0.30284280702333194,13.697465478456376,0.00836909936390844,67.04722060620054,10.645337349799021,True,False,True,False,True,0.0,0.0,0.0,0.0,0.0,0,0.913352867308498,1.0242779405609046,False,False,False,False,-0.15385568951593784,-0.15733762695063658,False,False,False,False,3448.0,-11536.1580395244,False,False,False,False,1517.4365045617196,False,False,False,False
2025-03-13 14:00:00+00:00,13.585,13.635,13.55,13.605,2884.0,,,,,,,,,,,,,,,,,,,,,,,,,,,,,,,,,,,,,,,,,"rgba(38, 166, 154, 0.75)",0.29652719669262,13.678669370926157,-0.24844051995177313,62.55357006756767,10.645337349799021,True,False,True,False,False,0.0,0.0,0.0,0.0,0.0,0,0.903814262023218,1.024046434494196,False,False,False,False,-0.19712981576055685,-0.17723372135559673,False,False,False,False,564.0,-11348.55869007441,False,False,False,False,1538.6235354987473,False,False,False,False
2025-03-13 15:00:00+00:00,13.605,13.615,13.465,13.535,12236.0,,,,,,,,,,,,,,,,,,,,,,,,,,,,,,,,,,,,,,,,,"rgba(38, 166, 154, 0.75)",0.2906031627463879,13.65441801615466,-0.4109315777092097,56.644886471565485,13.648817980923369,True,False,True,False,False,0.0,0.0,0.0,0.0,0.0,0,0.8985209531635175,1.0250616269515205,False,False,False,False,-0.22167761324054402,-0.19945566729807038,False,False,False,False,-11672.0,-11353.573284026745,False,False,False,False,1704.4743333979916,False,False,False,False
2025-03-13 16:00:00+00:00,13.54,13.58,13.5,13.51,5700.0,,,,,,,,,,,,,,,,,,,,,,,,,,,,,,,,,,,,,,,,,#000000,0.28416306700318067,13.648602318053603,-0.487756271479334,51.78657837108803,9.274592222566525,True,False,False,False,False,0.0,0.0,0.0,0.0,0.0,0,0.9075770191507085,1.0258118234804334,False,False,False,False,-0.22167761324054402,-0.21056664026930721,False,False,False,False,-17372.0,-11446.882225359665,False,False,False,False,1766.420467763914,False,False,False,False
2025-03-13 17:00:00+00:00,13.51,13.525,13.465,13.465,2000.0,,,,,,,,,,,,,,,,,,,,,,,,,,,,,,,,,,,,,,,,,"rgba(239, 83, 80, 0.5)",0.28486997191860436,13.645199209324256,-0.6325665288995215,46.99435328529469,4.971881790250585,True,False,False,True,False,0.0,0.0,0.0,0.0,0.0,0,0.9057154776804347,1.0296203587818107,False,False,False,False,-0.2431394708914972,-0.2268530555804022,False,False,False,False,-19372.0,-11569.752268377344,False,False,False,False,1770.0418558605975,False,False,False,False
2025-03-13 18:00:00+00:00,13.465,13.505,13.455,13.495,4000.0,,,,,,,,,,,,,,,,,,,,,,,,,,,,,,,,,,,,,,,,,"rgba(239, 83, 80, 0.5)",0.28503358423903263,13.626352591268171,-0.46083198097111955,45.399852080304605,3.5310189437867976,False,False,False,True,False,0.0,0.0,0.0,0.0,0.0,0,0.9102348993288599,1.0281040268456378,False,False,False,False,-0.25034158641540066,-0.23859732099790143,False,False,False,False,-15372.0,-11628.701845611804,False,False,False,False,1804.6148503433787,False,False,False,False
2025-03-13 19:00:00+00:00,13.495,13.515,13.485,13.49,1837.0,,,,,,,,,,,,,,,,,,,,,,,,,,,,,,,,,,,,,,,,,"rgba(239, 83, 80, 0.5)",0.28522761576116434,13.62469991783972,-0.47225412406248646,44.13736006021152,2.167858000620569,False,False,False,True,False,0.0,0.0,0.0,0.0,0.0,0,0.9145982330668918,1.0210349179638203,False,False,False,False,-0.2407442872177334,-0.2396708041078174,False,False,False,False,-17209.0,-11715.218096067434,False,False,False,False,1805.116945686892,False,False,False,False
2025-03-14 14:00:00+00:00,13.55,13.565,13.5,13.555,5900.0,,,,,,,,,,,,,,,,,,,,,,,,,,,,,,,,,,,,,,,,,"rgba(239, 83, 80, 0.5)",0.28454559950595587,13.624432197935624,-0.24401079495229017,46.63827233715759,2.167858000620569,False,False,False,True,False,0.0,0.0,0.0,0.0,0.0,0,0.9161073825503364,1.0130033557046985,False,False,False,False,-0.22524016023333554,-0.2324554821705765,False,False,False,False,-11309.0,-11708.920141089644,False,False,False,False,1868.6035046684904,False,False,False,False
2025-03-14 15:00:00+00:00,13.555,13.575,13.535,13.565,0.0,,,,,,,,,,,,,,,,,,,,,,,,,,,,,,,,,,,,,,,,,#000000,0.2833892366683412,13.624432197935624,-0.20971931973965455,48.77087986102521,2.167858000620569,True,False,False,False,True,0.0,0.0,0.0,0.0,0.0,0,0.9202685690306346,1.0113302559798576,False,False,False,False,-0.21456900055727626,-0.2235122413639264,False,False,False,False,-11309.0,-11702.71982882469,False,False,False,False,1839.6329076968857,False,False,False,False
2025-03-14 16:00:00+00:00,13.565,13.58,13.55,13.575,0.0,,,,,,,,,,,,,,,,,,,,,,,,,,,,,,,,,,,,,,,,,#000000,0.2819914221428869,13.624432197935624,-0.17529681420797644,50.68501500603985,2.167858000620569,True,False,False,False,True,0.0,0.0,0.0,0.0,0.0,0,0.9263157894736851,1.0080000000000005,False,False,False,False,-0.20984180589197332,-0.21667702362794986,False,False,False,False,-11309.0,-11696.615645432059,False,False,False,False,1811.1114672674767,False,False,False,False
2025-03-14 17:00:00+00:00,13.575,13.615,13.575,13.595,500.0,,,,,,,,,,,,,,,,,,,,,,,,,,,,,,,,,,,,,,,,,"rgba(38, 166, 154, 1.0)",0.28120536883115366,13.62484828137856,-0.10614406653267361,52.963229281552046,-4.281277998757005,True,False,True,False,True,0.0,0.0,0.0,0.0,0.0,0,0.9276343630977579,1.0080406263224717,False,False,False,False,-0.1957146297239168,-0.20619582667593334,False,False,False,False,-10809.0,-11682.854162557143,False,False,False,False,1790.7841576974383,False,False,False,False
2025-03-14 18:00:00+00:00,13.59,13.625,13.59,13.605,0.0,,,,,,,,,,,,,,,,,,,,,,,,,,,,,,,,,,,,,,,,,"rgba(38, 166, 154, 1.0)",0.2801464063824748,13.62484828137856,-0.07084967333638038,54.98960698760393,-2.024922229508711,True,False,True,False,True,0.0,0.0,0.0,0.0,0.0,0,0.9250317662007633,1.006353240152478,False,False,False,False,-0.1898513063667201,-0.19802356652132672,False,False,False,False,-10809.0,-11669.30603600587,False,False,False,False,1763.020062229261,False,False,False,False
2025-03-14 19:00:00+00:00,13.61,13.615,13.595,13.6,623.0,,,,,,,,,,,,,,,,,,,,,,,,,,,,,,,,,,,,,,,,,"rgba(38, 166, 154, 1.0)",0.27903845516248327,13.62542614125835,-0.09112056344902258,55.95154912998076,-0.7314071722393507,True,False,True,False,True,0.0,0.0,0.0,0.0,0.0,0,0.9256268593285176,1.0080747981300469,False,False,False,False,-0.1910229271451492,-0.19452324683323796,False,False,False,False,-11432.0,-11665.626872656941,False,False,False,False,1745.3453325822957,False,False,False,False
2025-03-17 14:00:00+00:00,13.73,13.735,13.645,13.655,100.0,,,,,,,,,,,,,,,,,,,,,,,,,,,,,,,,,,,,,,,,,"rgba(38, 166, 154, 1.0)",0.27830932625603266,13.625655436952266,0.10543866223418319,59.352254346856235,2.808752440568597,True,False,True,False,True,0.0,0.0,0.0,0.0,0.0,0,0.9262536873156351,0.9974715549936791,False,False,False,False,-0.1514557771903496,-0.1729895120117938,False,False,False,False,-11332.0,-11660.454363003346,False,False,False,False,1719.8361026197795,False,False,False,False
2025-03-17 15:00:00+00:00,13.655,13.715,13.635,13.705,5500.0,,,,,,,,,,,,,,,,,,,,,,,,,,,,,,,,,,,,,,,,,"rgba(38, 166, 154, 1.0)",0.27674089419984227,13.636317453216021,0.2481835833571504,63.50744793043518,6.899417555437935,True,False,True,False,True,0.0,0.0,0.0,0.0,0.0,0,0.9228511530398331,1.0008385744234802,False,False,False,False,-0.15840068938353485,-0.16569510069766433,False,False,False,False,-5832.0,-11570.09072946841,False,False,False,False,1778.4432948272247,False,False,False,False
2025-03-17 16:00:00+00:00,13.705,13.715,13.67,13.695,1400.0,,,,,,,,,,,,,,,,,,,,,,,,,,,,,,,,,,,,,,,,,"rgba(38, 166, 154, 1.0)",0.2753626274144375,13.6386139129567,0.20477029716322362,65.40888502244022,8.833733933268213,True,False,True,False,True,0.0,0.0,0.0,0.0,0.0,0,0.9315010570824532,1.0050739957716703,False,False,False,False,-0.15029971781045037,-0.15799740925405736,False,False,False,False,-7232.0,-11502.833508856496,False,False,False,False,1772.5759569229267,False,False,False,False
2025-03-17 17:00:00+00:00,13.695,13.745,13.69,13.745,9.0,,,,,,,,,,,,,,,,,,,,,,,,,,,,,,,,,,,,,,,,,"rgba(38, 166, 154, 1.0)",0.26909256922259406,13.638632593514332,0.39528184220382395,68.41620240591268,11.824368364888471,True,False,True,False,True,0.0,0.0,0.0,0.0,0.0,0,0.9367572156196952,0.9949066213921904,False,False,False,False,-0.13876050646161833,-0.14837895785783783,False,False,False,False,-7223.0,-11436.479500967247,False,False,False,False,1745.2336940248967,False,False,False,False
2025-03-17 18:00:00+00:00,13.745,13.755,13.705,13.715,900.0,,,,,,,,,,,,,,,,,,,,,,,,,,,,,,,,,,,,,,,,,"rgba(38, 166, 154, 1.0)",0.2627088272744821,13.640431884771443,0.28384320390820666,67.87369715899935,11.824368364888471,True,False,True,False,True,0.0,0.0,0.0,0.0,0.0,0,0.9363327674023778,0.9915110356536504,False,False,False,False,-0.13300482836427788,-0.14069189311105784,False,False,False,False,-8123.0,-11385.107725758453,False,False,False,False,1732.1292956679215,False,False,False,False
2025-03-17 19:00:00+00:00,13.715,13.725,13.7,13.7,2485.0,,,,,,,,,,,,,,,,,,,,,,,,,,,,,,,,,,,,,,,,,"rgba(38, 166, 154, 1.0)",0.25514459775933235,13.644399383110539,0.21791806441422806,66.29645129195016,11.824368364888471,True,False,True,False,True,0.0,0.0,0.0,0.0,0.0,0,0.93872340425532,0.9914893617021279,False,False,False,False,-0.14106531697909724,-0.14087860504507754,False,False,False,False,-10608.0,-11373.05954396375,False,False,False,False,1743.801709688574,False,False,False,False
2025-03-18 14:00:00+00:00,13.805,13.815,13.765,13.775,0.0,,,,,,,,,,,,,,,,,,,,,,,,,,,,,,,,,,,,,,,,,"rgba(38, 166, 154, 1.0)",0.24625214134525383,13.644399383110539,0.5303532232288494,68.13174237953214,12.171162466995675,True,False,True,False,True,0.2771113152018003,0.0,0.0,0.0,0.0,0,0.9377646062658772,0.9864521591871298,False,False,False,False,-0.10549234960683986,-0.12318547732595869,False,False,False,False,-10608.0,-11361.198155685242,False,False,False,False,1716.7660242670456,False,False,False,False
2025-03-18 15:00:00+00:00,13.775,13.785,13.695,13.695,400.0,,,,,,,,,,,,,,,,,,,,,,,,,,,,,,,,,,,,,,,,,"rgba(38, 166, 154, 0.75)",0.23680350694385136,13.651231889005958,0.18482881254127845,64.09111703615068,12.171162466995675,True,False,True,False,False,0.0,0.0,0.0,0.0,0.0,0,0.9321819713563614,0.9869418702611628,False,False,False,False,-0.12840660327736397,-0.12579604030166133,False,False,False,False,-11008.0,-11355.72221528702,False,False,False,False,1696.3510471466261,False,False,False,False
2025-03-18 16:00:00+00:00,13.695,13.705,13.61,13.62,703.0,,,,,,,,,,,,,,,,,,,,,,,,,,,,,,,,,,,,,,,,,"rgba(38, 166, 154, 0.75)",0.22769018384600065,13.647686314910507,-0.12159643618731196,57.881943920592114,14.277753239821635,True,False,True,False,False,0.0,0.0,0.0,0.0,0.0,0,0.9243627246134567,0.9924780610112831,False,False,False,False,-0.16652233219213344,-0.1461591862468974,False,False,False,False,-11711.0,-11361.230397995749,False,False,False,False,1680.9502557179962,False,False,False,False
2025-03-18 17:00:00+00:00,13.62,13.73,13.605,13.665,2956.0,,,,,,,,,,,,,,,,,,,,,,,,,,,,,,,,,,,,,,,,,"rgba(38, 166, 154, 0.75)",0.21994251910832857,13.64946975561029,0.07061046882917342,55.792437732093404,12.398818001031707,True,False,True,False,False,0.0,0.0,0.0,0.0,0.0,0,0.9247311827956998,0.990488006617039,False,False,False,False,-0.16187879532639649,-0.15401899078664694,False,False,False,False,-8755.0,-11320.823725158605,False,False,False,False,1700.7184688076397,False,False,False,False
2025-03-18 18:00:00+00:00,13.66,13.675,13.63,13.635,500.0,,,,,,,,,,,,,,,,,,,,,,,,,,,,,,,,,,,,,,,,,#000000,0.21232002447437348,13.649508971254876,-0.06833538801060147,53.05784334704201,9.808193251541539,False,False,False,False,False,0.0,0.0,0.0,0.0,0.0,0,0.9270704573547598,0.9950556242274414,False,False,False,False,-0.168846759506984,-0.16143287514681548,False,False,False,False,-9255.0,-11288.795450349944,False,False,False,False,1682.1026785935678,False,False,False,False
2025-03-18 19:00:00+00:00,13.635,13.655,13.635,13.65,860.0,,,,,,,,,,,,,,,,,,,,,,,,,,,,,,,,,,,,,,,,,#000000,0.20283179913106453,13.649643808658775,0.001756092204237621,51.96889091927386,8.650262637129416,False,False,False,False,False,0.0,0.0,0.0,0.0,0.0,0,0.9276018099547519,0.9967091731797616,False,False,False,False,-0.17233680053349432,-0.1668848378401549,False,False,False,False,-8395.0,-11243.930404608085,False,False,False,False,1669.3569006308767,False,False,False,False
2025-03-19 14:00:00+00:00,13.655,13.71,13.645,13.685,4200.0,,,,,,,,,,,,,,,,,,,,,,,,,,,,,,,,,,,,,,,,,"rgba(38, 166, 154, 0.5)",0.19197226714126475,13.653331686696363,0.16496295936502958,52.90559115683715,8.650262637129416,False,False,True,False,False,0.0,0.0,0.0,0.0,0.0,0,0.9288052373158764,0.9922258592471359,False,False,False,False,-0.15724216886697878,-0.16206350335356684,False,False,False,False,-4195.0,-11134.644661900982,False,False,False,False,1708.5916773652816,False,False,False,False
2025-03-19 15:00:00+00:00,13.685,13.75,13.685,13.695,2800.0,,,,,,,,,,,,,,,,,,,,,,,,,,,,,,,,,,,,,,,,,"rgba(38, 166, 154, 0.5)",0.1823287299516221,13.656690287385429,0.21011341780714737,53.996499834634626,8.650262637129416,False,False,True,False,False,0.0,0.0,0.0,0.0,0.0,0,0.9324379324379333,0.9890109890109892,False,False,False,False,-0.13876050646161758,-0.1504120049075922,False,False,False,False,-1395.0,-10983.642419080812,False,False,False,False,1725.512736630936,False,False,False,False
2025-03-19 16:00:00+00:00,13.695,13.76,13.665,13.745,5500.0,,,,,,,,,,,,,,,,,,,,,,,,,,,,,,,,,,,,,,,,,"rgba(38, 166, 154, 1.0)",0.16997289132032076,13.662988758435196,0.48249600820315425,56.88937231322271,8.650262637129416,True,False,True,False,True,0.0,0.0,0.0,0.0,0.0,0,0.9301848049281322,0.9954825462012322,False,False,False,False,-0.14106531697909724,-0.14573866094334473,False,False,False,False,4105.0,-10749.709978474908,False,False,False,False,1784.0319190087507,False,False,False,False
2025-03-19 17:00:00+00:00,13.745,13.755,13.675,13.68,5400.0,,,,,,,,,,,,,,,,,,,,,,,,,,,,,,,,,,,,,,,,,"rgba(38, 166, 154, 0.5)",0.16102151386673066,13.666599425053516,0.08322226406078279,55.09530022225021,8.650262637129416,False,False,True,False,True,0.0,0.0,0.0,0.0,0.0,0,0.9278392783927847,0.9967199671996723,False,False,False,False,-0.13991272711390146,-0.1428256940286231,False,False,False,False,-1295.0,-10603.12532764584,False,False,False,False,1840.093439644274,False,False,False,False
2025-03-19 18:00:00+00:00,13.685,13.69,13.635,13.675,100.0,,,,,,,,,,,,,,,,,,,,,,,,,,,,,,,,,,,,,,,,,"rgba(38, 166, 154, 0.5)",0.15131852925964853,13.666616188840525,0.05540505317157821,53.63852368810267,8.650262637129416,False,False,True,False,False,0.0,0.0,0.0,0.0,0.0,0,0.9244663382594425,1.0028735632183912,False,False,False,False,-0.1641996864915764,-0.15351269026009975,False,False,False,False,-1395.0,-10460.363694659081,False,False,False,False,1813.115246781572,False,False,False,False
2025-03-19 19:00:00+00:00,13.675,13.705,13.675,13.685,2734.0,,,,,,,,,,,,,,,,,,,,,,,,,,,,,,,,,,,,,,,,,"rgba(38, 166, 154, 0.5)",0.14106681695867615,13.667749561653649,0.12228558578311993,53.21001335979511,8.596916292176878,False,False,True,False,False,0.0,0.0,0.0,0.0,0.0,1,0.9289256198347116,1.003305785123967,False,False,False,False,-0.15145577719034886,-0.1524842337252243,False,False,False,False,1339.0,-10277.427823424056,False,False,False,False,1827.3925297772064,False,False,False,False
2025-03-20 14:00:00+00:00,13.655,13.835,13.655,13.835,3126.0,,,,,,,,,,,,,,,,,,,,,,,,,,,,,,,,,,,,,,,,,"rgba(38, 166, 154, 1.0)",0.1412994711262089,13.671889727428745,1.1543586913044108,58.6096207911909,3.093308277802713,True,False,True,False,True,2.7897010566800766,0.0,0.0,0.0,0.0,0,0.9223856209150334,0.9926470588235295,False,False,False,False,-0.12610952620921112,-0.1392968799672177,False,False,False,False,4465.0,-10048.86305096787,False,False,False,False,1847.525978927947,False,False,False,False
2025-03-20 15:00:00+00:00,13.835,13.89,13.825,13.85,9710.0,,,,,,,,,,,,,,,,,,,,,,,,,,,,,,,,,,,,,,,,,"rgba(38, 166, 154, 1.0)",0.14200865980448255,13.689894400543237,1.1274354653948313,62.60410571150249,6.826175074774568,True,False,True,False,True,3.2627308676405846,0.0,0.0,0.0,0.0,0,0.9356939356939363,0.9873829873829876,False,False,False,False,-0.07472784827827098,-0.10701236412274434,False,False,False,False,14175.0,-9673.299282735808,False,False,False,False,1969.424800960072,False,False,False,False
2025-03-20 16:00:00+00:00,13.845,13.87,13.835,13.86,0.0,,,,,,,,,,,,,,,,,,,,,,,,,,,,,,,,,,,,,,,,,"rgba(38, 166, 154, 1.0)",0.14274159226437108,13.689894400543237,1.1917031102028832,65.54366473899827,9.535459826052453,True,False,True,False,True,3.5809936369386755,0.0,0.0,0.0,0.0,0,0.9350971475816462,1.0008267879288966,False,False,False,False,-0.0770011568658672,-0.09200676049430577,False,False,False,False,14175.0,-9303.558208584865,False,False,False,False,1938.8910831157298,False,False,False,False
2025-03-20 17:00:00+00:00,13.86,13.875,13.85,13.865,1001.0,,,,,,,,,,,,,,,,,,,,,,,,,,,,,,,,,,,,,,,,,"rgba(38, 166, 154, 1.0)",0.1461981562842251,13.691578544709376,1.1862082238128502,67.65218963379951,11.526084891111942,True,False,True,False,True,3.7422871142369623,0.0,0.0,0.0,0.0,0,0.9356044869131708,0.9970918155380144,False,False,False,False,-0.07245531037299784,-0.0822310354336518,False,False,False,False,15176.0,-8924.030174343241,False,False,False,False,1924.3501360906798,False,False,False,False
2025-03-20 18:00:00+00:00,13.865,13.88,13.85,13.875,178.0,,,,,,,,,,,,,,,,,,,,,,,,,,,,,,,,,,,,,,,,,"rgba(38, 166, 154, 1.0)",0.14879779495607318,13.691882004261664,1.2306499285987005,69.37629135178287,13.247364735969754,True,False,True,False,True,4.069207298201373,0.0,0.0,0.0,0.0,0,0.9351351351351359,0.9933471933471935,False,False,False,False,-0.07131932297037581,-0.07677517920201381,False,False,False,False,15354.0,-8547.626605748772,False,False,False,False,1897.274940182297,False,False,False,False
2025-03-20 19:00:00+00:00,13.875,13.895,13.875,13.88,599.0,,,,,,,,,,,,,,,,,,,,,,,,,,,,,,,,,,,,,,,,,"rgba(38, 166, 154, 1.0)",0.1508479934143074,13.692976285842464,1.239815723924625,70.69547760645644,14.67798343100813,True,False,True,False,True,4.2348503463550635,0.0,0.0,0.0,0.0,0,0.9415448851774538,0.9899791231732781,False,False,False,False,-0.062237788511225,-0.06950648385661941,False,False,False,False,15953.0,-8167.771929690652,False,False,False,False,1877.1466465360597,False,False,False,False
2025-03-21 14:00:00+00:00,13.815,13.895,13.815,13.89,102.0,,,,,,,,,,,,,,,,,,,,,,,,,,,,,,,,,,,,,,,,,"rgba(38, 166, 154, 1.0)",0.15237288307143537,13.693145464537192,1.29192630273012,71.93462260728978,16.10523046060956,True,False,True,False,True,4.570508247540918,0.0,0.0,0.0,0.0,0,0.9371357202331398,0.9875104079933391,False,False,False,False,-0.07586440474411517,-0.07268544430036729,False,False,False,False,16055.0,-7792.22507806754,False,False,False,False,1849.6249931013922,False,False,False,False
2025-03-21 15:00:00+00:00,13.895,13.895,13.815,13.825,100.0,,,,,,,,,,,,,,,,,,,,,,,,,,,,,,,,,,,,,,,,,"rgba(38, 166, 154, 0.75)",0.15183330119363528,13.693291072283104,0.8674574463010895,67.09694317307728,16.10523046060956,True,False,True,False,False,2.1435389388626227,0.0,0.0,0.0,0.0,0,0.9353233830845779,0.9883913764510782,False,False,False,False,-0.07586440474411517,-0.07427492452224123,False,False,False,False,15955.0,-7424.051045849439,False,False,False,False,1822.4990242160993,False,False,False,False
2025-03-21 16:00:00+00:00,13.825,13.89,13.815,13.885,100.0,,,,,,,,,,,,,,,,,,,,,,,,,,,,,,,,,,,,,,,,,"rgba(38, 166, 154, 0.75)",0.15331669514118423,13.693453120248346,1.249354348365417,66.59217877352862,16.10523046060956,True,False,True,False,False,4.178194795001943,0.0,0.0,0.0,0.0,0,0.9339426672206074,0.99501454092231,False,False,False,False,-0.0770011568658672,-0.07563804069405422,False,False,False,False,16055.0,-7060.0347505649515,False,False,False,False,1795.7936129879429,False,False,False,False
2025-03-21 17:00:00+00:00,13.885,13.89,13.86,13.875,218.0,,,,,,,,,,,,,,,,,,,,,,,,,,,,,,,,,,,,,,,,,"rgba(38, 166, 154, 0.75)",0.15383901144198525,13.693828281080538,1.1776708470840895,65.49727947621881,21.1606644348566,True,False,True,False,False,3.80391759406357,0.0,0.0,0.0,0.0,0,0.9356456330965324,1.0000000000000002,False,False,False,False,-0.0667771809245983,-0.07120761080932626,False,False,False,False,15837.0,-6705.041963734487,False,False,False,False,1771.3316965075096,False,False,False,False
2025-03-21 18:00:00+00:00,13.875,13.89,13.855,13.89,2200.0,,,,,,,,,,,,,,,,,,,,,,,,,,,,,,,,,,,,,,,,,"rgba(38, 166, 154, 0.75)",0.1525405868306415,13.697574899450698,1.261468206903797,65.44376690366641,20.76331871208879,True,False,True,False,False,4.315338109154027,0.0,0.0,0.0,0.0,0,0.9303399076793964,1.0033571128829208,False,False,False,False,-0.06655249221436811,-0.06888005151184719,False,False,False,False,18037.0,-6321.444413909146,False,False,False,False,1777.9777167166953,False,False,False,False
2025-03-21 19:00:00+00:00,13.885,13.885,13.85,13.85,2420.0,,,,,,,,,,,,,,,,,,,,,,,,,,,,,,,,,,,,,,,,,"rgba(38, 166, 154, 0.75)",0.15352958455405002,13.701138554638154,0.9695945299027283,62.30887823460296,17.50908362145691,True,False,True,False,False,2.794738309072283,0.0,0.0,0.0,0.0,0,0.9296842105263164,1.0025263157894737,False,False,False,False,-0.058996944657896344,-0.06393849808487176,False,False,False,False,15617.0,-5981.313492763267,False,False,False,False,1787.931550566049,False,False,False,False
2025-03-24 14:00:00+00:00,13.945,14.0,13.895,13.985,6406.0,,,,,,,,,,,,,,,,,,,,,,,,,,,,,,,,,,,,,,,,,"rgba(38, 166, 154, 1.0)",0.15841080134254687,13.71481532971925,1.7055949972533908,65.35914355346841,17.50908362145691,True,False,True,False,True,7.266792839447493,0.0,0.0,0.0,0.0,0,0.9354026845637591,0.9874161073825503,False,False,False,False,-0.013297510214974146,-0.03861800414992295,False,False,False,False,22023.0,-5547.138089774689,False,False,False,False,1859.5295110223892,False,False,False,False
2025-03-24 15:00:00+00:00,13.985,14.025,13.975,14.01,2000.0,,,,,,,,,,,,,,,,,,,,,,,,,,,,,,,,,,,,,,,,,"rgba(38, 166, 154, 1.0)",0.16348700254150447,13.719418616429207,1.7773974631226266,68.04053989829677,12.747184521860383,True,False,True,False,True,8.050342930619006,0.0,0.0,0.0,0.0,0,0.9418166596902477,0.9790707408957723,False,False,False,False,0.09381161128072048,0.027596803565398762,False,False,False,False,24023.0,-5088.686336444849,False,False,False,False,1861.7073480608017,False,False,False,False
2025-03-24 16:00:00+00:00,14.01,14.03,13.97,13.995,0.0,,,,,,,,,,,,,,,,,,,,,,,,,,,,,,,,,,,,,,,,,"rgba(38, 166, 154, 1.0)",0.16771968248210406,13.719418616429207,1.6431069955083943,68.75281056967899,13.553553776058571,True,False,True,False,True,7.466270570304701,0.0,0.0,0.0,0.0,0,0.949957228400343,0.9773310521813517,False,False,False,False,0.10783995104548216,0.06771837730544046,False,False,False,False,24023.0,-4637.342362236402,False,False,False,False,1832.8436682459055,False,False,False,False
2025-03-24 17:00:00+00:00,13.995,13.995,13.945,13.975,1400.0,,,,,,,,,,,,,,,,,,,,,,,,,,,,,,,,,,,,,,,,,"rgba(38, 166, 154, 1.0)",0.1688978048065587,13.722191550263679,1.4968131174106525,67.78092892782601,13.553553776058571,True,False,True,False,True,6.6846814498540645,0.0,0.0,0.0,0.0,0,0.9494430162810635,0.9760068551842331,False,False,False,False,0.09310493750904802,0.08041165740724424,False,False,False,False,22623.0,-4214.701395380023,False,False,False,False,1826.1329136994573,False,False,False,False
2025-03-24 18:00:00+00:00,13.975,14.015,13.97,14.015,5450.0,,,,,,,,,,,,,,,,,,,,,,,,,,,,,,,,,,,,,,,,,"rgba(38, 166, 154, 1.0)",0.17012467606261994,13.733471425626645,1.6548367990410162,68.52406292185701,13.732071321477108,True,False,True,False,True,7.980977389586673,0.0,0.0,0.0,0.0,0,0.9515645092156032,0.9725675096442349,False,False,False,False,0.12021070468692358,0.1003111810470839,False,False,False,False,28073.0,-3714.1168776221934,False,False,False,False,1882.316899533574,False,False,False,False
2025-03-24 19:00:00+00:00,14.015,14.03,14.01,14.02,867.0,,,,,,,,,,,,,,,,,,,,,,,,,,,,,,,,,,,,,,,,,"rgba(38, 166, 154, 1.0)",0.173474613247724,13.735293973149242,1.6411970692460576,69.18830704667786,14.672777093145484,True,False,True,False,True,8.142792187535502,0.0,0.0,0.0,0.0,0,0.9598965071151366,0.9693833548943511,False,False,False,False,0.13817186224950814,0.11924152164829602,False,False,False,False,28940.0,-3207.8514996745625,False,False,False,False,1866.5755522539837,False,False,False,False
2025-03-25 14:00:00+00:00,14.07,14.07,13.995,14.005,4551.0,,,,,,,,,,,,,,,,,,,,,,,,,,,,,,,,,,,,,,,,,"rgba(38, 166, 154, 1.0)",0.17619813785562488,13.744537426383499,1.4782368121842633,68.36363454238614,14.672777093145484,True,False,True,False,True,7.532775417721325,0.0,0.0,0.0,0.0,0,0.9629789065863116,0.9586741282823934,False,False,False,False,0.14636471409637464,0.13280311787233534,False,False,False,False,24389.0,-2779.9933368889106,False,False,False,False,1908.1945359399685,False,False,False,False
2025-03-25 15:00:00+00:00,14.005,14.015,13.975,13.985,0.0,,,,,,,,,,,,,,,,,,,,,,,,,,,,,,,,,,,,,,,,,"rgba(38, 166, 154, 0.75)",0.17841373114047435,13.744537426383499,1.347780644905477,66.14972517185842,14.672777093145484,True,False,True,False,False,6.717052761710768,0.0,0.0,0.0,0.0,0,0.9633936261843248,0.9603789836347976,False,False,False,False,0.12184018033550466,0.12732164910392,False,False,False,False,24389.0,-2358.768633991408,False,False,False,False,1878.6101245300465,False,False,False,False
2025-03-25 16:00:00+00:00,13.985,13.99,13.905,13.96,0.0,,,,,,,,,,,,,,,,,,,,,,,,,,,,,,,,,,,,,,,,,"rgba(38, 166, 154, 0.5)",0.17892088945869544,13.744537426383499,1.204233749722347,62.71486945345747,16.930323711693504,False,False,True,False,False,5.69969915793957,0.0,0.0,0.0,0.0,0,0.9567474048442914,0.9731833910034602,False,False,False,False,0.09098008314083271,0.10915086612237634,False,False,False,False,24389.0,-1944.0745466427038,False,False,False,False,1849.4843861652396,False,False,False,False
2025-03-25 17:00:00+00:00,13.96,13.975,13.935,13.975,0.0,,,,,,,,,,,,,,,,,,,,,,,,,,,,,,,,,,,,,,,,,"rgba(38, 166, 154, 0.5)",0.1820590439816202,13.744537426383499,1.2658672075624406,61.31377211233689,15.56426840379774,False,False,True,False,False,6.223929035955809,0.0,0.0,0.0,0.0,0,0.9574283231972207,0.9748045178105995,False,False,False,False,0.09583976747252361,0.10249531679744997,False,False,False,False,24389.0,-1535.8098249893285,False,False,False,False,1820.8102096355458,False,False,False,False
2025-03-25 18:00:00+00:00,13.975,14.0,13.965,13.985,0.0,,,,,,,,,,,,,,,,,,,,,,,,,,,,,,,,,,,,,,,,,"rgba(38, 166, 154, 0.5)",0.18496780825347994,13.744537426383499,1.3000239116580272,60.97891834698264,15.115307064584371,False,True,True,False,False,6.576038363888429,0.0,0.0,0.0,0.0,0,0.9556714471968717,0.9726205997392439,False,False,False,False,0.11369906270573478,0.10809718975159238,False,False,False,False,24389.0,-1133.8747889429824,False,False,False,False,1792.5805939822815,False,False,False,False
2025-03-25 19:00:00+00:00,13.985,14.025,13.985,14.025,1350.0,,,,,,,,,,,,,,,,,,,,,,,,,,,,,,,,,,,,,,,,,"rgba(38, 166, 154, 0.5)",0.18849778357959665,13.747037974550421,1.4746169433456726,62.9143964911463,15.115307064584371,False,False,True,False,True,7.976594671826891,0.0,0.0,0.0,0.0,0,0.9574098218166023,0.9704476314645807,False,False,False,False,0.12836461444308436,0.11823090209733837,False,False,False,False,25739.0,-717.2410712849517,False,False,False,False,1785.7188793468972,False,False,False,False
2025-03-26 14:00:00+00:00,14.135,14.155,14.12,14.145,0.0,,,,,,,,,,,,,,,,,,,,,,,,,,,,,,,,,,,,,,,,,"rgba(38, 166, 154, 1.0)",0.1950494970675709,13.747037974550421,2.0403130048149385,68.13646816124044,13.715226355825443,True,False,True,False,True,11.928621297793711,0.0,0.0,0.0,0.0,0,0.9628990509059542,0.9663503019844694,False,False,False,False,0.21607475565311252,0.16715282887522545,False,False,False,False,25739.0,-307.0667911099912,False,False,False,False,1758.033315326015,False,False,False,False
2025-03-26 15:00:00+00:00,14.145,14.185,14.105,14.165,5999.0,,,,,,,,,,,,,,,,,,,,,,,,,,,,,,,,,,,,,,,,,"rgba(38, 166, 154, 1.0)",0.20167671034480297,13.790851922032127,1.8551873308930813,72.06357661366297,17.215408246824992,True,False,True,False,True,12.554824003901704,0.0,0.0,0.0,0.0,0,0.9607758620689665,0.9668103448275861,False,False,False,False,0.2702159810851131,0.21868440498016928,False,False,False,False,31738.0,189.75594983745054,False,False,False,False,1823.7847367938289,False,False,False,False
2025-03-26 16:00:00+00:00,14.16,14.165,14.115,14.125,0.0,,,,,,,,,,,,,,,,,,,,,,,,,,,,,,,,,,,,,,,,,"rgba(38, 166, 154, 1.0)",0.2067443475049108,13.790851922032127,1.6162380350443966,71.40064680115862,17.215408246824992,True,False,True,False,True,10.816003232465818,0.0,0.0,0.0,0.0,0,0.9862527716186261,0.9640798226164079,False,False,False,False,0.26647625160220684,0.24258032829118806,False,False,False,False,31738.0,678.8760126306684,False,False,False,False,1795.5090044404362,False,False,False,False
2025-03-26 17:00:00+00:00,14.125,14.135,14.065,14.075,0.0,,,,,,,,,,,,,,,,,,,,,,,,,,,,,,,,,,,,,,,,,"rgba(38, 166, 154, 0.75)",0.2083885404329852,13.790851922032127,1.3635494417182228,67.51031093519296,17.215408246824992,True,False,True,False,False,8.695872132863219,0.0,0.0,0.0,0.0,0,0.9858030168589182,0.9463176574977816,False,False,False,False,0.236809730810937,0.23969502955106253,False,False,False,False,31738.0,1160.4128186363944,False,False,False,False,1767.6716555343828,False,False,False,False
2025-03-26 18:00:00+00:00,14.08,14.11,14.075,14.095,0.0,,,,,,,,,,,,,,,,,,,,,,,,,,,,,,,,,,,,,,,,,"rgba(38, 166, 154, 0.75)",0.2104025956404968,13.790851922032127,1.445552879430986,65.75296859066215,21.1746659724608,True,False,True,False,False,9.357801223815837,0.0,0.0,0.0,0.0,0,0.9862222222222229,0.947111111111111,False,False,False,False,0.23129399391136005,0.23549451173121128,False,False,False,False,31738.0,1634.4839377273029,False,False,False,False,1740.2658934330746,False,False,False,False
2025-03-26 19:00:00+00:00,14.095,14.125,14.095,14.115,717.0,,,,,,,,,,,,,,,,,,,,,,,,,,,,,,,,,,,,,,,,,"rgba(38, 166, 154, 0.75)",0.21252397850936167,13.792062047501107,1.5195365471885713,65.40577211137096,20.738417802381946,True,False,True,False,False,10.019752745898593,0.0,0.0,0.0,0.0,0,0.9866429207479973,0.9465716829919856,False,False,False,False,0.24418617581701585,0.23984034377411356,False,False,False,False,32455.0,2112.321396057112,False,False,False,False,1724.4013059379881,False,False,False,False
2025-03-27 14:00:00+00:00,14.1,14.155,14.065,14.155,200.0,,,,,,,,,,,,,,,,,,,,,,,,,,,,,,,,,,,,,,,,,"rgba(38, 166, 154, 0.75)",0.21324027390345518,13.792451808856866,1.7001862945799715,66.68503617486424,20.738417802381946,True,False,True,False,False,11.33008447922495,0.0,0.0,0.0,0.0,0,0.9840000000000008,0.9457777777777777,False,False,False,False,0.24418617581701585,0.2420132597955647,False,False,False,False,32655.0,2585.8512968934356,False,False,False,False,1700.7671771637556,False,False,False,False
2025-03-27 15:00:00+00:00,14.155,14.155,14.095,14.105,517.0,,,,,,,,,,,,,,,,,,,,,,,,,,,,,,,,,,,,,,,,,"rgba(38, 166, 154, 0.5)",0.21123670596265254,13.793410695542857,1.475071782800068,64.00695659185669,19.16630840809563,False,False,True,False,False,9.165289081264834,0.0,0.0,0.0,0.0,0,0.9822695035461001,0.9468085106382977,False,False,False,False,0.25530017281484724,0.24865671630520597,False,False,False,False,32138.0,3044.0241450036146,False,False,False,False,1682.4141976728447,False,False,False,False
2025-03-27 16:00:00+00:00,14.105,14.145,14.095,14.115,4400.0,,,,,,,,,,,,,,,,,,,,,,,,,,,,,,,,,,,,,,,,,"rgba(38, 166, 154, 0.5)",0.20933911451248438,13.801738009835969,1.4964331481651958,62.68019912406911,17.74606293675609,False,True,True,False,False,9.500483442858826,0.0,0.0,0.0,0.0,0,0.990187332738627,0.9473684210526314,False,False,False,False,0.25158877110231953,0.25012274370376275,False,False,False,False,36538.0,3563.3105923678995,False,False,False,False,1724.547310887219,False,False,False,False
2025-03-27 17:00:00+00:00,14.115,14.145,14.105,14.135,0.0,,,,,,,,,,,,,,,,,,,,,,,,,,,,,,,,,,,,,,,,,"rgba(38, 166, 154, 0.5)",0.2099644328524935,13.801738009835969,1.5872306830088592,62.72378764355114,17.531543433405588,False,True,True,False,False,10.174071590764523,0.0,0.0,0.0,0.0,0,0.9878978036754826,0.948005378753922,False,False,False,False,0.25530017281484724,0.25271145825930497,False,False,False,False,36538.0,4074.54608705987,False,False,False,False,1697.8101432765645,False,False,False,False
2025-03-27 18:00:00+00:00,14.135,14.165,14.125,14.155,2800.0,,,,,,,,,,,,,,,,,,,,,,,,,,,,,,,,,,,,,,,,,"rgba(38, 166, 154, 0.5)",0.21164780365692193,13.807860887975234,1.6401734675568496,63.6536399723564,17.531543433405588,False,False,True,False,False,10.847273571195636,0.0,0.0,0.0,0.0,0,0.9954894000902127,0.9413622011727559,False,False,False,False,0.2702159810851131,0.26146371967220905,False,False,False,False,39338.0,4621.266302764368,False,False,False,False,1714.8983581094858,False,False,False,False
2025-03-27 19:00:00+00:00,14.155,14.165,14.13,14.13,1476.0,,,,,,,,,,,,,,,,,,,,,,,,,,,,,,,,,,,,,,,,,"rgba(38, 166, 154, 0.5)",0.21093363885356506,13.810870366755193,1.5129385477787873,62.24890337962076,16.581599983832234,False,True,True,False,False,9.725016784261662,0.0,0.0,0.0,0.0,0,0.9941229656419538,0.9385171790235082,False,False,False,False,0.27208861069112633,0.2667761651816677,False,False,False,False,37862.0,5136.626515124611,False,False,False,False,1711.1945075961605,False,False,False,False
2025-03-28 14:00:00+00:00,14.09,14.1,14.015,14.045,2800.0,,,,,,,,,,,,,,,,,,,,,,,,,,,,,,,,,,,,,,,,,"rgba(38, 166, 154, 0.5)",0.20804068815482746,13.814085753322823,1.1099475238484426,56.12555412249882,10.762528954771469,False,True,True,False,False,6.049091090643728,0.0,0.0,0.0,0.0,0,0.9873703202525945,0.9436175011276497,False,False,False,False,0.2057301227843032,0.23625314398298544,False,False,False,False,35062.0,5600.585793959888,False,False,False,False,1728.075212904747,False,False,False,False
2025-03-28 15:00:00+00:00,14.045,14.06,13.995,13.995,200.0,,,,,,,,,,,,,,,,,,,,,,,,,,,,,,,,,,,,,,,,,"rgba(239, 83, 80, 1.0)",0.20485712445860338,13.814251212193751,0.8823163377106421,49.88358451658364,5.154015382116057,False,True,False,True,False,3.9919554518838574,0.0,0.0,0.0,0.0,0,0.9801980198019811,0.948244824482448,False,False,False,False,0.18402854356289652,0.21014084377294098,False,False,False,False,34862.0,6054.251130487642,False,False,False,False,1704.3841243325803,False,False,False,False
2025-03-28 16:00:00+00:00,13.995,14.025,13.94,13.995,8204.0,,,,,,,,,,,,,,,,,,,,,,,,,,,,,,,,,,,,,,,,,"rgba(239, 83, 80, 1.0)",0.20148610038574613,13.830730413840525,0.8152899174929631,45.72227144597352,1.6034282452318962,False,True,False,True,False,3.991955451883868,0.0,0.0,0.0,0.0,0,0.9743001376778347,0.9660394676457088,False,False,False,False,0.15178826844318843,0.18096455610806472,False,False,False,False,34862.0,6500.882895906438,False,False,False,False,1805.1533627150209,False,False,False,False
2025-03-28 17:00:00+00:00,13.995,14.025,13.995,14.005,350.0,,,,,,,,,,,,,,,,,,,,,,,,,,,,,,,,,,,,,,,,,"rgba(239, 83, 80, 1.0)",0.20140882183638295,13.831076953567274,0.8635324155464005,43.69989479605937,-0.061092414076554746,False,True,False,True,False,4.365300782216313,0.0,0.0,0.0,0.0,0,0.9737689829728495,0.9645651173492864,False,False,False,False,0.17144925361259444,0.17620690486032958,False,False,False,False,35212.0,6946.016494419517,False,False,False,False,1782.592845463625,False,False,False,False
2025-03-28 18:00:00+00:00,14.005,14.025,13.99,14.0,10.0,,,,,,,,,,,,,,,,,,,,,,,,,,,,,,,,,,,,,,,,,"rgba(239, 83, 80, 1.0)",0.20134341601149397,13.831086281149286,0.8389334113665343,42.08906936203573,-1.5313679823047437,False,True,False,True,False,4.152969339357732,0.0,0.0,0.0,0.0,0,0.9712296983758711,0.9721577726218094,False,False,False,False,0.16965668038217244,0.17293179262125102,False,False,False,False,35202.0,7384.0937580719265,False,False,False,False,1755.110785844034,False,False,False,False
2025-03-28 19:00:00+00:00,14.0,14.005,13.965,13.965,3381.0,,,,,,,,,,,,,,,,,,,,,,,,,,,,,,,,,,,,,,,,,"rgba(239, 83, 80, 1.0)",0.20101095842120592,13.832979598247675,0.6567821117278791,39.26264119973018,-4.240383920497031,False,True,False,True,False,2.6687371283990657,0.0,0.0,0.0,0.0,0,0.967381174277727,0.9715750232991609,False,False,False,False,0.15357060428198482,0.16325119845161792,False,False,False,False,31821.0,7762.960521512672,False,False,False,False,1780.3183705596302,False,False,False,False
2025-03-31 14:00:00+00:00,14.185,14.295,14.175,14.28,3800.0,,,,,,,,,,,,,,,,,,,,,,,,,,,,,,,,,,,,,,,,,#000000,0.206463137211061,13.846445436896548,2.09991269608696,50.16934165455902,-7.233568098938228,False,True,False,False,True,13.29480955384907,0.0,0.0,0.0,0.0,0,0.9650317892824715,0.9577656675749315,False,False,False,False,0.34282817583104197,0.25303968714132996,False,False,False,False,35621.0,8194.868110326428,False,False,False,False,1811.631264039326,False,False,False,False
2025-03-31 15:00:00+00:00,14.285,14.345,14.265,14.34,2968.0,,,,,,,,,,,,,,,,,,,,,,,,,,,,,,,,,,,,,,,,,"rgba(38, 166, 154, 0.5)",0.2133642362189682,13.857299913604749,2.2623289401691165,58.46969573785295,-0.04693135301745599,False,True,True,False,True,15.00780457284393,0.0,0.0,0.0,0.0,0,0.9742198100407065,0.9511533242876522,False,False,False,False,0.3428281812640335,0.29793393420268177,False,False,False,False,38589.0,8666.09496132912,False,False,False,False,1829.5594614960805,False,False,False,False
2025-03-31 16:00:00+00:00,14.34,14.405,14.335,14.375,1006.0,,,,,,,,,,,,,,,,,,,,,,,,,,,,,,,,,,,,,,,,,"rgba(38, 166, 154, 0.5)",0.22081813478212112,13.893129724280515,2.1822042659446494,64.56372165175141,5.065577957207154,False,False,True,False,True,15.98302340327669,0.0,0.0,0.0,0.0,0,0.9940503432494288,0.9418764302059494,False,False,False,False,0.342828185676876,0.3203810599397789,False,False,False,False,39595.0,9145.612868905411,False,False,False,False,1816.7910977519552,False,False,False,False
2025-03-31 17:00:00+00:00,14.375,14.375,14.33,14.345,4080.0,,,,,,,,,,,,,,,,,,,,,,,,,,,,,,,,,,,,,,,,,"rgba(38, 166, 154, 1.0)",0.22554374737950147,13.904986917965058,1.950899047955312,67.06413391207079,7.0677041129250995,True,False,True,False,True,14.707573030296967,0.0,0.0,0.0,0.0,0,0.9866727941176479,0.9457720588235291,False,False,False,False,0.3308459349784715,0.32561349745912516,False,False,False,False,35515.0,9554.44057636424,False,False,False,False,1851.879607864328,False,False,False,False
2025-03-31 18:00:00+00:00,14.34,14.365,14.325,14.345,2740.0,,,,,,,,,,,,,,,,,,,,,,,,,,,,,,,,,,,,,,,,,"rgba(38, 166, 154, 1.0)",0.22844345999485488,13.912549098656639,1.8930325313454008,68.73107541895038,8.648905554137649,True,False,True,False,True,14.707573030296967,0.0,0.0,0.0,0.0,0,0.9833948339483404,0.9483394833948335,False,False,False,False,0.3257387964275029,0.32567614694331404,False,False,False,False,35515.0,9956.929869753942,False,False,False,False,1865.648916269532,False,False,False,False
2025-03-31 19:00:00+00:00,14.345,14.355,14.32,14.325,820.0,,,,,,,,,,,,,,,,,,,,,,,,,,,,,,,,,,,,,,,,,"rgba(38, 166, 154, 1.0)",0.22973188446261705,13.914592943663878,1.7864610186615346,68.66534068072158,8.925010494651566,True,False,True,False,True,13.843036825354172,0.0,0.0,0.0,0.0,0,0.983240223463688,0.9534450651769084,False,False,False,False,0.3206480212831914,0.32316208411325276,False,False,False,False,34695.0,10340.465840765508,False,False,False,False,1849.437305164578,False,False,False,False
2025-04-01 14:00:00+00:00,14.36,14.39,14.33,14.365,3060.0,,,,,,,,,,,,,,,,,,,,,,,,,,,,,,,,,,,,,,,,,"rgba(38, 166, 154, 1.0)",0.23041204767051193,13.923116946714973,1.917794914599767,69.6630414989064,10.431331832856038,True,False,True,False,True,15.02266506864867,0.0,0.0,0.0,0.0,0,0.984126984126985,0.9453781512605037,False,False,False,False,0.33596978368003505,0.3295659338966439,False,False,False,False,37755.0,10765.49737811798,False,False,False,False,1868.2057190379953,False,False,False,False
2025-04-01 15:00:00+00:00,14.365,14.395,14.35,14.355,1002.0,,,,,,,,,,,,,,,,,,,,,,,,,,,,,,,,,,,,,,,,,"rgba(38, 166, 154, 1.0)",0.23097291288480798,13.925831460494635,1.858090345509054,69.67920755755917,11.140666805098128,True,False,True,False,True,14.581873454173916,0.0,0.0,0.0,0.0,0,0.9831539541413203,0.9452503509592883,False,False,False,False,0.34282818583599306,0.3361970598663185,False,False,False,False,36753.0,11168.4043955115,False,False,False,False,1854.7761730063985,False,False,False,False
2025-04-01 16:00:00+00:00,14.355,14.37,14.335,14.345,700.0,,,,,,,,,,,,,,,,,,,,,,,,,,,,,,,,,,,,,,,,,"rgba(38, 166, 154, 1.0)",0.2305824001159887,13.927551861276502,1.8104076395835584,69.00079733945987,11.179585299984502,True,False,True,False,True,14.136513640932282,0.0,0.0,0.0,0.0,0,0.998101566207879,0.9458946369245369,False,False,False,False,0.32917325898861943,0.33268515942746896,False,False,False,False,36053.0,11554.212079302019,False,False,False,False,1836.8726664481596,False,False,False,False
2025-04-01 17:00:00+00:00,14.345,14.365,14.335,14.355,100.0,,,,,,,,,,,,,,,,,,,,,,,,,,,,,,,,,,,,,,,,,"rgba(38, 166, 154, 1.0)",0.23145592851956415,13.92779778750845,1.8457173044735427,68.89676990137652,11.837093975982661,True,False,True,False,True,14.443715634332563,0.0,0.0,0.0,0.0,0,0.997136038186158,0.944630071599045,False,False,False,False,0.32747478836834215,0.33007997389790555,False,False,False,False,36153.0,11935.588636212065,False,False,False,False,1809.9444080536146,False,False,False,False
2025-04-01 18:00:00+00:00,14.35,14.36,14.32,14.335,800.0,,,,,,,,,,,,,,,,,,,,,,,,,,,,,,,,,,,,,,,,,"rgba(38, 166, 154, 1.0)",0.23159974404443603,13.929626583876619,1.7503189297376975,67.27667117635895,11.837093975982661,True,False,True,False,True,13.531767252192143,0.0,0.0,0.0,0.0,0,0.9913916786226691,0.9464371114299375,False,False,False,False,0.32069900619125297,0.3253894900445793,False,False,False,False,35353.0,12298.649277511102,False,False,False,False,1794.2863552155738,False,False,False,False
2025-04-01 19:00:00+00:00,14.335,14.355,14.33,14.335,200.0,,,,,,,,,,,,,,,,,,,,,,,,,,,,,,,,,,,,,,,,,"rgba(38, 166, 154, 1.0)",0.23151103723228247,13.93008416399523,1.7490130960732777,66.19660535968056,11.837093975982661,True,False,True,False,True,13.531767252192132,0.0,0.0,0.0,0.0,0,1.023141309699656,0.9404234367306741,False,False,False,False,0.3223902619225053,0.3238898759835423,False,False,False,False,35353.0,12656.081071658216,False,False,False,False,1769.568737305255,False,False,False,False
2025-04-02 14:00:00+00:00,14.3,14.35,14.275,14.325,730.0,,,,,,,,,,,,,,,,,,,,,,,,,,,,,,,,,,,,,,,,,"rgba(38, 166, 154, 0.75)",0.23121541377593016,13.931553408828163,1.7016451660663214,64.59929397262822,11.837093975982661,True,False,True,False,False,13.064313947832733,0.0,0.0,0.0,0.0,0,1.0157790927021701,0.9196252465483231,False,False,False,False,0.30220946932590514,0.3130496726547237,False,False,False,False,34623.0,12996.653458144134,False,False,False,False,1753.4513925408323,False,False,False,False
2025-04-02 15:00:00+00:00,14.325,14.365,14.27,14.355,3000.0,,,,,,,,,,,,,,,,,,,,,,,,,,,,,,,,,,,,,,,,,"rgba(38, 166, 154, 0.75)",0.23135564058920105,13.937888803681549,1.8029004836717213,65.10153523233424,11.837093975982661,True,False,True,False,False,14.049485037535629,0.0,0.0,0.0,0.0,1,1.0132678132678137,0.9174447174447171,False,False,False,False,0.3055559843894251,0.3093028285220744,False,False,False,False,37623.0,13378.457280498487,False,False,False,False,1772.777727540199,False,False,False,False
2025-04-02 16:00:00+00:00,14.355,14.435,14.355,14.415,5200.0,,,,,,,,,,,,,,,,,,,,,,,,,,,,,,,,,,,,,,,,,"rgba(38, 166, 154, 1.0)",0.23231841693428892,13.95163130062118,1.994541394924718,67.86675433695068,13.02172774146549,True,False,True,False,True,15.965848797895305,0.0,0.0,0.0,0.0,0,1.0437185929648247,0.9070351758793965,False,False,False,False,0.34282818723557246,0.32606550787882344,False,False,False,False,42823.0,13834.961818785332,False,False,False,False,1825.9129565705837,False,False,False,False
2025-04-02 17:00:00+00:00,14.415,14.435,14.4,14.435,600.0,,,,,,,,,,,,,,,,,,,,,,,,,,,,,,,,,,,,,,,,,"rgba(38, 166, 154, 1.0)",0.23444715495922708,13.953241811694838,2.05486898908603,70.3721754380484,15.602717209984917,True,False,True,False,True,16.59049878796092,0.0,0.0,0.0,0.0,0,1.0412004069176,0.9120040691759914,False,False,False,False,0.34282818857916875,0.33444684822899606,False,False,False,False,43423.0,14293.69109291269,False,False,False,False,1806.9065541431326,False,False,False,False
2025-04-02 18:00:00+00:00,14.435,14.445,14.4,14.415,800.0,,,,,,,,,,,,,,,,,,,,,,,,,,,,,,,,,,,,,,,,,"rgba(38, 166, 154, 1.0)",0.23657376047260945,13.982669419642354,1.8274663237967181,70.09576167405721,15.602717209984917,True,False,True,False,True,15.612149861042361,0.0,0.0,0.0,0.0,0,1.0306591722023513,0.9146653040367905,False,False,False,False,0.3428281888704795,0.3386375185497378,False,False,False,False,42623.0,14732.90518449544,False,False,False,False,1791.2955998153318,False,False,False,False
2025-04-02 19:00:00+00:00,14.415,14.435,14.41,14.435,6124.0,,,,,,,,,,,,,,,,,,,,,,,,,,,,,,,,,,,,,,,,,"rgba(38, 166, 154, 1.0)",0.238574539318047,13.997504360910304,1.833790145169118,70.72538937406344,16.422147837719166,True,False,True,False,True,16.25248418209986,0.0,0.0,0.0,0.0,0,1.025667351129364,0.9194045174537984,False,False,False,False,0.3428281888704795,0.34073285371010864,False,False,False,False,48747.0,15260.255491712564,False,False,False,False,1858.4693114461018,False,False,False,False
2025-04-03 14:00:00+00:00,13.47,13.545,13.405,13.405,3700.0,,,,,,,,,,,,,,,,,,,,,,,,,,,,,,,,,,,,,,,,,"rgba(239, 83, 80, 1.0)",0.24699843162504645,13.96036969811348,-2.2484745933794192,51.40106266284909,7.301588979199657,False,True,False,True,False,0.0,0.0,0.0,0.0,0.0,0,1.0041977611940303,0.9286380597014922,False,False,False,False,-0.22723932623028786,0.05674676373991039,False,False,False,False,45047.0,15722.065484089113,False,False,False,False,1887.0201748345341,False,False,False,False
2025-04-03 15:00:00+00:00,13.405,13.505,13.385,13.495,3801.0,,,,,,,,,,,,,,,,,,,,,,,,,,,,,,,,,,,,,,,,,"rgba(239, 83, 80, 1.0)",0.2519015430429018,13.935351553657737,-1.7481097905888612,40.6945252814804,-1.548053457482169,False,True,False,True,False,0.0,0.0,0.0,0.0,0.0,0,1.00092807424594,0.9354988399071921,False,False,False,False,-0.24576035169305718,-0.0945067939765734,False,False,False,False,48848.0,16235.645864180755,False,False,False,False,1916.6942806510528,False,False,False,False
2025-04-03 16:00:00+00:00,13.495,13.53,13.475,13.495,0.0,,,,,,,,,,,,,,,,,,,,,,,,,,,,,,,,,,,,,,,,,"rgba(239, 83, 80, 1.0)",0.2564363890356225,13.935351553657737,-1.7171960473853312,33.556833693901275,-7.093859972145282,False,True,False,True,False,0.0,0.0,0.0,0.0,0.0,0,1.0232220609579106,0.924044508950169,False,False,False,False,-0.21039562138586845,-0.15245120768122092,False,False,False,False,48848.0,16741.26375775935,False,False,False,False,1886.978090253362,False,False,False,False
2025-04-03 17:00:00+00:00,13.495,13.575,13.455,13.545,3.0,,,,,,,,,,,,,,,,,,,,,,,,,,,,,,,,,,,,,,,,,"rgba(239, 83, 80, 1.0)",0.260651954608917,13.935336550972352,-1.497539320424487,30.14333491405975,-9.521174680694543,False,True,False,True,False,0.0,0.0,0.0,0.0,0.0,0,1.0299806576402326,0.9086073500967113,False,False,False,False,-0.23256569011535577,-0.19250844889828833,False,False,False,False,48851.0,17239.089125856102,False,False,False,False,1857.769127613775,False,False,False,False
2025-04-03 18:00:00+00:00,13.55,13.555,13.505,13.515,4611.0,,,,,,,,,,,,,,,,,,,,,,,,,,,,,,,,,,,,,,,,,"rgba(239, 83, 80, 1.0)",0.26438543389843755,13.915068620172198,-1.51320219980758,27.613987447130867,-11.579849211513313,False,True,False,True,False,0.0,0.0,0.0,0.0,0.0,0,1.0333333333333339,0.9186274509803918,False,False,False,False,-0.22284790826733247,-0.2076781785828104,False,False,False,False,44240.0,17657.707899098645,False,False,False,False,1900.4548775732515,False,False,False,False
2025-04-03 19:00:00+00:00,13.515,13.515,13.48,13.49,5979.0,,,,,,,,,,,,,,,,,,,,,,,,,,,,,,,,,,,,,,,,,"rgba(239, 83, 80, 1.0)",0.26736451481786283,13.892837123491544,-1.5066962935076458,25.70452286700761,-13.42938318816801,False,True,False,True,False,0.0,0.0,0.0,0.0,0.0,0,1.0192402565367544,0.9250123334977794,False,False,False,False,-0.24395803475423306,-0.22581810666852173,False,False,False,False,38261.0,17977.138784383937,False,False,False,False,1963.688135285294,False,False,False,False
2025-04-04 14:00:00+00:00,12.605,12.625,12.405,12.545,8400.0,,,,,,,,,,,,,,,,,,,,,,,,,,,,,,,,,,,,,,,,,"rgba(239, 83, 80, 1.0)",0.3138487040104137,13.73779614696805,-3.80054507705876,20.36056316675788,-18.63523508996586,False,True,False,True,False,0.0,0.0,0.0,0.0,0.0,0,0.993724787090991,0.9341102644554007,False,False,False,False,-0.34282825441539394,-0.2843231805419578,False,False,False,False,29861.0,18161.384694703564,False,False,False,False,2063.475916133584,False,False,False,False
2025-04-04 15:00:00+00:00,12.545,12.885,12.545,12.64,11838.0,,,,,,,,,,,,,,,,,,,,,,,,,,,,,,,,,,,,,,,,,"rgba(239, 83, 80, 1.0)",0.348209357652496,13.668041251203663,-2.952365376204568,18.58534046116458,-20.58471460372168,False,True,False,True,False,0.0,0.0,0.0,0.0,0.0,0,1.0026212319790306,0.915246832678025,False,False,False,False,-0.26696604077454794,-0.27564461065825285,False,False,False,False,41699.0,18526.30896300273,False,False,False,False,2215.0189251857764,False,False,False,False
2025-04-04 16:00:00+00:00,12.64,12.725,12.61,12.685,4505.0,,,,,,,,,,,,,,,,,,,,,,,,,,,,,,,,,,,,,,,,,"rgba(239, 83, 80, 1.0)",0.37708008086796946,13.643766724655334,-2.5426077199528225,18.27034406264082,-21.412933517021624,False,True,False,True,False,0.0,0.0,0.0,0.0,0.0,0,1.018551236749117,0.9350706713780914,False,False,False,False,-0.2846839346847986,-0.2801642726715257,False,False,False,False,46204.0,18955.420451948423,False,False,False,False,2250.5225077410355,False,False,False,False
2025-04-04 17:00:00+00:00,12.685,12.75,12.63,12.745,2406.0,,,,,,,,,,,,,,,,,,,,,,,,,,,,,,,,,,,,,,,,,"rgba(239, 83, 80, 1.0)",0.4013192434149427,13.632115945684342,-2.2104993972768767,19.267595910929195,-21.412933517021624,False,True,False,True,False,0.0,0.0,0.0,0.0,0.0,0,1.021126760563381,0.9181338028169009,False,False,False,False,-0.2762701786288143,-0.27821722565017004,False,False,False,False,48610.0,19415.18137517403,False,False,False,False,2252.9330114969885,False,False,False,False
2025-04-04 18:00:00+00:00,12.745,12.77,12.68,12.765,200.0,,,,,,,,,,,,,,,,,,,,,,,,,,,,,,,,,,,,,,,,,"rgba(239, 83, 80, 1.0)",0.4231238397724601,13.631210349453461,-2.0471792606138086,20.3582193250207,-21.412933517021624,False,True,False,True,False,0.0,0.0,0.0,0.0,0.0,0,1.0265486725663722,0.921238938053097,False,False,False,False,-0.2632570753919281,-0.2707371505210491,False,False,False,False,48810.0,19870.914997264354,False,False,False,False,2221.1045927140894,False,False,False,False
2025-04-04 19:00:00+00:00,12.765,12.85,12.75,12.82,200.0,,,,,,,,,,,,,,,,,,,,,,,,,,,,,,,,,,,,,,,,,"rgba(239, 83, 80, 1.0)",0.44191867704038446,13.630410069822396,-1.8338443517478604,22.31928208081095,-21.412933517021624,False,True,False,True,False,0.0,0.0,0.0,0.0,0.0,0,1.022026431718062,0.9162995594713652,False,False,False,False,-0.23565681759590124,-0.2531969840584751,False,False,False,False,49010.0,20322.68375699669,False,False,False,False,2189.76963778829,False,False,False,False
2025-04-07 14:00:00+00:00,12.645,13.09,12.595,12.645,21310.0,,,,,,,,,,,,,,,,,,,,,,,,,,,,,,,,,,,,,,,,,"rgba(239, 83, 80, 1.0)",0.4652688654070069,13.550666582868926,-1.9465445685403202,22.348867188676135,-21.412933517021624,False,True,False,True,False,0.0,0.0,0.0,0.0,0.0,0,1.0080610946117952,0.8998727195587607,False,False,False,False,-0.22017426166132595,-0.23668562285990052,False,False,False,False,27700.0,20437.060753012243,False,False,False,False,2486.2073178225796,False,False,False,False
2025-04-07 15:00:00+00:00,12.65,12.71,12.415,12.605,13016.0,,,,,,,,,,,,,,,,,,,,,,,,,,,,,,,,,,,,,,,,,"rgba(239, 83, 80, 1.0)",0.4884867421919488,13.496787881356985,-1.8256132753067846,22.09817240142748,-21.412933517021624,False,True,False,True,False,0.0,0.0,0.0,0.0,0.0,0,0.9937603993344429,0.9326123128119795,False,False,False,False,-0.3244941410986934,-0.28058988197929696,False,False,False,False,14684.0,20347.866012655464,False,False,False,False,2649.4599175462604,False,False,False,False
2025-04-07 16:00:00+00:00,12.595,12.69,12.555,12.605,13100.0,,,,,,,,,,,,,,,,,,,,,,,,,,,,,,,,,,,,,,,,,"rgba(239, 83, 80, 1.0)",0.5103000177426158,13.452264420649147,-1.660326065433312,21.93104254326171,-21.88135617851116,False,True,False,True,False,0.0,0.0,0.0,0.0,0.0,0,1.0055248618784534,0.9609009774755626,False,False,False,False,-0.3016312510118448,-0.2911105664955709,False,False,False,False,14684.0,20260.054136490264,False,False,False,False,2811.4837947936053,False,False,False,False
2025-04-07 17:00:00+00:00,12.605,12.755,12.605,12.675,9053.0,,,,,,,,,,,,,,,,,,,,,,,,,,,,,,,,,,,,,,,,,"rgba(239, 83, 80, 0.75)",0.5290462436573325,13.427085164561227,-1.4215868150995845,23.759662596320723,-21.88135617851116,False,True,False,True,True,0.0,0.0,0.0,0.0,0.0,0,1.0067767894959767,0.944938585345192,False,False,False,False,-0.280004851239103,-0.28555770886733695,False,False,False,False,23737.0,20313.96027390902,False,False,False,False,2908.2514878975803,False,False,False,False
2025-04-07 18:00:00+00:00,12.675,12.72,12.545,12.59,3381.0,,,,,,,,,,,,,,,,,,,,,,,,,,,,,,,,,,,,,,,,,"rgba(239, 83, 80, 0.75)",0.549268489787899,13.41728346209411,-1.5061549633287121,24.13730790072902,-21.88135617851116,False,True,False,True,True,0.0,0.0,0.0,0.0,0.0,0,1.0029436501261568,0.9453322119428085,False,False,False,False,-0.29785093443760563,-0.2917043216524713,False,False,False,False,20356.0,20314.612052608103,False,False,False,False,2915.5809221937416,False,False,False,False
2025-04-07 19:00:00+00:00,12.59,12.68,12.565,12.615,2685.0,,,,,,,,,,,,,,,,,,,,,,,,,,,,,,,,,,,,,,,,,"rgba(239, 83, 80, 0.75)",0.5675310048283235,13.409719033013895,-1.400309456668882,25.129230849618857,-21.88135617851116,False,True,False,True,True,0.0,0.0,0.0,0.0,0.0,0,1.005025125628141,0.9463986599664986,False,False,False,False,-0.3016312510118448,-0.29666778633215807,False,False,False,False,23041.0,20356.881633187822,False,False,False,False,2912.006024175234,False,False,False,False
2025-04-08 14:00:00+00:00,12.605,12.675,12.52,12.52,2500.0,,,,,,,,,,,,,,,,,,,,,,,,,,,,,,,,,,,,,,,,,"rgba(239, 83, 80, 0.75)",0.5874805114651517,13.402314032487398,-1.5018609388198163,24.776437752239058,-21.88135617851116,False,True,False,True,True,0.0,0.0,0.0,0.0,0.0,0,1.0000000000000004,0.9504373177842559,False,False,False,False,-0.311119037758137,-0.3038934120451475,False,False,False,False,20541.0,20359.73618151049,False,False,False,False,2905.6183338779433,False,False,False,False
2025-04-08 15:00:00+00:00,12.52,12.55,12.45,12.535,978.0,,,,,,,,,,,,,,,,,,,,,,,,,,,,,,,,,,,,,,,,,"rgba(239, 83, 80, 0.75)",0.6057958654783271,13.39921159132281,-1.4265722837848063,25.035836694024955,-21.88135617851116,False,True,False,True,True,0.0,0.0,0.0,0.0,0.0,1,0.9933692498963949,0.9577289680895146,False,False,False,False,-0.34282825441539394,-0.32336083323027076,False,False,False,False,21519.0,20377.70926396769,False,False,False,False,2875.7327783139444,False,False,False,False
2025-04-08 16:00:00+00:00,12.535,12.55,12.26,12.285,7505.0,,,,,,,,,,,,,,,,,,,,,,,,,,,,,,,,,,,,,,,,,"rgba(239, 83, 80, 1.0)",0.6304285829483007,13.37177065490294,-1.7238600601205016,22.92458235751683,-23.471140588947126,False,True,False,True,False,0.0,0.0,0.0,0.0,0.0,0,0.9868852459016395,0.956147540983606,False,False,False,False,-0.34282825441539394,-0.3330945438228323,False,False,False,False,14014.0,20279.047104836405,False,False,False,False,2947.5043631462863,False,False,False,False
2025-04-08 17:00:00+00:00,12.29,12.385,12.215,12.315,4506.0,,,,,,,,,,,,,,,,,,,,,,,,,,,,,,,,,,,,,,,,,"rgba(239, 83, 80, 1.0)",0.6525020934694279,13.35505123019225,-1.5939431315264911,22.46382077742689,-24.165928505733437,False,True,False,True,False,0.0,0.0,0.0,0.0,0.0,0,0.9831967213114755,0.9758196721311472,False,False,False,False,-0.34282825441539394,-0.33796139911911316,False,False,False,False,18520.0,20251.775056699407,False,False,False,False,2971.667086198282,False,False,False,False
2025-04-08 18:00:00+00:00,12.315,12.325,12.13,12.155,9458.0,,,,,,,,,,,,,,,,,,,,,,,,,,,,,,,,,,,,,,,,,"rgba(239, 83, 80, 1.0)",0.6781498080528858,13.31827453637603,-1.7153651340196392,20.912281869515223,-25.8469004070132,False,True,False,True,False,0.0,0.0,0.0,0.0,0.0,0,0.974586526825333,0.9693424768051631,False,False,False,False,-0.34282825441539394,-0.3403948267672535,False,False,False,False,9062.0,20078.290172099416,False,False,False,False,3072.2303871874556,False,False,False,False
2025-04-08 19:00:00+00:00,12.155,12.16,11.99,12.075,20487.0,,,,,,,,,,,,,,,,,,,,,,,,,,,,,,,,,,,,,,,,,"rgba(239, 83, 80, 1.0)",0.7044364113656115,13.238256868962617,-1.6513298435376769,19.350659405720826,-27.4648304491226,False,True,False,True,False,0.0,0.0,0.0,0.0,0.0,0,0.9719101123595507,0.9827447833065807,False,False,False,False,-0.34282825441539394,-0.3416115405913237,False,False,False,False,-11425.0,19589.867068656014,False,False,False,False,3342.2268152930765,False,False,False,False
2025-04-09 14:00:00+00:00,11.815,11.855,11.585,11.585,3610.0,,,,,,,,,,,,,,,,,,,,,,,,,,,,,,,,,,11.675000000000002,,,,,,11.675000000000002,"rgba(239, 83, 80, 1.0)",0.7456496955464217,13.139111778662757,-2.0842384673997394,16.255950949467447,-30.41348531567851,False,True,False,True,False,0.0,0.0,0.0,0.0,0.0,0,0.9480418766963943,0.9833268708801858,True,False,False,False,-0.34282825441539394,-0.3422198975033588,False,False,False,False,-15035.0,19053.047424180728,True,False,False,False,3346.3783375365947,True,False,False,False
2025-04-09 15:00:00+00:00,11.585,11.835,11.585,11.775,500.0,,,,,,,,,,,,,,,,,,,,,,,,,,,,,,,,,11.731666666666666,11.68189375506894,,,,,,11.706780210867802,"rgba(239, 83, 80, 0.75)",0.7769501068076835,13.066985051198893,-1.6628932023799752,18.45220681802251,-30.41348531567851,False,True,False,True,True,0.0,0.0,0.0,0.0,0.0,0,0.9492172584956093,0.9843451699121798,True,False,False,False,-0.34282825441539394,-0.3425240759593764,False,False,False,False,-14535.0,18532.302502875602,False,False,False,False,3302.248440830601,False,False,False,False
2025-04-09 16:00:00+00:00,11.775,11.835,11.745,11.79,120.0,,,,,,,,,,,,,,,,,,,,,,,,,,,,,,,,,11.742956989247311,11.684960598896772,,,,,,11.713958794072042,"rgba(239, 83, 80, 0.75)",0.805739685904476,13.067221695939716,-1.5851542604681106,20.2368834050614,-33.42672917489073,False,True,False,True,True,0.0,0.0,0.0,0.0,0.0,0,0.9592307692307694,0.9926923076923073,False,False,False,False,-0.3211369139073675,-0.3318304949333719,False,False,False,False,-14415.0,18021.49161135815,False,False,False,False,3252.911255701444,False,False,False,False
2025-04-09 17:00:00+00:00,11.79,12.66,11.64,12.66,22652.0,,,,,,,,,,,,,,,,,,,,,,,,,,,,,,,,,12.304626733127078,12.220073779232697,,,,,,12.262350256179888,"rgba(239, 83, 80, 0.75)",0.8122320764079363,13.071809924292557,-0.5070101714201807,32.8169896400377,-22.056118826761413,False,True,False,True,True,0.0,0.0,0.0,0.0,0.0,0,0.9547738693467339,0.9339554917444363,False,False,False,False,-0.2267478548051122,-0.27928917486924204,False,False,False,False,8237.0,17869.794066996004,False,False,False,False,3553.6723215045226,False,False,False,False
2025-04-09 18:00:00+00:00,12.66,12.805,12.52,12.53,510.0,,,,,,,,,,,,,,,,,,,,,,,,,,,,,,,,,12.31135410534578,12.227488804517135,,,,,,12.269421454931457,"rgba(239, 83, 80, 0.5)",0.8202476938579473,13.027550700656272,-0.6065859183536335,39.84889838378415,-16.306553986299704,False,False,False,True,True,0.0,0.0,0.0,0.0,0.0,0,1.0187544232130221,0.9232130219391365,False,False,False,False,-0.09855752044577563,-0.18892334765750884,False,False,False,False,7727.0,17712.541445802268,False,False,False,False,3506.483603341662,False,False,False,False
2025-04-09 19:00:00+00:00,12.53,12.775,12.53,12.705,3891.0,,,,,,,,,,,,,,,,,,,,,,,,,,,,,,,,,12.361782001710454,12.282528636426601,,,,,,12.322155319068528,#000000,0.8250931533540398,13.031240091333595,-0.39539788932609,46.01130164799785,-11.334873051806262,True,False,False,False,True,0.0,0.0,0.0,0.0,0.0,0,1.0198675496688743,0.9219240153363538,False,False,False,False,-0.10101500969769223,-0.14496917867760054,False,False,False,False,11618.0,17618.052431138665,False,False,False,False,3512.4450978634964,False,False,False,False
2025-04-10 14:00:00+00:00,12.145,12.285,12.085,12.165,4603.0,,,,,,,,,,,,,,,,,,,,,,,,,,,,,,,,,12.335619707109515,12.269163787177916,,,,,,12.302391747143716,"rgba(239, 83, 80, 0.5)",0.8394350148428078,13.006409894284477,-1.0023526293361018,45.25987485101944,-11.334873051806262,True,False,False,True,True,0.0,0.0,0.0,0.0,0.0,0,0.995967741935484,0.9311155913978493,False,False,False,False,-0.21780394713138704,-0.1813865629044938,False,False,False,False,7015.0,17453.66402135357,False,False,False,False,3529.3529258035974,False,False,False,False
2025-04-10 15:00:00+00:00,12.165,12.365,12.165,12.235,11357.0,,,,,,,,,,,,,,,,,,,,,,,,,,,,,,,,,12.314635635107985,12.265758877858449,,,,,,12.290197256483218,"rgba(239, 83, 80, 0.5)",0.8510761232507749,12.978373196400662,-0.8734508889302061,45.41817353638527,-11.334873051806262,True,False,False,True,True,0.0,0.0,0.0,0.0,0.0,0,0.9976728723404256,0.92719414893617,False,False,False,False,-0.19748648494438814,-0.18943652392444096,False,False,False,False,18372.0,17467.901788464365,False,False,False,False,3650.7117951709834,False,False,False,False
2025-04-10 16:00:00+00:00,12.235,12.245,12.125,12.225,2907.0,,,,,,,,,,,,,,,,,,,,,,,,,,,,,,,,,12.307371114453519,12.261850481887672,,,,,,12.284610798170595,"rgba(239, 83, 80, 0.5)",0.8620561895107963,12.971121108443532,-0.8655133128467464,45.43803471092836,-11.334873051806262,True,False,False,True,True,0.0,0.0,0.0,0.0,0.0,0,0.9939839572192514,0.9421791443850265,False,False,False,False,-0.21780394713138757,-0.20362023552791425,False,False,False,False,15465.0,17436.849047557942,False,False,False,False,3639.181379741976,False,False,False,False
2025-04-10 17:00:00+00:00,12.205,12.335,12.17,12.32,3900.0,,,,,,,,,,,,,,,,,,,,,,,,,,,,,,,,,12.304868193232886,12.262799290780144,,,,,,12.283833742006514,"rgba(239, 83, 80, 0.5)",0.8705861802815945,12.96377657529768,-0.739474838768344,46.48096931723143,-10.7876787416197,True,False,False,True,True,0.0,0.0,0.0,0.0,0.0,0,0.9960093116062521,0.9378117725307612,False,False,False,False,-0.20065009046936444,-0.20213516299863935,False,False,False,False,19365.0,17466.7428607741,False,False,False,False,3643.22507928086,False,False,False,False
2025-04-10 18:00:00+00:00,12.31,12.375,12.255,12.375,2690.0,,,,,,,,,,,,,,,,,,,,,,,,,,,,,,,,,12.306393782545959,12.266222271178476,,,,,,12.286308026862217,#000000,0.8776813485255051,12.959805585228647,-0.666307408960113,47.78640201241884,-9.07622854167932,True,False,False,False,True,0.0,0.0,0.0,0.0,0.0,0,0.9973518702416418,0.9371069182389934,False,False,False,False,-0.1848703399689434,-0.19350275148379137,False,False,False,False,22055.0,17537.8786303745,False,False,False,False,3628.4463958811566,False,False,False,False
2025-04-10 19:00:00+00:00,12.37,12.395,12.315,12.375,1430.0,,,,,,,,,,,,,,,,,,,,,,,,,,,,,,,,,12.3078424670088,12.268568592057765,,,,,,12.288205529533283,#000000,0.8843976572878375,12.957923576102559,-0.6591193127876405,48.65669047587711,-7.75861249936105,True,False,False,False,True,0.0,0.0,0.0,0.0,0.0,0,1.0006600660066007,0.9356435643564354,False,False,False,False,-0.17481933957263013,-0.18416104552821075,False,False,False,False,22055.0,17607.911519826055,False,False,False,False,3594.361955634937,False,False,False,False
2025-04-11 14:00:00+00:00,12.275,12.31,12.225,12.245,0.0,,,,,,,,,,,,,,,,,,,,,,,,,,,,,,,,,12.3078424670088,12.268568592057765,,,,,,12.288205529533283,"rgba(239, 83, 80, 0.5)",0.8925983076046792,12.957923576102559,-0.7987059464808043,47.62049891952036,-7.75861249936105,True,False,False,True,True,0.0,0.0,0.0,0.0,0.0,0,0.990828693088765,0.9377661316737632,False,False,False,False,-0.19685423381002506,-0.1905076396691179,False,False,False,False,22055.0,17676.858628045804,False,False,False,False,3538.6354136871087,False,False,False,False
2025-04-11 15:00:00+00:00,12.245,12.335,12.235,12.335,1909.0,,,,,,,,,,,,,,,,,,,,,,,,,,,,,,,,,12.30763368691967,12.269620277745416,,,,,,12.288626982332543,#000000,0.8985520534686853,12.9547591004882,-0.6897308821405949,48.195076230706206,-7.3182201744902144,True,False,False,False,True,0.0,0.0,0.0,0.0,0.0,0,0.9915198956294845,0.9363992172211347,False,False,False,False,-0.19243279400574723,-0.19147021683743257,False,False,False,False,23964.0,17774.3336880761,False,False,False,False,3513.3697483586266,False,False,False,False
2025-04-11 16:00:00+00:00,12.335,12.4,12.32,12.395,2469.0,,,,,,,,,,,,,,,,,,,,,,,,,,,,,,,,,12.310316123157671,12.273648424676518,,,,,,12.291982273917094,#000000,0.9026431008807221,12.951658993867222,-0.6166988850012609,49.417126822593325,-5.701699453617557,True,False,False,False,True,0.0,0.0,0.0,0.0,0.0,0,1.0045871559633026,0.9315203145478372,False,False,False,False,-0.17356545974680315,-0.18251783829211787,False,False,False,False,26433.0,17908.57657663306,False,False,False,False,3497.1779693143067,False,False,False,False
2025-04-11 17:00:00+00:00,12.4,12.53,12.395,12.495,1792.0,,,,,,,,,,,,,,,,,,,,,,,,,,,,,,,,,12.315126379054837,12.279210055952754,,,,,,12.297168217503796,"rgba(38, 166, 154, 1.0)",0.9035171366477858,12.950375990987236,-0.5040037122890283,51.599376295571844,-3.2804609943377088,True,False,True,False,True,0.0,0.0,0.0,0.0,0.0,0,1.0150869137422103,0.9216136438176449,False,False,False,False,-0.14797388158192723,-0.16524585993702257,False,False,False,False,28225.0,18068.521125832543,False,False,False,False,3470.7411015729995,False,False,False,False
2025-04-11 18:00:00+00:00,12.5,12.51,12.445,12.485,1100.0,,,,,,,,,,,,,,,,,,,,,,,,,,,,,,,,,12.318059598900215,12.282585192542792,,,,,,12.300322395721503,"rgba(38, 166, 154, 1.0)",0.9037231548104416,12.949604844499728,-0.5141008527076862,52.87704992016731,-1.7824082893725617,True,False,True,False,True,0.0,0.0,0.0,0.0,0.0,0,1.016086671043992,0.9205515430072223,False,False,False,False,-0.1442456365531009,-0.15474574824506174,False,False,False,False,27125.0,18208.931651013434,False,False,False,False,3433.98542557962,False,False,False,False
2025-04-11 19:00:00+00:00,12.485,12.525,12.47,12.475,506.0,,,,,,,,,,,,,,,,,,,,,,,,,,,,,,,,,12.319455290682754,12.284176674855187,,,,,,12.301815982768971,"rgba(38, 166, 154, 1.0)",0.9039945138556303,12.949271106180216,-0.5246393633047628,53.53350764439652,-0.8641753977480775,True,False,True,False,True,0.0,0.0,0.0,0.0,0.0,0,1.0200328407224957,0.9159277504105088,False,False,False,False,-0.13928081248464985,-0.14701328036485578,False,False,False,False,26619.0,18339.320307586866,False,False,False,False,3388.5903027024165,False,False,False,False
2025-04-14 14:00:00+00:00,12.565,12.615,12.545,12.575,3403.0,,,,,,,,,,,,,,,,,,,,,,,,,,,,,,,,,12.33285619393866,12.29861113113864,,,,,,12.315733662538651,"rgba(38, 166, 154, 1.0)",0.9032093678445536,12.909108568399517,-0.36991264738190777,55.57084345516877,1.3128702607657061,True,False,True,False,True,0.0,0.0,0.0,0.0,0.0,0,1.0208945478289257,0.9072804440091411,False,False,False,False,-0.11887010764559959,-0.13294169400522768,False,False,False,False,30022.0,18520.447124523504,False,False,False,False,3388.813708862069,False,False,False,False
2025-04-14 15:00:00+00:00,12.575,12.58,12.475,12.49,1600.0,,,,,,,,,,,,,,,,,,,,,,,,,,,,,,,,,12.337183999366394,12.303491005276094,,,,,,12.320337502321244,"rgba(38, 166, 154, 1.0)",0.902652083465041,12.907246845322172,-0.46224547969852603,55.09482111696738,1.3128702607657061,True,False,True,False,True,0.0,0.0,0.0,0.0,0.0,0,1.014294996751137,0.9106562703053928,False,False,False,False,-0.13184627034233862,-0.13239398217378315,False,False,False,False,28422.0,18673.95957220531,False,False,False,False,3361.080162988238,False,False,False,False
2025-04-14 16:00:00+00:00,12.495,12.51,12.415,12.455,2124.0,,,,,,,,,,,,,,,,,,,,,,,,,,,,,,,,,12.340939396993127,12.30804022461557,,,,,,12.324489810804348,"rgba(38, 166, 154, 1.0)",0.9017204926399544,12.904061101334936,-0.4980047642260249,54.0377871104215,1.3128702607657061,True,False,True,False,True,0.0,0.0,0.0,0.0,0.0,0,1.0100584036340037,0.9192083062946135,False,False,False,False,-0.14797388158192723,-0.1401839318778552,False,False,False,False,26298.0,18792.16174938042,False,False,False,False,3341.9006255775676,False,False,False,False
2025-04-14 17:00:00+00:00,12.455,12.51,12.44,12.495,0.0,,,,,,,,,,,,,,,,,,,,,,,,,,,,,,,,,12.340939396993127,12.30804022461557,,,,,,12.324489810804348,"rgba(38, 166, 154, 1.0)",0.8992392931285315,12.904061101334936,-0.4548968271968825,54.13529169580673,1.3128702607657061,True,False,True,False,True,0.0,0.0,0.0,0.0,0.0,0,1.0093911917098444,0.9200129533678753,False,False,False,False,-0.1448667314960416,-0.1425253316869484,False,False,False,False,26298.0,18908.53133466134,False,False,False,False,3290.088212777915,False,False,False,False
2025-04-14 18:00:00+00:00,12.495,12.58,12.49,12.565,0.0,,,,,,,,,,,,,,,,,,,,,,,,,,,,,,,,,12.340939396993127,12.30804022461557,,,,,,12.324489810804348,"rgba(38, 166, 154, 1.0)",0.8962040217766505,12.904061101334936,-0.37833026085151394,55.5659688270444,2.15066249100083,True,False,True,False,True,0.0,0.0,0.0,0.0,0.0,0,1.011612903225806,0.9161290322580642,False,False,False,False,-0.12998992830623776,-0.13625762999659308,False,False,False,False,26298.0,19023.096740325505,False,False,False,False,3239.0790931999627,False,False,False,False
2025-04-14 19:00:00+00:00,12.565,12.585,12.565,12.58,100.0,,,,,,,,,,,,,,,,,,,,,,,,,,,,,,,,,12.341278265744723,12.308407336039252,,,,,,12.324842800891988,"rgba(38, 166, 154, 1.0)",0.8924016083751892,12.904067628379659,-0.36314101783130387,56.81309980594044,3.5194027262023937,True,False,True,False,True,0.0,0.0,0.0,0.0,0.0,0,1.0148578811369506,0.917958656330749,False,False,False,False,-0.12010414989670017,-0.12818088994664661,False,False,False,False,26398.0,19137.436325746814,False,False,False,False,3190.411200282134,False,False,False,False
2025-04-15 14:00:00+00:00,12.595,12.615,12.49,12.525,8800.0,,,,,,,,,,,,,,,,,,,,,,,,,,,,,,,,,12.36396862464854,12.333627210585602,,,,,,12.348797917617071,"rgba(38, 166, 154, 1.0)",0.8883110201210285,12.90031462213805,-0.42250362050772944,56.05689748675995,3.5194027262023937,True,False,True,False,True,0.0,0.0,0.0,0.0,0.0,0,1.0089916506101475,0.9171483622350671,False,False,False,False,-0.12566190326306376,-0.12692139660485519,False,False,False,False,17598.0,19113.569095890274,False,False,False,False,3277.3815692700077,False,False,False,False
2025-04-15 15:00:00+00:00,12.525,12.535,12.435,12.455,18.0,,,,,,,,,,,,,,,,,,,,,,,,,,,,,,,,,12.363994122725323,12.333658247043378,,,,,,12.34882618488435,"rgba(38, 166, 154, 0.75)",0.8840474488916786,12.900296673525594,-0.5037022323675696,53.67773427915168,3.5194027262023937,True,False,True,False,False,0.0,0.0,0.0,0.0,0.0,0,1.0051118210862617,0.9220447284345045,False,False,False,False,-0.1423830127093668,-0.13465220465711097,False,False,False,False,17580.0,19089.792830837712,False,False,False,False,3226.848521684426,False,False,False,False
2025-04-15 16:00:00+00:00,12.455,12.505,12.455,12.475,0.0,,,,,,,,,,,,,,,,,,,,,,,,,,,,,,,,,12.363994122725323,12.333658247043378,,,,,,12.34882618488435,"rgba(38, 166, 154, 0.75)",0.879371771045503,12.900296673525594,-0.4836369411994542,52.63792977082777,5.816530373733322,True,False,True,False,False,0.0,0.0,0.0,0.0,0.0,0,1.0061034371988433,0.9302923225184706,False,False,False,False,-0.143624652113115,-0.13913842838511298,False,False,False,False,17580.0,19066.385190049532,False,False,False,False,3176.8198624335046,False,False,False,False
2025-04-15 17:00:00+00:00,12.475,12.505,12.47,12.475,4180.0,,,,,,,,,,,,,,,,,,,,,,,,,,,,,,,,,12.370036175272428,12.34091871588663,,,,,,12.35547744557953,#000000,0.8754222301730027,12.896517407628156,-0.4815018320300772,51.94472676527849,5.06106665651869,True,False,False,False,False,0.0,0.0,0.0,0.0,0.0,0,1.0077319587628863,0.9288015463917523,False,False,False,False,-0.1417623567305778,-0.1404503925578454,False,False,False,False,17580.0,19043.34045842086,False,False,False,False,3192.373042860892,False,False,False,False
2025-04-15 18:00:00+00:00,12.475,12.505,12.465,12.495,0.0,,,,,,,,,,,,,,,,,,,,,,,,,,,,,,,,,12.370036175272428,12.34091871588663,,,,,,12.35547744557953,#000000,0.8715049270301517,12.896517407628156,-0.46071731228923474,52.12570851512284,5.06106665651869,True,False,False,False,False,0.0,0.0,0.0,0.0,0.0,1,1.0051563003544954,0.9287786013535285,False,False,False,False,-0.1423830127093668,-0.1414167026336061,False,False,False,False,17580.0,19020.653009453094,False,False,False,False,3142.878887157622,False,False,False,False
2025-04-15 19:00:00+00:00,12.495,12.52,12.495,12.505,584.0,,,,,,,,,,,,,,,,,,,,,,,,,,,,,,,,,12.37099585062241,12.342034464872343,,,,,,12.356515157747378,"rgba(38, 166, 154, 0.75)",0.8670173839918875,12.896094617495109,-0.4510804797182332,52.586532924042324,5.06106665651869,True,False,True,False,False,0.0,0.0,0.0,0.0,0.0,0,1.0058120762027767,0.9296092993219242,False,False,False,False,-0.13680097146508094,-0.13910883704934351,False,False,False,False,18164.0,19007.37156744607,False,False,False,False,3103.2063462714577,False,False,False,False
2025-04-16 14:00:00+00:00,12.58,12.665,12.58,12.615,4000.0,,,,,,,,,,,,,,,,,,,,,,,,,,,,,,,,,12.382425268231112,12.354285714285716,,,,,,12.368355491258413,"rgba(38, 166, 154, 1.0)",0.8610840276666931,12.895955103041725,-0.3262807043385046,56.14796242941831,3.206939401073882,True,False,True,False,True,0.0,0.0,0.0,0.0,0.0,0,1.0054504648925937,0.9243347226675216,False,False,False,False,-0.10839489964741873,-0.12375186834838112,False,False,False,False,22164.0,19056.31154314458,False,False,False,False,3117.1101238486444,False,False,False,False
2025-04-16 15:00:00+00:00,12.615,12.66,12.575,12.645,6600.0,,,,,,,,,,,,,,,,,,,,,,,,,,,,,,,,,12.399620779774922,12.372751271121157,,,,,,12.38618602544804,"rgba(38, 166, 154, 1.0)",0.8546007813567028,12.895255148903237,-0.2928328107844113,59.26329561337461,6.040381510218587,True,False,True,False,True,0.0,0.0,0.0,0.0,0.0,0,1.005429575215586,0.9230277866496326,False,False,False,False,-0.10962600404669057,-0.11668893619753584,False,False,False,False,28764.0,19206.81834092528,False,False,False,False,3171.108416502154,False,False,False,False
2025-04-16 16:00:00+00:00,12.645,12.665,12.615,12.665,0.0,,,,,,,,,,,,,,,,,,,,,,,,,,,,,,,,,12.399620779774922,12.372751271121157,,,,,,12.38618602544804,"rgba(38, 166, 154, 1.0)",0.8481228716438418,12.895255148903237,-0.27148796076794224,61.839655084728605,8.307611310684003,True,False,True,False,True,0.0,0.0,0.0,0.0,0.0,0,1.0080179602309172,0.9271969211032711,False,False,False,False,-0.10408858567084296,-0.1103887609341894,False,False,False,False,28764.0,19354.991699980703,False,False,False,False,3121.943944928477,False,False,False,False
2025-04-16 17:00:00+00:00,12.665,12.69,12.605,12.61,380.0,,,,,,,,,,,,,,,,,,,,,,,,,,,,,,,,,12.400571049136788,12.373770911137262,,,,,,12.387170980137025,"rgba(38, 166, 154, 1.0)",0.8356923708750306,12.895211161432362,-0.3412872623615388,60.91250414251161,8.307611310684003,True,False,True,False,True,0.0,0.0,0.0,0.0,0.0,0,1.011870388193776,0.9236445299967916,False,False,False,False,-0.10224420862811547,-0.10631648478115244,False,False,False,False,28384.0,19494.976324787203,False,False,False,False,3079.433186092376,False,False,False,False
2025-04-16 18:00:00+00:00,12.615,12.71,12.595,12.665,2900.0,,,,,,,,,,,,,,,,,,,,,,,,,,,,,,,,,12.40822554324487,12.381923121511736,,,,,,12.395074332378304,"rgba(38, 166, 154, 1.0)",0.8208384968054485,12.895138853771286,-0.2803704439630263,61.898953316314916,8.307611310684003,True,False,True,False,True,0.0,0.0,0.0,0.0,0.0,0,1.0166613264979174,0.917334187760333,False,False,False,False,-0.10101500969769223,-0.10366574723942233,False,False,False,False,31284.0,19677.751885643214,False,False,False,False,3076.6512762304787,False,False,False,False
2025-04-16 19:00:00+00:00,12.665,12.705,12.655,12.685,2485.0,,,,,,,,,,,,,,,,,,,,,,,,,,,,,,,,,12.415054014671894,12.389146382854928,,,,,,12.40210019876341,"rgba(38, 166, 154, 1.0)",0.804157227690479,12.895293521071334,-0.26150796614151167,63.10923577019337,9.379053876806104,True,False,True,False,True,0.0,0.0,0.0,0.0,0.0,0,1.020927237604636,0.9188667095943334,False,False,False,False,-0.09425974977336309,-0.09896274850639271,False,False,False,False,33769.0,19896.2208486565,False,False,False,False,3067.4783882269053,False,False,False,False
2025-04-17 14:00:00+00:00,12.785,12.84,12.785,12.825,0.0,,,,,,,,,,,,,,,,,,,,,,,,,,,,,,,,,12.415054014671894,12.389146382854928,,,,,,12.40210019876341,"rgba(38, 166, 154, 1.0)",0.786860851739359,12.895293521071334,-0.08933411913421642,66.96620452052404,12.99829602257946,True,False,True,False,True,0.0,0.0,0.0,0.0,0.0,0,1.021099744245524,0.9111253196930945,False,False,False,False,-0.06182058013637866,-0.08039166432138568,False,False,False,False,33769.0,20111.30269596415,False,False,False,False,3019.920583758271,False,False,False,False
2025-04-17 15:00:00+00:00,12.825,12.99,12.825,12.985,88.0,,,,,,,,,,,,,,,,,,,,,,,,,,,,,,,,,12.415511941337511,12.38961038227011,,,,,,12.40256116180381,"rgba(38, 166, 154, 1.0)",0.7686882356349634,12.895408811791134,0.11655074717627277,71.68510828195258,17.25188072086624,True,False,True,False,True,0.19145847346787193,0.0,0.0,0.0,0.0,0,1.0231232182451693,0.9011719987329742,False,False,False,False,-0.03864596675460543,-0.059518815537995554,False,False,False,False,33857.0,20324.414282073234,False,False,False,False,2974.464450676747,False,False,False,False
2025-04-17 16:00:00+00:00,12.985,13.07,12.975,13.065,100.0,,,,,,,,,,,,,,,,,,,,,,,,,,,,,,,,,12.416134977632451,12.39023671932474,,,,,,12.403185848478596,"rgba(38, 166, 154, 1.0)",0.7503834575290973,12.895591410957815,0.2257626915177771,75.61890900907521,20.671826277309336,True,False,True,False,True,1.5967604223554517,0.0,0.0,0.0,0.0,0,1.0319317104015175,0.899778691116029,False,False,False,False,-0.01064557519375403,-0.03508219536587479,False,False,False,False,33957.0,20535.772200180625,False,False,False,True,2929.8991103561775,False,False,False,True
2025-04-17 17:00:00+00:00,13.065,13.075,13.005,13.05,67.0,,,,,,,,,,,,,,,,,,,,,,,,,,,,,,,,,12.41655619038073,12.390660008061268,,,,,,12.403608099221,"rgba(38, 166, 154, 1.0)",0.7300691254449245,12.884263049726107,0.2270154215505133,77.52535637546643,22.25664490709717,True,False,True,False,True,1.3224477019684002,0.0,0.0,0.0,0.0,0,1.031289506953224,0.9020227560050568,False,False,False,True,-0.006387195561117691,-0.020734695463496242,False,False,False,False,33890.0,20742.814491650694,False,False,False,False,2885.513077637477,False,False,False,False
2025-04-17 18:00:00+00:00,13.045,13.075,13.005,13.02,60.0,,,,,,,,,,,,,,,,,,,,,,,,,,,,,,,,,12.416926905417816,12.391032806432383,,,,,,12.4039798559251,"rgba(38, 166, 154, 1.0)",0.708909942310231,12.874133494329877,0.20576168701311406,77.31249424095157,22.25664490709717,True,False,True,False,True,0.7686780201338514,0.0,0.0,0.0,0.0,0,1.032605254827477,0.9025007913896802,False,False,False,True,-0.006387195561117691,-0.013560945512306967,False,False,False,False,33830.0,20945.716592555335,False,False,False,False,2841.70667333302,False,False,False,False
2025-04-17 19:00:00+00:00,13.025,13.025,12.955,12.97,4849.0,,,,,,,,,,,,,,,,,,,,,,,,,,,,,,,,,12.443165558464058,12.417556256387526,,,,,,12.430360907425792,"rgba(38, 166, 154, 0.75)",0.68675822882937,12.876163911981743,0.13663627762889377,74.78542661748858,22.25664490709717,True,False,True,False,False,0.0,0.0,0.0,0.0,0.0,0,1.0288248337028825,0.9052898321191003,False,False,False,False,-0.01855513604867314,-0.016058040780490054,False,False,False,False,28981.0,21070.294629880056,False,False,False,False,2872.8275001030506,False,False,False,False
2025-04-18 14:00:00+00:00,12.97,12.97,12.97,12.97,0.0,,,,,,,,,,,,,,,,,,,,,,,,,,,,,,,,,12.443165558464058,12.417556256387526,,,,,,12.430360907425792,"rgba(38, 166, 154, 0.75)",0.6630382022611109,12.876163911981743,0.14152440643428205,73.10071486851325,22.25664490709717,True,False,True,False,False,0.0,0.0,0.0,0.0,0.0,0,1.0324221233312143,0.904322949777495,False,False,False,False,-0.023423649131659233,-0.019740844956074644,False,False,False,False,28981.0,21192.941224765633,False,False,False,False,2828.287538861143,False,False,False,False
2025-04-18 15:00:00+00:00,12.97,12.97,12.97,12.97,0.0,,,,,,,,,,,,,,,,,,,,,,,,,,,,,,,,,12.443165558464058,12.417556256387526,,,,,,12.430360907425792,"rgba(38, 166, 154, 0.75)",0.6385588151144326,12.876163911981743,0.14694979663140553,71.9775737025297,27.194313656857716,True,False,True,False,False,0.0,0.0,0.0,0.0,0.0,0,1.0299363057324842,0.9050955414012737,False,False,False,False,-0.023423649131659233,-0.021582247043866937,False,False,False,False,28981.0,21313.686322056084,False,False,False,False,2784.4381196539935,False,False,False,False
2025-04-18 16:00:00+00:00,12.97,12.97,12.97,12.97,0.0,,,,,,,,,,,,,,,,,,,,,,,,,,,,,,,,,12.443165558464058,12.417556256387526,,,,,,12.430360907425792,"rgba(38, 166, 154, 0.75)",0.6125550021268442,12.876163911981743,0.15318802016545469,71.22881292520734,26.242461825285332,True,False,True,False,False,0.0,0.0,0.0,0.0,0.0,0,1.0315721649484535,0.9123711340206184,False,False,False,False,-0.023423649131659233,-0.022502948087763083,False,False,False,False,28981.0,21432.559402334282,False,False,False,False,2741.2685364035437,False,False,False,False
2025-04-18 17:00:00+00:00,12.97,12.97,12.97,12.97,0.0,,,,,,,,,,,,,,,,,,,,,,,,,,,,,,,,,12.443165558464058,12.417556256387526,,,,,,12.430360907425792,"rgba(38, 166, 154, 0.75)",0.5851899514510366,12.876163911981743,0.16035150259429654,70.72963907365909,25.462681128168782,True,False,True,False,False,0.0,0.0,0.0,0.0,0.0,0,1.0207052733743125,0.9155613070203815,False,False,False,False,-0.023423649131659233,-0.022963298609711157,False,False,False,False,28981.0,21549.589489119793,False,False,False,False,2698.768249017442,False,False,False,False
2025-04-18 18:00:00+00:00,12.97,12.97,12.97,12.97,0.0,,,,,,,,,,,,,,,,,,,,,,,,,,,,,,,,,12.443165558464058,12.417556256387526,,,,,,12.430360907425792,"rgba(38, 166, 154, 0.75)",0.5547071299343348,12.876163911981743,0.16916329889137227,70.39685650596026,24.794266753895727,True,False,True,False,False,0.0,0.0,0.0,0.0,0.0,0,1.0201037613488975,0.914072632944228,False,False,False,False,-0.023423649131659233,-0.023193473870685197,False,False,False,False,28981.0,21664.805155955142,False,False,False,False,2656.926880815621,False,False,False,False
2025-04-18 19:00:00+00:00,12.97,12.97,12.97,12.97,0.0,,,,,,,,,,,,,,,,,,,,,,,,,,,,,,,,,12.443165558464058,12.417556256387526,,,,,,12.430360907425792,"rgba(38, 166, 154, 0.75)",0.5191714379489388,12.876163911981743,0.1807420076670051,70.1750014608277,24.203896447151507,True,False,True,False,False,0.0,0.0,0.0,0.0,0.0,0,1.019162065605716,0.9142578759337445,False,False,False,False,-0.023423649131659233,-0.023308561501172213,False,False,False,False,28981.0,21778.23453338219,False,False,False,False,2615.7342159967743,False,False,False,False
2025-04-21 14:00:00+00:00,12.635,12.745,12.625,12.695,138.0,,,,,,,,,,,,,,,,,,,,,,,,,,,,,,,,,12.443488356931143,12.417900902645837,,,,,,12.43069462978849,"rgba(38, 166, 154, 0.5)",0.47810533537254973,12.84940462136727,-0.32295105271509833,57.50762574982413,12.406252740363868,False,False,True,False,False,0.0,0.0,0.0,0.0,0.0,0,1.0111394016549968,0.9162953532781666,False,False,False,False,-0.09303245958491842,-0.05817051054304531,False,False,False,False,28843.0,21887.765780926653,False,False,False,False,2577.319732027832,False,False,False,False
2025-04-21 15:00:00+00:00,12.695,12.72,12.645,12.645,100.0,,,,,,,,,,,,,,,,,,,,,,,,,,,,,,,,,12.443704263255556,12.41813320494155,,,,,,12.430918734098553,"rgba(239, 83, 80, 1.0)",0.4329887437939219,12.848427375189079,-0.46982139398501155,47.99844815606128,4.208676309053914,False,True,False,True,False,0.0,0.0,0.0,0.0,0.0,0,1.0107833809070725,0.919124643196955,False,False,False,False,-0.09364606951846532,-0.07590829003075532,False,False,False,False,28743.0,21994.048481997557,False,False,False,False,2538.9116741669354,False,False,False,False
2025-04-21 16:00:00+00:00,12.645,12.695,12.64,12.675,38.0,,,,,,,,,,,,,,,,,,,,,,,,,,,,,,,,,12.443786199777673,12.418221367600099,,,,,,12.431003783688887,"rgba(239, 83, 80, 1.0)",0.3798649949842711,12.848135122714677,-0.45578067208284073,43.14521701504567,0.4317838999900161,False,True,False,True,False,0.0,0.0,0.0,0.0,0.0,0,1.014294790343075,0.9205844980940276,False,False,False,False,-0.0973292224833504,-0.08661875625705286,False,False,False,False,28781.0,22099.27253654023,False,False,False,False,2500.1378497612463,False,False,False,False
2025-04-21 17:00:00+00:00,12.675,12.71,12.665,12.695,48.0,,,,,,,,,,,,,,,,,,,,,,,,,,,,,,,,,12.443898756801719,12.418341481904344,,,,,,12.431120119353032,"rgba(239, 83, 80, 1.0)",0.36912332224747435,12.847965670469316,-0.41440261627999114,40.90743837475936,-1.1848227632163457,False,True,False,True,False,0.0,0.0,0.0,0.0,0.0,0,1.0159184972938555,0.919452403693091,False,False,False,False,-0.09241891949864396,-0.08951883787784841,False,False,False,False,28829.0,22203.609396438827,False,False,False,False,2462.1202086796766,False,False,False,False
2025-04-21 18:00:00+00:00,12.695,12.755,12.665,12.755,156.0,,,,,,,,,,,,,,,,,,,,,,,,,,,,,,,,,12.444315781298544,12.41878132163829,,,,,,12.431548551468417,"rgba(239, 83, 80, 1.0)",0.35520889679222,12.848028817893734,-0.2618988959281357,42.20768524598736,-1.1848227632163457,False,True,False,True,False,0.0,0.0,0.0,0.0,0.0,0,1.0159033078880406,0.9163486005089055,False,False,False,False,-0.08690012378256824,-0.08820948083020833,False,False,False,False,28985.0,22308.74723525373,False,False,False,False,2426.3664069947204,False,False,False,False
2025-04-21 19:00:00+00:00,12.755,12.805,12.755,12.79,2817.0,,,,,,,,,,,,,,,,,,,,,,,,,,,,,,,,,12.453160864182669,12.427984886913245,,,,,,12.440572875547957,"rgba(239, 83, 80, 0.75)",0.34066756139581716,12.847125364985576,-0.16768654095364177,44.53877069302676,-1.1848227632163457,False,True,False,True,True,0.0,0.0,0.0,0.0,0.0,0,1.0187420584498097,0.9132782719186783,False,False,False,False,-0.06976273396137729,-0.07898610739579282,False,False,False,False,31802.0,22455.92944866065,False,False,False,False,2432.422741769996,False,False,False,False
2025-04-22 14:00:00+00:00,12.825,12.905,12.825,12.885,232.0,,,,,,,,,,,,,,,,,,,,,,,,,,,,,,,,,12.454058190007055,12.428905479088598,,,,,,12.441481834547826,#000000,0.3242309959561609,12.84757566674252,0.11542490916735204,49.403541917532635,-8.946872076926184,False,True,False,False,True,0.0,0.0,0.0,0.0,0.0,0,1.0211757269279393,0.9077117572692791,False,False,False,False,-0.04900694765967753,-0.06399652752773517,False,False,False,False,32034.0,22604.42666651087,False,False,False,False,2398.307660502244,False,False,False,False
2025-04-22 15:00:00+00:00,12.885,13.025,12.875,13.025,2477.0,,,,,,,,,,,,,,,,,,,,,,,,,,,,,,,,,12.46571678111071,12.440740951380992,,,,,,12.453228866245851,"rgba(38, 166, 154, 0.5)",0.31013244773019205,12.856450979124094,0.5434743191481197,55.98143296707542,-2.812978740850369,False,False,True,False,True,1.5896710883581235,0.0,0.0,0.0,0.0,0,1.024795982423101,0.9008160703075955,False,False,False,False,-0.02829327266793123,-0.0461449000978332,False,False,False,False,34511.0,22789.024702688996,False,False,False,False,2399.5276967735267,False,False,False,False
2025-04-22 16:00:00+00:00,13.025,13.045,13.02,13.035,252.0,,,,,,,,,,,,,,,,,,,,,,,,,,,,,,,,,12.467006214016996,12.442044693940506,,,,,,12.45452545397875,"rgba(38, 166, 154, 0.5)",0.2964660471573468,12.851677003872075,0.618360847340567,60.56515946050211,1.3799930349318217,False,False,True,False,True,1.7892446716270243,0.0,0.0,0.0,0.0,0,1.0341664030370135,0.9076241695665926,False,False,False,False,-0.00821217803439413,-0.027178539066113665,False,False,False,False,34763.0,22974.66773055428,False,False,False,False,2366.2326937227745,False,False,False,False
2025-04-22 17:00:00+00:00,13.035,13.045,12.905,12.935,3377.0,,,,,,,,,,,,,,,,,,,,,,,,,,,,,,,,,12.481619834542046,12.456925785214144,,,,,,12.469272809878095,"rgba(38, 166, 154, 0.5)",0.29915711922327226,12.845901696413927,0.29783113240763653,59.47585896970128,1.3799930349318217,False,False,True,False,True,0.0,0.0,0.0,0.0,0.0,0,1.021704938659956,0.9097200377477191,False,False,False,False,-0.02220642578826843,-0.024692482427191048,False,False,False,False,31386.0,23105.075982793747,False,False,False,False,2381.9035046728086,False,False,False,False
2025-04-22 18:00:00+00:00,12.935,12.955,12.905,12.915,2000.0,,,,,,,,,,,,,,,,,,,,,,,,,,,,,,,,,12.48924401092492,12.464732291518997,,,,,,12.47698815122196,"rgba(38, 166, 154, 0.5)",0.3014481265043095,12.846491698642243,0.22726398121030186,58.01288819509679,1.3799930349318217,False,False,True,False,True,0.0,0.0,0.0,0.0,0.0,0,1.0220333648095687,0.9156436890147935,False,False,False,False,-0.0331642380764898,-0.028928360251840424,False,False,False,False,29386.0,23202.454649727177,False,False,False,False,2375.9825201042377,False,False,False,False
2025-04-22 19:00:00+00:00,12.915,12.92,12.9,12.91,1268.0,,,,,,,,,,,,,,,,,,,,,,,,,,,,,,,,,12.493781621122045,12.469391202576734,,,,,,12.481586411849388,"rgba(38, 166, 154, 0.5)",0.3034767456249661,12.846694665127746,0.20860028250891507,56.840489575671185,1.3799930349318217,False,False,True,False,False,0.0,0.0,0.0,0.0,0.0,0,1.0233364869126458,0.9154840744244716,False,False,False,False,-0.03803677715861952,-0.033482568705229976,False,False,False,False,28118.0,23278.664655157765,False,False,False,False,2358.8044965367303,False,False,False,False
2025-04-23 14:00:00+00:00,12.915,12.925,12.555,12.745,2838.0,,,,,,,,,,,,,,,,,,,,,,,,,,,,,,,,12.741666666666665,12.499623897908622,12.47562154135591,,,,,,12.5723040353104,#000000,0.3034767456249661,12.818207614317979,-0.2412297329972325,50.883050324330554,9.454566683568245,False,True,False,False,False,0.0,0.0,0.0,0.0,0.0,0,0.9999999999999998,0.918108776266996,False,False,False,False,-0.0795498761032252,-0.05651622240422759,False,False,False,False,25280.0,23309.69311011656,False,False,False,False,2366.2338841873234,False,False,False,False
2025-04-23 15:00:00+00:00,12.745,12.785,12.615,12.635,5889.0,,,,,,,,,,,,,,,,,,,,,,,,,,,,,,,,12.698929185287039,12.507956332868845,12.484810464358473,,,,,,12.56389866083812,"rgba(239, 83, 80, 1.0)",0.30287604874087704,12.80046353932338,-0.5463077718137447,44.62435545673498,3.4829816059665077,False,True,False,True,False,0.0,0.0,0.0,0.0,0.0,0,1.001224739742805,0.9283527250459274,False,False,False,False,-0.08935225020583998,-0.07293423630503379,False,False,False,False,19391.0,23248.93817817677,False,False,False,False,2420.850413114652,False,False,False,False
2025-04-23 16:00:00+00:00,12.635,12.755,12.61,12.675,4921.0,,,,,,,,,,,,,,,,,,,,,,,,,,,,,,,,12.692103971277842,12.514408052327429,12.491934191171927,,,,,,12.566148738259066,"rgba(239, 83, 80, 1.0)",0.3018845910381838,12.792903889844265,-0.3905594831415264,41.972465996893334,0.9256863117358165,False,True,False,True,False,0.0,0.0,0.0,0.0,0.0,0,1.0018292682926833,0.9329268292682925,False,False,False,False,-0.09364606951846532,-0.08329015291174956,False,False,False,False,24312.0,23265.41975680969,False,False,False,False,2459.6124222136496,False,False,False,False
2025-04-23 17:00:00+00:00,12.675,12.685,12.6,12.67,2184.0,,,,,,,,,,,,,,,,,,,,,,,,,,,,,,,,12.686525707427993,12.516655073245934,12.49448023023571,,,,,,12.565887003636545,"rgba(239, 83, 80, 1.0)",0.30195598092172243,12.78945777152401,-0.3956131988489321,40.09013179953479,-1.0660030124895599,False,True,False,True,False,0.0,0.0,0.0,0.0,0.0,0,1.0024323502584371,0.9340224992398903,False,False,False,False,-0.10347371553136933,-0.09338193422155944,False,False,False,False,22128.0,23247.78534197543,False,False,False,False,2455.3393614041356,False,False,False,False
2025-04-23 18:00:00+00:00,12.67,12.72,12.67,12.695,1072.0,,,,,,,,,,,,,,,,,,,,,,,,,,,,,,,,12.687063121154756,12.518076729550396,12.496036864579638,,,,,,12.56705890509493,"rgba(239, 83, 80, 1.0)",0.30217957491445496,12.788647625068894,-0.30990719705461356,39.89685145860543,-1.6636972080397783,False,True,False,True,False,0.0,0.0,0.0,0.0,0.0,0,1.0109689213893969,0.930225472273004,False,False,False,False,-0.09057871358745453,-0.09198032390450699,False,False,False,False,23200.0,23247.044483960304,False,False,False,False,2433.8922395219006,False,False,False,False
2025-04-23 19:00:00+00:00,12.695,12.715,12.685,12.71,3518.0,,,,,,,,,,,,,,,,,,,,,,,,,,,,,,,,12.689865912577938,12.522799464730422,12.50118674189729,,,,,,12.571284039735218,"rgba(239, 83, 80, 1.0)",0.3024693119717601,12.786730196229948,-0.2536792765181786,40.426509900663554,-1.6774758420673876,False,True,False,True,False,0.0,0.0,0.0,0.0,0.0,0,1.010060975609756,0.929573170731707,False,False,False,False,-0.08935225020583998,-0.09066628705517349,False,False,False,False,26718.0,23300.857747774873,False,False,False,False,2450.700111777375,False,False,False,False
2025-04-24 14:00:00+00:00,12.83,12.835,12.68,12.805,5400.0,,,,,,,,,,,,,,,,,,,,,,,,,,,,,,,,12.707320953708724,12.532233860301211,12.511183351586185,,,,,,12.583579388532039,"rgba(239, 83, 80, 0.75)",0.30329679514615915,12.788803041995605,0.0534029975377401,44.46151787641398,-1.6774758420673876,False,True,False,True,True,0.0,0.0,0.0,0.0,0.0,0,1.0078692493946733,0.9243341404358352,False,False,False,False,-0.07526623995631905,-0.08296626350574626,False,False,False,False,32118.0,23437.55762765433,False,False,False,False,2496.425691439741,False,False,False,False
2025-04-24 15:00:00+00:00,12.805,12.81,12.72,12.745,2400.0,,,,,,,,,,,,,,,,,,,,,,,,,,,,,,,,12.711659048496445,12.53595568785337,12.515153393258327,,,,,,12.58758937653605,"rgba(239, 83, 80, 0.75)",0.303767884951509,12.78916713663436,-0.14539765005576885,45.08066587325982,-1.6774758420673876,False,True,False,True,True,0.0,0.0,0.0,0.0,0.0,0,1.0090525045262522,0.9275799637899814,False,False,False,False,-0.07343124864330991,-0.07819875607452809,False,False,False,False,29718.0,23534.92882722558,False,False,False,False,2494.930719479435,False,False,False,False
2025-04-24 16:00:00+00:00,12.745,12.865,12.715,12.855,0.0,,,,,,,,,,,,,,,,,,,,,,,,,,,,,,,,12.711659048496445,12.53595568785337,12.515153393258327,,,,,,12.58758937653605,#000000,0.3051860014736601,12.78916713663436,0.21571390249799033,49.002185207289756,-8.06439133741332,False,True,False,False,True,0.0,0.0,0.0,0.0,0.0,0,1.0063291139240509,0.9264617239300783,False,False,False,False,-0.06731810465182818,-0.07275843036317814,False,False,False,False,29718.0,23630.790395795724,False,False,False,False,2456.249623053397,False,False,False,False
2025-04-24 17:00:00+00:00,12.855,12.865,12.825,12.865,1077.0,,,,,,,,,,,,,,,,,,,,,,,,,,,,,,,,12.716805579257539,12.538270706809374,12.517561755467842,,,,,,12.590879347178252,"rgba(38, 166, 154, 0.5)",0.30650811608375184,12.79039903876299,0.24338983968902755,51.89934309538904,-5.072341382926005,False,True,True,False,True,0.0,0.0,0.0,0.0,0.0,0,1.0138972809667675,0.9280966767371601,False,False,False,False,-0.05388620793625098,-0.06332231914971456,False,False,False,False,30795.0,23741.86341291517,False,False,False,False,2434.8659079672975,False,False,False,False
2025-04-24 18:00:00+00:00,12.865,12.865,12.815,12.815,200.0,,,,,,,,,,,,,,,,,,,,,,,,,,,,,,,,12.717584324892368,12.53866967871486,12.517978655393778,,,,,,12.59141088633367,"rgba(38, 166, 154, 0.5)",0.3073103018475091,12.790578952330065,0.0794670647977562,51.91579542525138,-4.717935984428962,False,True,True,False,True,0.0,0.0,0.0,0.0,0.0,0,1.0126888217522654,0.9268882175226583,False,False,False,False,-0.05510641456815301,-0.05921436685893379,False,False,False,False,30595.0,23848.113592559894,False,False,False,False,2400.2168241228433,False,False,False,False
2025-04-24 19:00:00+00:00,12.815,12.825,12.795,12.825,2400.0,,,,,,,,,,,,,,,,,,,,,,,,,,,,,,,,12.724913633656227,12.543106463021935,12.522635196338443,,,,,,12.596885097672201,"rgba(38, 166, 154, 0.5)",0.3058726991872498,12.7922216273624,0.10716344650796403,52.277759795789855,-3.910528830630909,False,True,True,False,True,0.0,0.0,0.0,0.0,0.0,0,1.0145366444579043,0.9273167777104783,False,False,False,False,-0.06243122587762839,-0.060822796368281085,False,False,False,False,32995.0,23989.925784923307,False,False,False,False,2400.213462508536,False,False,False,False
2025-04-25 14:00:00+00:00,12.805,12.835,12.775,12.785,5894.0,,,,,,,,,,,,,,,,,,,,,,,,,,,,,,,,12.736363788708665,12.552788558494777,12.532856386547575,,,,,,12.607336244583673,#000000,0.3043711875651269,12.794795579639898,-0.03218300561974655,50.93324538203421,-3.910528830630909,False,True,False,False,True,0.0,0.0,0.0,0.0,0.0,0,1.0127003326277588,0.9253099485938914,False,False,False,False,-0.06365265732966262,-0.06223772684897185,False,False,False,False,27101.0,24038.159493684187,False,False,False,False,2454.3806956479384,False,False,False,False
2025-04-25 15:00:00+00:00,12.785,12.88,12.785,12.875,5582.0,,,,,,,,,,,,,,,,,,,,,,,,,,,,,,,,12.750558847262248,12.562980588415595,12.543500939868663,,,,,,12.619013458515502,"rgba(38, 166, 154, 0.5)",0.30067039209850827,12.799092659429832,0.2524603105759048,53.23095021128333,-2.3025157770576854,False,True,True,False,True,0.0,0.0,0.0,0.0,0.0,0,1.0120481927710845,0.9237951807228914,False,False,False,False,-0.05693703307342289,-0.05958737996119737,False,False,False,False,32683.0,24172.188028665827,False,False,False,False,2502.8709174208384,False,False,False,False
2025-04-25 16:00:00+00:00,12.875,12.9,12.85,12.875,2203.0,,,,,,,,,,,,,,,,,,,,,,,,,,,,,,,,12.756573675896265,12.567193629779453,12.547880110734667,,,,,,12.623882472136794,"rgba(38, 166, 154, 0.5)",0.29467065139368576,12.801113063037928,0.25074413285684793,54.76275343078275,-0.5382923819826573,False,False,True,False,True,0.0,0.0,0.0,0.0,0.0,0,1.0178140096618356,0.9242149758454105,False,False,False,False,-0.04656820605767317,-0.05307779300943527,False,False,False,False,32683.0,24304.138601864805,False,False,False,False,2498.221755910438,False,False,False,False
2025-04-25 17:00:00+00:00,12.875,12.925,12.835,12.835,4569.0,,,,,,,,,,,,,,,,,,,,,,,,,,,,,,,,12.766452629269947,12.575306227294046,12.556336813864537,,,,,,12.63269855680951,"rgba(38, 166, 154, 0.5)",0.2680210762184273,12.804592296270076,0.11345265886904822,53.965905108316164,-0.5382923819826573,False,False,True,False,True,0.0,0.0,0.0,0.0,0.0,0,1.0150693188667872,0.9228450874020492,False,False,False,False,-0.045349044605768364,-0.049213418807601814,False,False,False,False,28114.0,24363.206220440545,False,False,False,False,2530.3268449660895,False,False,False,False
2025-04-25 18:00:00+00:00,12.835,12.915,12.835,12.905,1553.0,,,,,,,,,,,,,,,,,,,,,,,,,,,,,,,,12.770013636363638,12.578147454566576,12.5592891117705,,,,,,12.635816734233572,"rgba(38, 166, 154, 0.5)",0.2485257794737805,12.805919410162256,0.39867328873299773,55.921006542544454,1.0862618790785845,False,False,True,False,True,0.07889740067373907,0.0,0.0,0.0,0.0,0,1.0150421179302045,0.9229843561973524,False,False,False,False,-0.04656820605767317,-0.04789081243263749,False,False,False,False,29667.0,24445.435581363945,False,False,False,False,2515.1744907805687,False,False,False,False
2025-04-25 19:00:00+00:00,12.905,12.95,12.905,12.93,3162.0,,,,,,,,,,,,,,,,,,,,,,,,,,,,,,,,12.779138474718385,12.584568784710342,12.565917481307286,,,,,,12.643208246912005,"rgba(38, 166, 154, 0.5)",0.22749869814494578,12.802391321099723,0.5609204797250038,58.01705499652748,3.284620225668945,False,False,True,False,True,0.6499116781140515,0.0,0.0,0.0,0.0,0,1.018646616541353,0.9209022556390974,False,False,False,False,-0.03377321464312909,-0.040832013537883294,False,False,False,False,32829.0,24575.413324288533,False,False,False,False,2525.2027932490873,False,False,False,False
2025-04-28 14:00:00+00:00,12.8,12.825,12.73,12.745,2200.0,,,,,,,,,,,,,,,,,,,,,,,,,,,,,,,,12.778657629712711,12.586862747343567,12.568395185012724,,,,,,12.644638520689668,#000000,0.22754649064618188,12.79895389055691,-0.23711150369180714,52.56869316438832,7.59118839635773,False,False,False,False,False,0.0,0.0,0.0,0.0,0.0,0,1.0101280905570449,0.9240393208221624,False,False,False,False,-0.07037402025019827,-0.055603016894040784,False,False,False,False,30629.0,24669.267381276306,False,False,False,False,2520.1608894777837,False,False,False,False
2025-04-28 15:00:00+00:00,12.745,12.765,12.66,12.675,0.0,,,,,,,,,,,,,,,,,,,,,,,,,,,,,,,,12.778657629712711,12.586862747343567,12.568395185012724,,,,,,12.644638520689668,"rgba(239, 83, 80, 1.0)",0.22675229569640787,12.79895389055691,-0.5466488891599436,47.224932173570075,2.7665423904534947,False,True,False,True,False,0.0,0.0,0.0,0.0,0.0,0,1.0056363097003858,0.9279145654108572,False,False,False,False,-0.0862872561637078,-0.0709451365288743,False,False,False,False,30629.0,24761.666336605354,False,False,False,False,2481.088627625415,False,False,False,False
2025-04-28 16:00:00+00:00,12.675,12.705,12.645,12.655,236.0,,,,,,,,,,,,,,,,,,,,,,,,,,,,,,,,12.778203224079958,12.586972694781984,12.568527327226375,,,,,,12.644567748696106,"rgba(239, 83, 80, 1.0)",0.22679758407913367,12.798372823546593,-0.6321620405646321,43.19845258576199,-0.7467200569041452,False,True,False,True,False,0.0,0.0,0.0,0.0,0.0,0,1.0098214285714284,0.9291666666666667,False,False,False,False,-0.09548732314511968,-0.08321622983699699,False,False,False,False,30393.0,24848.973835262634,False,False,False,False,2446.2810520033154,False,False,False,False
2025-04-28 17:00:00+00:00,12.665,12.695,12.635,12.695,906.0,,,,,,,,,,,,,,,,,,,,,,,,,,,,,,,,12.77659676883605,12.587426399895321,12.569065059005187,,,,,,12.644362742578855,"rgba(239, 83, 80, 1.0)",0.21815704319476653,12.796514261125548,-0.4653265355953587,42.22084784099465,-1.5402984515998313,False,True,False,True,False,0.0,0.0,0.0,0.0,0.0,0,1.010419767788032,0.9273593331348613,False,False,False,False,-0.09794333464006845,-0.09057978223853272,False,False,False,False,31299.0,24948.974240917476,False,False,False,False,2422.400725615667,False,False,False,False
2025-04-28 18:00:00+00:00,12.695,12.735,12.685,12.715,509.0,,,,,,,,,,,,,,,,,,,,,,,,,,,,,,,,12.7760338709769,12.587785117325616,12.5694685288123,,,,,,12.644429172371604,"rgba(239, 83, 80, 1.0)",0.21120365049394832,12.795877294836568,-0.38293511805983665,42.41574837506812,-1.5402984515998313,False,True,False,True,False,0.0,0.0,0.0,0.0,0.0,0,1.016706443914081,0.9227326968973746,False,False,False,False,-0.08690012378256824,-0.08873995301055049,False,False,False,False,31808.0,25055.315725554414,False,False,False,False,2392.735598086742,False,False,False,False
2025-04-28 19:00:00+00:00,12.715,12.735,12.715,12.715,1552.0,,,,,,,,,,,,,,,,,,,,,,,,,,,,,,,,12.774633756464505,12.58895348117992,12.570770313912217,,,,,,12.64478585051888,"rgba(239, 83, 80, 1.0)",0.20348811860745702,12.7944579491657,-0.3904795508920124,42.54568206445043,-1.6316845768508585,False,True,False,True,False,0.0,0.0,0.0,0.0,0.0,0,1.0152238805970148,0.922686567164179,False,False,False,False,-0.08322387845970997,-0.08598191573513023,False,False,False,False,31808.0,25160.00850500318,False,False,False,False,2379.7009376512883,False,False,False,False
2025-04-29 14:00:00+00:00,12.54,12.56,12.465,12.525,3330.0,,,,,,,,,,,,,,,,,,,,,,,,,,,,,,,,12.761125927090704,12.587624826132071,12.569795299325689,,,,,,12.639515350849488,"rgba(239, 83, 80, 1.0)",0.19944917390894634,12.784986904372213,-1.303524598657415,37.80539723050425,-6.325363457183201,False,True,False,True,False,0.0,0.0,0.0,0.0,0.0,0,1.00972590627763,0.9248452696728557,False,False,False,False,-0.13556167959085744,-0.11077179766299383,False,False,False,False,28478.0,25211.450233607782,False,False,False,False,2394.4342564473923,False,False,False,False
2025-04-29 15:00:00+00:00,12.525,12.58,12.505,12.51,432.0,,,,,,,,,,,,,,,,,,,,,,,,,,,,,,,,12.759577730228393,12.587491712737604,12.569706366689342,,,,,,12.638925269885112,"rgba(239, 83, 80, 1.0)",0.19690847098572004,12.784012891988063,-1.3915749313188996,34.369803557803905,-9.622339524793148,False,True,False,True,False,0.0,0.0,0.0,0.0,0.0,0,1.0135294117647058,0.9226470588235294,False,False,False,False,-0.12813447672370018,-0.119453137193347,False,False,False,False,28046.0,25255.396741613862,False,False,False,False,2364.0089191381303,False,False,False,False
2025-04-29 16:00:00+00:00,12.51,12.54,12.465,12.475,784.0,,,,,,,,,,,,,,,,,,,,,,,,,,,,,,,,12.756357048443423,12.58708697026851,12.569384446786165,,,,,,12.637609488499367,"rgba(239, 83, 80, 1.0)",0.19487295468703889,12.782009957169455,-1.5754364563441137,31.427477891320734,-12.422031634066272,False,True,False,True,False,0.0,0.0,0.0,0.0,0.0,0,1.0113466706479544,0.9334129590922663,False,False,False,False,-0.13804068108842155,-0.12874690914088427,False,False,False,False,27262.0,25286.506869650857,False,False,False,False,2339.512656825911,False,False,False,False
2025-04-29 17:00:00+00:00,12.475,12.515,12.475,12.515,3797.0,,,,,,,,,,,,,,,,,,,,,,,,,,,,,,,,12.742261616721084,12.585344934697567,12.56802969871001,,,,,,12.631878750042887,"rgba(239, 83, 80, 1.0)",0.18835047358817342,12.773763970346268,-1.3738429504140905,31.545334727301785,-12.447123256857203,False,True,False,True,False,0.0,0.0,0.0,0.0,0.0,0,1.006584854833882,0.9377431906614787,False,False,False,False,-0.1399010376071908,-0.13432397337403754,False,False,False,False,31059.0,25376.00288717565,False,False,False,False,2362.109359820858,False,False,False,False
2025-04-29 18:00:00+00:00,12.515,12.515,12.45,12.475,3504.0,,,,,,,,,,,,,,,,,,,,,,,,,,,,,,,,12.729518041380077,12.583398967081203,12.56643395292612,,,,,,12.626450320462467,"rgba(239, 83, 80, 1.0)",0.18510559440781213,12.766641720999505,-1.5755424460969039,30.71140145948926,-13.529451892136187,False,True,False,True,False,0.0,0.0,0.0,0.0,0.0,0,1.000898203592814,0.941317365269461,False,False,False,False,-0.14300377766779418,-0.13866387552091586,False,False,False,False,27555.0,25409.78578814967,False,False,False,False,2379.8130906763486,False,False,False,False
2025-04-29 19:00:00+00:00,12.475,12.49,12.455,12.455,12117.0,,,,,,,,,,,,,,,,,,,,,,,,,,,,,,,,12.691704816630855,12.57639003135024,12.560548918617178,,,,,,12.609547922199425,"rgba(239, 83, 80, 1.0)",0.18377975949485945,12.745897061280624,-1.5828569048092649,29.708051807186262,-14.821805480322396,False,True,False,True,False,0.0,0.0,0.0,0.0,0.0,0,1.0014979029358895,0.9409826243259436,False,False,False,False,-0.14548793745074998,-0.1420759064858329,False,False,False,False,15438.0,25255.184458100837,False,False,False,False,2530.7772288053975,False,False,False,False
2025-04-30 14:00:00+00:00,12.21,12.34,12.205,12.265,100.0,,,,,,,,,,,,,,,,,,,,,,,,,,,,,,,,12.691204745698398,12.576238282501096,12.56040754328941,,,,,,12.609283523829633,"rgba(239, 83, 80, 1.0)",0.18953230726048736,12.745614015391876,-2.5357893983284567,25.98636390290885,-18.575092821636982,False,True,False,True,False,0.0,0.0,0.0,0.0,0.0,0,0.9937869822485205,0.9431952662721892,False,False,False,False,-0.19559019700379712,-0.168833051744815,False,False,False,False,15338.0,25101.429660300826,False,False,False,False,2493.090760141748,False,False,False,False
2025-04-30 15:00:00+00:00,12.265,12.375,12.035,12.055,3486.0,,,,,,,,,,,,,,,,,,,,,,,,,,,,,,,,12.669918977395664,12.569088847991482,12.553645642944405,,,,,,12.597551156110518,"rgba(239, 83, 80, 1.0)",0.20289066420515708,12.733491105528026,-3.344121860836121,21.704546684206413,-22.666493689191128,False,True,False,True,False,0.0,0.0,0.0,0.0,0.0,0,0.984306887532694,0.9415867480383613,False,False,False,False,-0.2127085900908226,-0.1907708209178188,False,False,False,False,11852.0,24896.012146187633,False,False,False,False,2508.484701844977,False,False,False,False
2025-04-30 16:00:00+00:00,12.06,12.145,12.015,12.035,3849.0,,,,,,,,,,,,,,,,,,,,,,,,,,,,,,,,12.644518240530637,12.559816105192894,12.54480942850476,,,,,,12.583047924742763,"rgba(239, 83, 80, 1.0)",0.2159584753211856,12.718928166105282,-3.1669429277462062,18.717415220960284,-25.45820392644184,False,True,False,True,False,0.0,0.0,0.0,0.0,0.0,0,0.9829183555298204,0.9574406485234511,False,False,False,False,-0.2447447766492164,-0.2177577987835176,False,False,False,False,8003.0,24634.10498113046,False,False,False,False,2529.267884762109,False,False,False,False
2025-04-30 17:00:00+00:00,12.03,12.095,12.015,12.035,342.0,,,,,,,,,,,,,,,,,,,,,,,,,,,,,,,,12.642302132469625,12.558981461600732,12.544012991358375,,,,,,12.581765528476245,"rgba(239, 83, 80, 1.0)",0.22919508587091325,12.717652313056924,-2.9784770928352513,16.725994245462864,-27.358388453856364,False,True,False,True,False,0.0,0.0,0.0,0.0,0.0,0,0.9817971684484255,0.9607049985553309,False,False,False,False,-0.25120953142454616,-0.23448366510403187,False,False,False,False,8003.0,24376.258392275722,False,False,False,False,2495.3567547657976,False,False,False,False
2025-04-30 18:00:00+00:00,12.035,12.175,11.995,12.005,9824.0,,,,,,,,,,,,,,,,,,,,,,,,,,,,,,,,12.585964025009005,12.536564823972494,12.522618582140971,,,,,,12.548382477040823,"rgba(239, 83, 80, 1.0)",0.24184026073360795,12.684756767188277,-2.810767591493142,15.16755566319059,-28.939216543155588,False,True,False,True,False,0.0,0.0,0.0,0.0,0.0,0,0.9816618911174785,0.9550143266475642,False,False,False,False,-0.243454245452641,-0.23896895527833645,False,False,False,False,-1821.0,23970.09934743424,False,False,False,False,2608.9791306609013,False,False,False,False
2025-04-30 19:00:00+00:00,12.005,12.015,11.98,12.015,1763.0,,,,,,,,,,,,,,,,,,,,,,,,,,,,,,,,12.576048510356237,12.532314305737666,12.518545711362218,,,,,,12.542302842485375,"rgba(239, 83, 80, 1.0)",0.25291441774380985,12.67886166549479,-2.6248470586095602,14.714071084382942,-29.59741106032587,False,True,False,True,False,0.0,0.0,0.0,0.0,0.0,0,0.9808077914637637,0.9639071899169291,False,False,False,False,-0.2661578342873644,-0.2525633947828504,False,False,False,False,-58.0,23597.570675380994,False,False,False,False,2595.8631751467788,False,False,False,False
2025-05-01 14:00:00+00:00,12.085,12.165,12.065,12.065,82.0,,,,,,,,,,,,,,,,,,,,,,,,,,,,,,,,12.575670669560328,12.53215346452612,12.518392473309556,,,,,,12.542072202465334,"rgba(239, 83, 80, 0.75)",0.26216367557840725,12.678635096499978,-2.340656443521878,17.313320755607258,-29.59741106032587,False,True,False,True,True,0.0,0.0,0.0,0.0,0.0,0,0.9837745516652434,0.9581554227156276,False,False,False,False,-0.23572757375998218,-0.2441454842714163,False,False,False,False,24.0,23232.08895948361,False,False,False,False,2556.888552276286,False,False,False,False
2025-05-01 15:00:00+00:00,12.065,12.12,12.005,12.005,1519.0,,,,,,,,,,,,,,,,,,,,,,,,,,,,,,,,12.56798372530753,12.528820365607132,12.515204861126447,,,,,,12.537336317347036,"rgba(239, 83, 80, 0.75)",0.27342022899121615,12.674026260963657,-2.4468791626428987,18.14582989551007,-29.59741106032587,False,True,False,True,True,0.0,0.0,0.0,0.0,0.0,0,0.9798923817615408,0.9606343811951289,False,False,False,False,-0.24926796770845686,-0.2467067259899366,False,False,False,False,-1495.0,22848.723239181538,False,False,False,False,2540.7972568921577,False,False,False,False
2025-05-01 16:00:00+00:00,12.005,12.055,11.935,12.025,400.0,,,,,,,,,,,,,,,,,,,,,,,,,,,,,,,,12.565851090024056,12.52788149744665,12.514304953530791,,,,,,12.536012513667165,"rgba(239, 83, 80, 0.75)",0.2834777268527617,12.622987313388478,-2.1094684228897895,19.851694393228094,-29.59741106032587,False,True,False,True,True,0.0,0.0,0.0,0.0,0.0,0,0.9790960451977401,0.9641242937853107,False,False,False,False,-0.26681035879720777,-0.2567585423935722,False,False,False,False,-1095.0,22477.50272384539,False,False,False,False,2507.6066017465428,False,False,False,False
2025-05-01 17:00:00+00:00,12.025,12.105,12.02,12.055,600.0,,,,,,,,,,,,,,,,,,,,,,,,,,,,,,,,12.562993012787919,12.526626960896033,12.513106159558918,,,,,,12.53424204441429,"rgba(239, 83, 80, 0.75)",0.2918472079578286,12.622961756168788,-1.9460928207709902,22.721512302493053,-32.45628892953482,False,True,False,True,True,0.0,0.0,0.0,0.0,0.0,0,0.9841718485019787,0.9621254946297344,False,False,False,False,-0.24926796770845686,-0.2530132550510145,False,False,False,False,-495.0,22121.339890917552,False,False,False,False,2478.031305595434,False,False,False,False
2025-05-01 18:00:00+00:00,12.055,12.255,12.055,12.165,2618.0,,,,,,,,,,,,,,,,,,,,,,,,,,,,,,,,12.553256963080054,12.522367952212047,12.5090679017445,,,,,,12.528230939012202,"rgba(239, 83, 80, 0.75)",0.29656261967310477,12.621536139146187,-1.5394257700091087,29.842440782271776,-25.818882770502142,False,True,False,True,True,0.0,0.0,0.0,0.0,0.0,0,0.9814710836608648,0.9578888265019653,False,False,False,False,-0.22546799973124554,-0.23924062739113003,False,False,False,False,2123.0,21811.288109663015,False,False,False,False,2480.2013628730238,False,False,False,False
2025-05-01 19:00:00+00:00,12.165,12.19,12.145,12.16,1922.0,,,,,,,,,,,,,,,,,,,,,,,,,,,,,,,,12.546518022167238,12.519359506696274,12.506216506195354,,,,,,12.524031345019623,"rgba(239, 83, 80, 0.75)",0.3014381893224034,12.618186217583366,-1.5200005633437261,34.427434839228496,-21.77538946240761,False,True,False,True,True,0.0,0.0,0.0,0.0,0.0,0,0.984006734006734,0.9615600448933781,False,False,False,False,-0.2222715276588512,-0.2307560775249906,False,False,False,False,201.0,21476.24488315661,False,False,False,False,2471.547078177318,False,False,False,False
2025-05-02 14:00:00+00:00,12.055,12.115,11.94,12.065,3908.0,,,,,,,,,,,,,,,,,,,,,,,,,,,,,,,,12.529251466885322,12.511292393530816,12.498490678980671,,,,,,12.51301151313227,"rgba(239, 83, 80, 0.75)",0.30843585342119795,12.605776878986541,-1.7532879948559683,34.70862949156931,-21.62076178250723,False,True,False,True,True,0.0,0.0,0.0,0.0,0.0,0,0.973603778827452,0.9641567101972769,False,False,False,False,-0.2583446173029646,-0.2445503474139776,False,False,False,False,-3707.0,21085.806977991393,False,False,False,False,2493.817666112553,False,False,False,False
2025-05-02 15:00:00+00:00,12.065,12.125,12.015,12.095,1321.0,,,,,,,,,,,,,,,,,,,,,,,,,,,,,,,,12.524114803859854,12.508843395849388,12.496150270574176,,,,,,12.509702823427807,"rgba(239, 83, 80, 0.5)",0.31459121194117545,12.602528958684244,-1.6132966828683861,36.26701948817304,-20.046037996962696,False,False,False,True,True,0.0,0.0,0.0,0.0,0.0,0,0.9773230088495574,0.9632190265486723,False,False,False,False,-0.20216028264758515,-0.22335531503078138,False,False,False,False,-2386.0,20721.902993836487,False,False,False,False,2475.634446482901,False,False,False,False
2025-05-02 16:00:00+00:00,12.095,12.195,11.99,12.015,82.0,,,,,,,,,,,,,,,,,,,,,,,,,,,,,,,,12.523791560745115,12.508688194319598,12.496001818192035,,,,,,12.509493857752249,"rgba(239, 83, 80, 0.5)",0.3225684227995267,12.60232093000278,-1.8207638705162204,35.20418728819422,-20.046037996962696,False,False,False,True,True,0.0,0.0,0.0,0.0,0.0,1,0.9843523616343087,0.9574036511156185,False,False,False,False,-0.19367708612858608,-0.20851620057968373,False,False,False,False,-2468.0,20362.369614087085,False,False,False,False,2438.5238349095225,False,False,False,False
2025-05-02 17:00:00+00:00,12.02,12.085,11.985,12.065,87.0,,,,,,,,,,,,,,,,,,,,,,,,,,,,,,,,12.523432875233931,12.508515582768883,12.495836483102208,,,,,,12.509261647035009,"rgba(239, 83, 80, 0.5)",0.32933762352676466,12.60208262197367,-1.6307964338305336,36.752657401194384,-19.212016468908473,False,False,False,True,True,0.0,0.0,0.0,0.0,0.0,1,0.9852045256744995,0.9614157238178127,False,False,False,False,-0.21541412977119784,-0.21196516517544078,False,False,False,False,-2381.0,20009.75923247333,False,False,False,False,2402.0661010349563,False,False,False,False
2025-05-02 18:00:00+00:00,12.065,12.115,12.055,12.055,136.0,,,,,,,,,,,,,,,,,,,,,,,,,,,,,,,,12.522908338207133,12.508263457988553,12.495595453173584,,,,,,12.508922416456423,"rgba(239, 83, 80, 0.5)",0.3360304174348328,12.601749952103665,-1.6270847034545555,37.489304881367346,-18.18776459909864,False,False,False,True,True,0.0,0.0,0.0,0.0,0.0,1,0.984048723897912,0.9611368909512761,False,False,False,False,-0.19650170228015543,-0.20423343372779812,False,False,False,False,-2517.0,19660.507151349713,False,False,False,False,2366.933293266972,False,False,False,False
2025-05-02 19:00:00+00:00,12.055,12.15,12.05,12.145,1076.0,,,,,,,,,,,,,,,,,,,,,,,,,,,,,,,,12.51916797336606,12.506462207862786,12.49387860837096,,,,,,12.5065029298666,"rgba(239, 83, 80, 0.5)",0.3405353099126194,12.599537138993345,-1.3347724179027962,41.72238448749338,-13.966843364998972,True,False,False,True,True,0.0,0.0,0.0,0.0,0.0,1,0.9849012775842043,0.9616724738675958,False,False,False,False,-0.1908555191073401,-0.19754447641756911,False,False,False,False,-1441.0,19333.352001716386,False,False,False,False,2346.918823603918,False,False,False,False
2025-05-05 14:00:00+00:00,11.975,11.98,11.835,11.845,410.0,,,,,,,,,,,,,,,,,,,,,,,,,,,,,,,,12.516965708171275,12.505382383394736,12.492836690507977,,,,,,12.505061594024662,"rgba(239, 83, 80, 0.5)",0.3520525145102066,12.597864825850182,-2.1385014871931984,37.71582130975673,-13.966843364998972,False,False,False,True,False,0.0,0.0,0.0,0.0,0.0,1,0.9685354691075515,0.9613844393592678,False,False,False,False,-0.26297595112389044,-0.23026021377072978,False,False,False,False,-1851.0,19004.912435798306,False,False,False,False,2316.8890744007563,False,False,False,False
2025-05-05 15:00:00+00:00,11.845,11.875,11.805,11.875,1078.0,,,,,,,,,,,,,,,,,,,,,,,,,,,,,,,11.851666666666667,12.510930361069972,12.502401508966804,12.489956996460002,,,11.851666666666667,,,12.338738883290862,"rgba(239, 83, 80, 0.5)",0.3620076650425175,12.53691719636333,-1.8284618263140595,36.073555236680974,-13.966843364998972,False,False,False,True,False,0.0,1.0,11.875,11.805,0.0,0,0.9683128746788467,0.9651727091064805,True,False,False,False,-0.2720041639548906,-0.2511321888628102,False,False,False,False,-773.0,18698.2781344681,False,False,False,False,2297.681491851907,False,False,False,False
2025-05-05 16:00:00+00:00,11.875,11.94,11.875,11.91,200.0,,,,,,,,,,,,,,,,,,,,,,,,,,,,,,,11.860534689619197,12.50991786522392,12.501899357167309,12.489472751947181,,,11.860534689619197,,,12.340456165989403,"rgba(239, 83, 80, 0.5)",0.3704437927723846,12.536646260741792,-1.691609558502788,36.199359138489626,-13.966843364998972,False,False,False,True,False,0.0,0.0,0.0,0.0,0.0,0,0.9845407699302822,0.957562897847833,False,False,False,False,-0.23629426676575155,-0.24371322781428087,False,False,False,False,-573.0,18399.498628507354,False,False,False,False,2265.159298179785,False,False,False,False
2025-05-05 17:00:00+00:00,11.91,11.935,11.895,11.935,166.0,,,,,,,,,,,,,,,,,,,,,,,,,,,,,,,11.867562326869805,12.509098642594676,12.501492563263294,12.489080648404295,,,11.867562326869805,,,12.341808545283019,"rgba(239, 83, 80, 0.5)",0.3769258416321116,12.536426996945055,-1.595610941242021,37.171761961820565,-13.966843364998972,False,False,False,True,False,0.0,0.0,0.0,0.0,0.0,0,0.9768447051559123,0.9731398579808582,False,False,False,False,-0.23236432512377933,-0.2380387764690301,False,False,False,False,-407.0,18107.92500635995,False,False,False,False,2232.6141927816484,False,False,False,False
2025-05-05 18:00:00+00:00,11.935,11.945,11.905,11.925,83.0,,,,,,,,,,,,,,,,,,,,,,,,,,,,,,,11.870684348395546,12.508692205799752,12.50129054820469,12.488885950174936,,,11.870684348395546,,,12.342388263143729,"rgba(239, 83, 80, 0.5)",0.38121102665955536,12.536301251699495,-1.6035770451242048,37.57847496249191,-13.966843364998972,False,False,False,True,False,0.0,0.0,0.0,0.0,0.0,0,0.9733250620347393,0.9624689826302728,False,False,False,False,-0.22713532749265483,-0.23258705198084245,False,False,False,False,-490.0,17819.585083780727,False,False,False,False,2199.2868409555763,False,False,False,False
2025-05-05 19:00:00+00:00,11.925,11.935,11.9,11.9,0.0,,,,,,,,,,,,,,,,,,,,,,,,,,,,,,,11.870684348395546,12.508692205799752,12.50129054820469,12.488885950174936,,,11.870684348395546,,,12.342388263143729,"rgba(239, 83, 80, 0.5)",0.38413472439558444,12.536301251699495,-1.6564533516220925,37.21584969823959,-13.966843364998972,False,False,False,True,False,0.0,0.0,0.0,0.0,0.0,0,0.9716245712503898,0.9644527595884004,False,False,False,False,-0.2310559155804381,-0.23182148378064027,False,False,False,False,-490.0,17535.71554759808,False,False,False,False,2165.1893705531643,False,False,False,False
2025-05-06 14:00:00+00:00,12.295,12.365,12.285,12.305,2430.0,,,,,,,,,,,,,,,,,,,,,,,,,,,,,,,12.145586302754612,12.50489162852988,12.499432594474717,12.487179707806018,,,12.145586302754612,,,12.409272558391308,#000000,0.38053604912632083,12.549478514983866,-0.6424582258242513,47.01692703133354,-8.260053565147246,True,False,False,False,True,0.0,0.0,0.0,0.0,0.0,0,0.969226081657526,0.9594759293113955,False,False,False,False,-0.0248171466506423,-0.12831931521564127,False,False,False,False,1940.0,17293.921508100433,False,False,False,False,2169.2949617073787,False,False,False,False
2025-05-06 15:00:00+00:00,12.305,12.375,12.3,12.355,2800.0,,,,,,,,,,,,,,,,,,,,,,,,,,,,,,,12.227529722263332,12.501258509957623,12.497627143848517,12.485540419539433,,,12.227529722263332,,,12.427988948902227,"rgba(38, 166, 154, 1.0)",0.3768324597253898,12.552922059755748,-0.5252256132605442,54.23879442582478,-1.8966520796388409,True,False,True,False,True,0.0,0.0,0.0,0.0,0.0,0,0.9658223985352459,0.9636862984436986,False,False,False,False,-0.018611194498745015,-0.07346525485719314,False,False,False,False,4740.0,17099.28706611438,False,False,False,False,2179.073334394086,False,False,False,False
2025-05-06 16:00:00+00:00,12.355,12.395,12.265,12.265,2500.0,,,,,,,,,,,,,,,,,,,,,,,,,,,,,,,12.249352021893342,12.49746109916989,12.495692320691665,12.483755482853741,,,12.249352021893342,,,12.43156523115216,"rgba(38, 166, 154, 1.0)",0.37441789054042474,12.520640605764088,-0.6827681374816322,56.50639676740988,-0.1598102937427086,True,False,True,False,True,0.0,0.0,0.0,0.0,0.0,0,0.9725343320848939,0.9765917602996255,False,False,False,False,-0.02233456319674327,-0.04789990902696821,False,False,False,False,2240.0,16868.91052245369,False,False,False,False,2184.048941612782,False,False,False,False
2025-05-06 17:00:00+00:00,12.265,12.305,12.265,12.305,522.0,,,,,,,,,,,,,,,,,,,,,,,,,,,,,,,12.25161076456352,12.496618770566572,12.495257816218567,12.48335233730031,,,12.25161076456352,,,12.431709922162243,"rgba(38, 166, 154, 1.0)",0.3714217510016097,12.520248047950512,-0.5795246168810911,58.70242136353257,1.7435733695728715,True,False,True,False,True,0.0,0.0,0.0,0.0,0.0,0,0.9835077703774184,0.9578179511576278,False,False,False,False,-0.044691406210062276,-0.04629565761851524,False,False,False,False,2762.0,16650.198731407894,False,False,False,False,2158.2807409676225,False,False,False,False
2025-05-06 18:00:00+00:00,12.305,12.33,12.265,12.265,2200.0,,,,,,,,,,,,,,,,,,,,,,,,,,,,,,,12.258048946767955,12.493058422555043,12.49340224819053,12.481627849513787,,,12.258048946767955,,,12.431534366756829,"rgba(38, 166, 154, 1.0)",0.3684998196975157,12.518538818666816,-0.6880296953060472,58.989450650011676,2.0929634501658967,True,False,True,False,True,0.0,0.0,0.0,0.0,0.0,0,0.9745141764893279,0.9547626632685569,False,False,False,False,-0.038477646392045824,-0.04238665200528054,False,False,False,False,562.0,16400.769293711648,False,False,False,False,2158.927551185179,False,False,False,False
2025-05-06 19:00:00+00:00,12.265,12.29,12.255,12.285,2522.0,,,,,,,,,,,,,,,,,,,,,,,,,,,,,,,12.26128692274096,12.48893200005041,12.491214349376113,12.479588281868566,,,12.26128692274096,,,12.430255388509012,"rgba(38, 166, 154, 1.0)",0.36515032076768206,12.516281737765663,-0.6333877436542366,59.592157675759296,2.9511701695655006,True,False,True,False,True,0.0,0.0,0.0,0.0,0.0,0,0.9704749679075739,0.9611681643132222,False,False,False,False,-0.050908616834867464,-0.046647634420074,False,False,False,False,3084.0,16194.307754274258,False,False,False,False,2164.556581399362,False,False,False,False
2025-05-07 14:00:00+00:00,12.225,12.245,12.15,12.185,2400.0,,,,,,,,,,,,,,,,,,,,,,,,,,,,,,,12.251637279845374,12.483663448566091,12.488379996722593,12.476902984394012,,,12.251637279845374,,,12.425145927382019,"rgba(38, 166, 154, 1.0)",0.3624521341495091,12.511471186523908,-0.9007291053478526,57.02471012148719,2.9511701695655006,True,False,True,False,True,0.0,0.0,0.0,0.0,0.0,0,0.9662162162162165,0.9591377091377091,False,False,False,False,-0.08831158986057532,-0.06747961214032466,False,False,False,False,684.0,15953.83786661109,False,False,False,False,2168.206866959062,False,False,False,False
2025-05-07 15:00:00+00:00,12.185,12.25,12.11,12.135,410.0,,,,,,,,,,,,,,,,,,,,,,,,,,,,,,,12.249585331099686,12.482696121620455,12.487855199584127,12.476403943513935,,,12.249585331099686,,,12.424135148954552,"rgba(38, 166, 154, 0.75)",0.3600052176798842,12.510566068994942,-1.0432239605174132,53.99612070774964,2.9511701695655006,True,False,True,False,False,0.0,0.0,0.0,0.0,0.0,0,0.9624156761965952,0.9563122389977513,False,False,False,False,-0.09707067988449951,-0.08227514601241209,False,False,False,False,274.0,15710.739605113242,False,False,False,False,2140.9478457658984,False,False,False,False
2025-05-07 16:00:00+00:00,12.135,12.165,12.105,12.145,0.0,,,,,,,,,,,,,,,,,,,,,,,,,,,,,,,12.249585331099686,12.482696121620455,12.487855199584127,12.476403943513935,,,12.249585331099686,,,12.424135148954552,#000000,0.3570698697620338,12.510566068994942,-1.023794220550087,52.269347185925405,8.545887716240479,True,False,False,False,False,0.0,0.0,0.0,0.0,0.0,0,0.9647705235940532,0.9612152553329024,False,False,False,False,-0.11966570684491676,-0.10097042642866443,False,False,False,False,274.0,15471.410308909935,False,False,False,False,2107.754855909063,False,False,False,False
2025-05-07 17:00:00+00:00,12.145,12.165,12.075,12.1,1020.0,,,,,,,,,,,,,,,,,,,,,,,,,,,,,,,12.242003800483698,12.479927631014931,12.486349210103732,12.47496448635426,,,12.242003800483698,,,12.420811281989154,#000000,0.35833165723469135,12.507731630998197,-1.1378610367410313,49.839714189795245,6.027642389555709,True,False,False,False,False,0.0,0.0,0.0,0.0,0.0,0,0.967335058214748,0.953104786545925,False,False,False,False,-0.1272233568114198,-0.1140968916200421,False,False,False,False,-746.0,15219.977590942339,False,False,False,False,2090.8904395383797,False,False,False,False
2025-05-07 18:00:00+00:00,12.105,12.115,12.035,12.09,200.0,,,,,,,,,,,,,,,,,,,,,,,,,,,,,,,12.240255337902253,12.479340732044369,12.486029076164739,12.474657684460187,,,12.240255337902253,,,12.420070707642886,"rgba(239, 83, 80, 0.5)",0.3599702440154745,12.465817721328651,-1.0440244091744866,47.93113062583507,4.005688162446177,True,False,False,True,False,0.0,0.0,0.0,0.0,0.0,0,0.9767213114754101,0.9557377049180328,False,False,False,False,-0.1499868694089711,-0.1320418805145066,False,False,False,False,-946.0,14969.34227945486,False,False,False,False,2061.5743086928237,False,False,False,False
2025-05-07 19:00:00+00:00,12.09,12.095,12.035,12.065,2706.0,,,,,,,,,,,,,,,,,,,,,,,,,,,,,,,12.217924455745475,12.471273979370368,12.481588519742653,12.470397010251954,,,12.217924455745475,,,12.41029599127761,"rgba(239, 83, 80, 0.5)",0.3615286364244726,12.421892925815396,-0.9871774732565481,45.90300545595908,1.8648359836777644,True,False,False,True,False,0.0,0.0,0.0,0.0,0.0,0,0.979524438573316,0.9458388375165124,False,False,False,False,-0.15506562993876558,-0.1435537552266361,False,False,False,False,-3652.0,14680.63929837804,False,False,False,False,2071.5654046820823,False,False,False,False
2025-05-08 14:00:00+00:00,12.35,12.405,12.325,12.355,1230.0,,,,,,,,,,,,,,,,,,,,,,,,,,,,,,,12.225793905134937,12.470312518571875,12.481016351303476,12.469885402640061,,,12.225793905134937,,,12.411752044412587,"rgba(38, 166, 154, 1.0)",0.36034307976582347,12.431658856688315,-0.21273852889899658,52.33274009209559,-3.9614453924368433,True,False,True,False,True,0.0,0.0,0.0,0.0,0.0,0,0.9872423945044162,0.9352306182531892,False,False,False,False,-0.004962471189023009,-0.07425811320782956,False,False,False,False,-2422.0,14415.482099953575,False,False,False,False,2058.5178790280966,False,False,False,False
2025-05-08 15:00:00+00:00,12.35,12.435,12.335,12.425,2027.0,,,,,,,,,,,,,,,,,,,,,,,,,,,,,,,12.24007239868267,12.469286832386631,12.480371307610893,12.469334845407786,,,12.24007239868267,,,12.414766346021995,"rgba(38, 166, 154, 1.0)",0.35832515808815646,12.44142809064098,-0.045846880326881514,57.75974024028095,0.9619149879504789,True,False,True,False,True,0.0,0.0,0.0,0.0,0.0,0,0.997042392375945,0.9221163325665459,False,False,False,False,0.004962421563744428,-0.03464784582204257,False,False,False,False,-395.0,14185.862222434915,False,False,False,False,2058.029229740839,False,False,False,False
2025-05-08 16:00:00+00:00,12.425,12.425,12.365,12.415,74.0,,,,,,,,,,,,,,,,,,,,,,,,,,,,,,,12.240559128405513,12.469251673435357,12.480348898354103,12.469315842469644,,,12.240559128405513,,,12.414868885666156,"rgba(38, 166, 154, 1.0)",0.3557732727758016,12.44168229660427,-0.07499803567618035,61.022042629284755,3.847570696756378,True,False,True,False,True,0.0,0.0,0.0,0.0,0.0,0,1.0229962800135273,0.9147784917145753,False,False,False,False,0.009925112359490264,-0.012361366731276153,False,False,False,False,-469.0,13958.655056195612,False,False,False,False,2027.2690866440819,False,False,False,False
2025-05-08 17:00:00+00:00,12.415,12.415,12.385,12.405,16.0,,,,,,,,,,,,,,,,,,,,,,,,,,,,,,,12.240663981993709,12.469244076306634,12.480344054787142,12.469311735129494,,,12.240663981993709,,,12.414890962054244,"rgba(38, 166, 154, 1.0)",0.3515917857171396,12.441736567375271,-0.10448642109297344,62.80974819968839,5.502430712094132,True,False,True,False,True,0.0,0.0,0.0,0.0,0.0,0,1.0247167868177138,0.9128046687263988,False,False,False,False,-0.007920191371943275,-0.010140779051609714,False,False,False,False,-485.0,13734.722419665446,False,False,False,False,1996.0866201844835,False,False,False,False
2025-05-08 18:00:00+00:00,12.405,12.425,12.385,12.405,327.0,,,,,,,,,,,,,,,,,,,,,,,,,,,,,,,12.242821176722465,12.469096823561026,12.480249383266345,12.469232031593469,,,12.242821176722465,,,12.415349853785827,"rgba(38, 166, 154, 1.0)",0.34423885223398376,12.44282265716181,-0.1098732955805432,64.00155191329083,6.782325598597922,True,False,True,False,True,0.0,0.0,0.0,0.0,0.0,0,1.0137788494660698,0.9118153634171544,False,False,False,False,-0.019252404210280367,-0.014696591630945041,False,False,False,False,-485.0,13514.261606957454,False,False,False,False,1970.2093082436388,False,False,False,False
2025-05-08 19:00:00+00:00,12.405,12.42,12.395,12.405,608.0,,,,,,,,,,,,,,,,,,,,,,,,,,,,,,,12.246724858602088,12.468831892028973,12.4800778736183,12.46908819229121,,,12.246724858602088,,,12.416180704135142,"rgba(38, 166, 154, 1.0)",0.33626543301597983,12.444636813779415,-0.11787358999083201,64.7960877223591,7.84255523000396,True,False,True,False,True,0.0,0.0,0.0,0.0,0.0,0,1.0232988165680474,0.9667159763313606,False,False,False,False,-0.017876930164383093,-0.016286760897664065,False,False,False,False,-485.0,13297.21879134571,False,False,False,False,1949.0897840848227,False,False,False,False
2025-05-09 14:00:00+00:00,12.505,12.53,12.46,12.515,1104.0,,,,,,,,,,,,,,,,,,,,,,,,,,,,,,,12.257296760946051,12.469082967970433,12.480168859163568,12.469223627198465,,,12.257296760946051,,,12.41894305381963,"rgba(38, 166, 154, 1.0)",0.3306371544879837,12.449610608663768,0.1977678262973585,67.70317386725159,10.907118106397569,True,False,True,False,True,1.5607658784546388,0.0,0.0,0.0,0.0,0,0.9584580838323356,0.9708083832335327,False,False,False,False,0.03025920190109908,0.006986220501717507,False,False,False,False,619.0,13100.657259696938,False,False,False,False,1935.987616889709,False,False,False,False
2025-05-09 15:00:00+00:00,12.515,12.535,12.5,12.51,500.0,,,,,,,,,,,,,,,,,,,,,,,,,,,,,,,12.262047401344494,12.469241436989082,12.480235215821947,12.46930965231423,,,12.262047401344494,,,12.420208426617439,"rgba(38, 166, 154, 1.0)",0.32523543793700105,12.451683808429003,0.17930454301321516,69.3782024177645,12.78727114045406,True,False,True,False,True,1.4402790922587343,0.0,0.0,0.0,0.0,0,0.9600760456273766,0.9676806083650187,False,False,False,False,0.04265081205740789,0.024818516279562698,False,False,False,False,119.0,12899.391255670627,False,False,False,False,1913.7242429844423,False,False,False,False
2025-05-09 16:00:00+00:00,12.515,12.535,12.48,12.525,0.0,,,,,,,,,,,,,,,,,,,,,,,,,,,,,,,12.262047401344494,12.469241436989082,12.480235215821947,12.46930965231423,,,12.262047401344494,,,12.420208426617439,"rgba(38, 166, 154, 1.0)",0.3198489930863642,12.451683808429003,0.22922126739727122,70.8126824678117,14.473220106056857,True,False,True,False,True,1.7929593756590805,0.0,0.0,0.0,0.0,0,0.9864918553833931,0.9606674612634085,False,False,False,False,0.03714203951968821,0.030980277899625455,False,False,False,False,119.0,12701.245654807515,False,False,False,False,1884.054099682358,False,False,False,False
2025-05-09 17:00:00+00:00,12.525,12.565,12.525,12.53,1117.0,,,,,,,,,,,,,,,,,,,,,,,,,,,,,,,12.273041489612844,12.46978281070912,12.48048849582592,12.469605186496546,,,12.273041489612844,,,12.423229495661106,"rgba(38, 166, 154, 1.0)",0.3174973646765579,12.456283020420864,0.23218139040061792,71.8825210891304,15.850593465669462,True,False,True,False,True,1.9121491423197021,0.0,0.0,0.0,0.0,0,0.9835010060362176,0.9641851106639836,False,False,False,False,0.05781429630584423,0.04439728710273484,False,False,False,False,1236.0,12523.48990822135,False,False,False,False,1872.1617880593756,False,False,False,False
2025-05-09 18:00:00+00:00,12.535,12.575,12.535,12.565,200.0,,,,,,,,,,,,,,,,,,,,,,,,,,,,,,,12.275047761368967,12.469903951826572,12.480547520387002,12.469671554822519,,,12.275047761368967,,,12.423792697101264,"rgba(38, 166, 154, 1.0)",0.31683425626962836,12.45709834650867,0.34056182800985857,73.39653645891505,17.651306635922182,True,False,True,False,True,2.7523474904326903,0.0,0.0,0.0,0.0,0,0.9870445344129556,0.9530364372469632,False,False,False,False,0.06333451532751436,0.0538659012151246,False,False,False,False,1436.0,12351.590839876833,False,False,False,False,1846.2367990972145,False,False,False,False
2025-05-09 19:00:00+00:00,12.565,12.575,12.545,12.545,1155.0,,,,,,,,,,,,,,,,,,,,,,,,,,,,,,,12.28597341893338,12.470570980008917,12.480872111457538,12.470038560937825,,,12.28597341893338,,,12.426863767834414,"rgba(38, 166, 154, 1.0)",0.3155359804442871,12.461334575764447,0.2651533562598757,72.97638372092175,17.651306635922182,True,False,True,False,True,2.234639780604059,0.0,0.0,0.0,0.0,0,0.9840360212853051,0.959885386819484,False,False,False,False,0.06609605010409908,0.05998097565961184,False,False,False,False,281.0,12164.449896622928,False,False,False,False,1835.519949498808,False,False,False,False
2025-05-12 14:00:00+00:00,12.905,12.97,12.835,12.845,1508.0,,,,,,,,,,,,,,,,,,,,,,,,,,,,,,,12.31493585827734,12.474752480568602,12.483150017139955,12.472346512667071,,,12.31493585827734,,,12.436296217163243,"rgba(38, 166, 154, 1.0)",0.31837768664172117,12.474155502237902,1.1647942469643586,77.21366678269911,21.868566664720134,True,False,True,False,True,8.964608742675594,0.0,0.0,0.0,0.0,0,0.9776357827476039,0.950878594249201,False,False,False,False,0.26008491128221917,0.1600329434709155,False,False,False,False,1789.0,12003.590208303192,False,False,False,False,1830.4421208244078,False,False,False,False
2025-05-12 15:00:00+00:00,12.845,12.875,12.815,12.815,300.0,,,,,,,,,,,,,,,,,,,,,,,,,,,,,,,12.319904149285103,12.475477047674602,12.483545748448517,12.472748948253583,,,12.319904149285103,,,12.43791897341545,"rgba(38, 166, 154, 1.0)",0.3202891008262547,12.476242269956705,1.0576623718053344,78.55674530847213,23.30960482653515,True,False,True,False,True,8.179591698457994,0.0,0.0,0.0,0.0,0,0.9712000000000001,0.9599999999999997,False,False,False,False,0.2265477767729752,0.19329036012194534,False,False,False,False,1489.0,11840.57330584888,False,False,False,False,1806.7143360054247,False,False,False,False
2025-05-12 16:00:00+00:00,12.815,12.845,12.795,12.845,200.0,,,,,,,,,,,,,,,,,,,,,,,,,,,,,,,12.32312175004483,12.475949548174288,12.48380408015964,12.47301181446764,,,12.32312175004483,,,12.4389717982116,"rgba(38, 166, 154, 1.0)",0.32254356504406356,12.477578996185601,1.1391360536496993,79.79691352317576,24.698336006112754,True,False,True,False,True,8.811046480658206,0.0,0.0,0.0,0.0,0,0.9810483870967744,0.9604838709677417,False,False,False,False,0.21212539445528586,0.2027078772886156,False,False,False,False,1689.0,11683.184572424867,False,False,False,False,1781.8040362223949,False,False,False,False
2025-05-12 17:00:00+00:00,12.845,12.845,12.815,12.825,300.0,,,,,,,,,,,,,,,,,,,,,,,,,,,,,,,12.327872509377386,12.476655931006682,12.484190852710858,12.473405385880186,,,12.327872509377386,,,12.440531169743778,"rgba(38, 166, 154, 1.0)",0.3229067446891571,12.479537615831635,1.069851868535357,79.5344601024166,24.708660641479554,True,False,True,False,True,8.275701057197764,0.0,0.0,0.0,0.0,0,0.9817518248175184,0.9622871046228708,False,False,False,False,0.2178835978098764,0.21029573754924602,False,False,False,False,1389.0,11523.584811612078,False,False,False,False,1758.8303302344507,False,False,False,False
2025-05-12 18:00:00+00:00,12.83,12.83,12.76,12.785,100.0,,,,,,,,,,,,,,,,,,,,,,,,,,,,,,,12.329321730254458,12.476866278927423,12.484305868314543,12.473522849740167,,,12.329321730254458,,,12.441004181809149,"rgba(38, 166, 154, 0.75)",0.32354769062394934,12.480121010714768,0.9423000012680803,77.19910538932561,24.708660641479554,True,False,True,False,False,7.204107072173997,0.0,0.0,0.0,0.0,0,0.9703733766233767,0.9687499999999998,False,False,False,False,0.19778944315802777,0.2040425903536369,False,False,False,False,1289.0,11364.909078098712,False,False,False,False,1733.1120305408933,False,False,False,False
2025-05-12 19:00:00+00:00,12.785,12.785,12.735,12.75,1635.0,,,,,,,,,,,,,,,,,,,,,,,,,,,,,,,12.350093148621603,12.479888061015997,12.485961486267934,12.475221220270086,,,12.350093148621603,,,12.447790979043905,"rgba(38, 166, 154, 0.75)",0.32169521415587377,12.488139225814752,0.8140027039953607,73.83587772685522,28.590448834723432,True,False,True,False,False,6.270366637180487,0.0,0.0,0.0,0.0,0,0.961994278708623,0.98283612586841,False,False,False,False,0.17785175575998038,0.19094717305680864,False,False,False,False,-346.0,11183.344596267723,False,False,False,False,1731.5909137883211,False,False,False,False
2025-05-13 14:00:00+00:00,12.915,13.045,12.905,12.975,5063.0,,,,,,,,,,,,,,,,,,,,,,,,,,,,,,,12.431845645676686,12.495910251083915,12.494996934664563,12.484335042969002,,,12.431845645676686,,,12.476771968598541,"rgba(38, 166, 154, 0.75)",0.32417472488186827,12.521269566421193,1.3996477786605654,75.43970140199903,28.590448834723432,True,False,True,False,False,11.036368016956391,0.0,0.0,0.0,0.0,0,0.9598876855194547,0.9675090252707578,False,False,False,False,0.30321273737230836,0.2470799552145585,False,False,False,False,4717.0,11083.091191674424,False,False,False,False,1783.2406670629207,False,False,False,False
2025-05-13 15:00:00+00:00,12.975,13.08,12.97,13.08,600.0,,,,,,,,,,,,,,,,,,,,,,,,,,,,,,,12.441181098021257,12.498001581187062,12.496194908095195,12.485540464775266,,,12.441181098021257,,,12.480229513019694,"rgba(38, 166, 154, 1.0)",0.3303427376593999,12.525050136999235,1.6799214867951666,77.61587884741462,28.590448834723432,True,False,True,False,True,13.080998294183221,0.0,0.0,0.0,0.0,0,0.9632587859424923,0.9660543130990412,False,False,False,False,0.33359791120388554,0.290338933209222,False,False,False,False,5317.0,10993.694429012805,False,False,False,False,1764.8958505193093,False,False,False,False
2025-05-13 16:00:00+00:00,13.075,13.125,13.075,13.12,800.0,,,,,,,,,,,,,,,,,,,,,,,,,,,,,,,12.454457287016952,12.501086260597809,12.497968040508486,12.48732120373755,,,12.454457287016952,,,12.4852081979652,"rgba(38, 166, 154, 1.0)",0.3373277071068501,12.550101319250668,1.6894511442216422,79.44225790243496,24.63132750852955,True,False,True,False,True,13.84095177141818,0.0,0.0,0.0,0.0,0,0.9710378117457765,0.9718423169750601,False,True,False,False,0.34282819563304934,0.31658356442113567,False,False,False,False,6117.0,10918.086763446716,False,True,False,False,1749.9362249298624,False,True,False,False
2025-05-13 17:00:00+00:00,13.115,13.125,13.095,13.095,100.0,,,,,,,,,,,,,,,,,,,,,,,,,,,,,,,12.456075512217774,12.501468593375753,12.498188353197934,12.487542481365516,,,12.456075512217774,,,12.485818735039244,"rgba(38, 166, 154, 1.0)",0.34407075534643694,12.573039941291665,1.5170137263853953,79.49407214192362,24.862557071299975,True,False,True,False,True,13.150959783822124,0.0,0.0,0.0,0.0,0,0.9781464993929586,0.9688385269121811,False,True,False,False,0.3428281960959023,0.329705880258519,False,False,False,False,6017.0,10842.100922152968,False,False,False,False,1724.3558183418027,False,False,False,False
2025-05-13 18:00:00+00:00,13.095,13.105,13.075,13.085,0.0,,,,,,,,,,,,,,,,,,,,,,,,,,,,,,,12.456075512217774,12.501468593375753,12.498188353197934,12.487542481365516,,,12.456075512217774,,,12.485818735039244,"rgba(38, 166, 154, 1.0)",0.34886183020869405,12.573039941291665,1.4675152578373922,79.03543760407115,24.862557071299975,True,False,True,False,True,12.872400746750248,0.0,0.0,0.0,0.0,0,0.9812855980471931,0.9646053702196905,False,False,False,False,0.331208498302317,0.330457189280418,False,False,False,False,6017.0,10767.293155918036,False,False,False,False,1697.6216196078212,False,False,False,False
2025-05-13 19:00:00+00:00,13.085,13.095,13.065,13.07,1285.0,,,,,,,,,,,,,,,,,,,,,,,,,,,,,,,12.475297891658233,12.50611020053588,12.500873681890923,12.490242023770891,,,12.475297891658233,,,12.493130949463982,"rgba(38, 166, 154, 1.0)",0.3531764099944385,12.578566247108014,1.3914682266001983,77.93775382992403,24.862557071299975,True,False,True,False,True,12.449428021109334,0.0,0.0,0.0,0.0,0,0.9783673469387758,0.9653061224489793,False,False,False,False,0.32543102870635393,0.327944108993386,False,False,False,False,4732.0,10673.722719392174,False,False,False,False,1691.224385195297,False,False,False,False
2025-05-14 14:00:00+00:00,13.055,13.075,12.985,13.045,4563.0,,,,,,,,,,,,,,,,,,,,,,,,,,,,,,,12.530758829362927,12.520843289398448,12.509535343663373,12.498964191726024,,,12.530758829362927,,,12.515025413537693,"rgba(38, 166, 154, 0.75)",0.35748537423617205,12.597153392322234,1.2527690360330574,75.84392788006937,24.862557071299975,True,False,True,False,False,11.73936193743921,0.0,0.0,0.0,0.0,0,0.9677551020408165,0.9726530612244896,False,False,False,False,0.29684766065012597,0.31239588482175595,False,False,False,False,169.0,10510.858801262062,False,False,False,False,1735.7480381380055,False,False,False,False
2025-05-14 15:00:00+00:00,13.045,13.05,12.985,12.995,4322.0,,,,,,,,,,,,,,,,,,,,,,,,,,,,,,,12.571879322096711,12.533418071871132,12.517106198066516,12.506598499198097,,,12.571879322096711,,,12.532250522808114,"rgba(38, 166, 154, 0.75)",0.3593433325256138,12.61216519974451,1.065373322957651,71.86261208318446,26.07999963157566,True,False,True,False,False,10.325443780567323,0.0,0.0,0.0,0.0,0,0.9617730784871902,0.9751931679544528,False,False,False,False,0.28977649496189006,0.301086189891823,False,False,False,False,-4153.0,10283.51215318048,False,False,False,False,1775.8449677792767,False,False,False,False
2025-05-14 16:00:00+00:00,12.995,13.05,12.995,13.035,600.0,,,,,,,,,,,,,,,,,,,,,,,,,,,,,,,12.57723280558226,12.535172104509314,12.518174078420689,12.5076748289136,,,12.57723280558226,,,12.534563454356467,"rgba(38, 166, 154, 0.75)",0.36162132401445196,12.614336655933863,1.163270294451234,70.2766110157317,24.593116686800215,True,False,True,False,False,11.17475034714619,0.0,0.0,0.0,0.0,0,0.9685071574642129,0.9775051124744373,False,False,False,False,0.2926015425230469,0.29684386620743497,False,False,False,False,-3553.0,10068.992584914115,False,False,False,False,1757.6148132400629,False,False,False,False
2025-05-14 17:00:00+00:00,13.035,13.045,13.015,13.025,1056.0,,,,,,,,,,,,,,,,,,,,,,,,,,,,,,,12.58638886219335,12.53823945749721,12.520048841514765,12.50956443663908,,,12.58638886219335,,,12.538560399461101,"rgba(38, 166, 154, 0.75)",0.36659558688602306,12.618095381432429,1.1099550379859882,68.67441804518694,23.041918384980676,True,False,True,False,False,10.887028701294359,0.0,0.0,0.0,0.0,0,0.9744960921431512,0.9712052653229122,False,False,False,False,0.296847660650127,0.296845763428781,False,False,False,False,-4609.0,9841.426808403818,False,False,False,False,1746.737064197581,False,False,False,False
2025-05-14 18:00:00+00:00,13.025,13.025,12.93,12.935,1413.0,,,,,,,,,,,,,,,,,,,,,,,,,,,,,,,12.596355601297407,12.541748094754103,12.522217899304293,12.511757381635604,,,12.596355601297407,,,12.543019744247852,"rgba(38, 166, 154, 0.5)",0.37036261753645155,12.621478734956186,0.8465251356340169,63.28879964165693,18.052798396196053,False,False,True,False,False,8.331857532540202,0.0,0.0,0.0,0.0,0,0.9659836065573773,0.9704918032786883,False,False,False,False,0.26733325660565477,0.2820895100172179,False,False,False,False,-6022.0,9595.482206723138,False,False,False,False,1741.5628461480062,False,False,False,False
2025-05-14 19:00:00+00:00,12.935,12.945,12.9,12.915,13063.0,,,,,,,,,,,,,,,,,,,,,,,,,,,,,,,12.659928173666351,12.568564468830676,12.539433413730725,12.529216795877476,,,12.659928173666351,,,12.574285713026306,"rgba(38, 166, 154, 0.5)",0.3738712501807209,12.643851656969888,0.7252452358908158,58.87336136959382,14.142102986594736,False,True,True,False,False,7.773458148775411,0.0,0.0,0.0,0.0,0,0.9623259623259626,0.9770679770679769,False,False,False,False,0.2368930971465683,0.2594913035818931,False,False,False,False,-19085.0,9150.823567859212,False,False,False,False,1917.0890035720681,False,False,False,False
2025-05-15 14:00:00+00:00,12.725,12.74,12.625,12.645,120.0,,,,,,,,,,,,,,,,,,,,,,,,,,,,,,,12.659946314836219,12.568630487172118,12.539485302397052,12.529272083753321,,,12.659946314836219,,,12.574333547039677,"rgba(239, 83, 80, 1.0)",0.37340975729998055,12.643719464627816,0.003429303458598962,48.970999883586884,5.342263416484009,False,True,False,True,False,0.7784639565773297,0.0,0.0,0.0,0.0,0,0.9530497592295349,0.979935794542536,False,False,False,False,0.10825552971888734,0.18387341665039023,False,False,False,False,-19205.0,8711.198396264495,False,False,False,False,1889.227158555447,False,False,False,False
2025-05-15 15:00:00+00:00,12.64,12.705,12.615,12.685,6100.0,,,,,,,,,,,,,,,,,,,,,,,,,,,,,,12.668333333333335,12.660649817343437,12.571823457250309,12.542036715424352,12.53199384058901,,,12.660649817343437,,,12.594967432788089,"rgba(239, 83, 80, 1.0)",0.37309941191478,12.642258933567566,0.11455677781179849,43.90435366510444,1.2330453047074954,False,True,False,True,False,1.7146955796428074,0.0,0.0,0.0,0.0,0,0.950099800399202,0.9840319361277443,False,False,False,False,0.09643957229402592,0.14015649447220807,False,False,False,False,-13105.0,8372.962762213883,False,False,False,False,1954.5104584228045,False,False,False,False
2025-05-15 16:00:00+00:00,12.685,12.72,12.675,12.685,10.0,,,,,,,,,,,,,,,,,,,,,,,,,,,,,,12.668374249863612,12.660654310973012,12.5718298361568,12.542041626631693,12.531999017135425,,,12.660654310973012,,,12.59497980815211,"rgba(239, 83, 80, 1.0)",0.3727883731705626,12.642256400448417,0.11465915416848765,40.52658951944947,-1.487336103674302,False,True,False,True,False,1.7146955796428074,0.0,0.0,0.0,0.0,0,0.9536663980660761,0.9907332796132147,False,False,False,False,0.11614939445097652,0.1281529444615923,False,False,False,False,-13105.0,8039.971091481884,False,False,False,False,1924.363009455009,False,False,False,False
2025-05-15 17:00:00+00:00,12.685,12.705,12.665,12.695,10.0,,,,,,,,,,,,,,,,,,,,,,,,,,,,,,12.6684068627451,12.660658116015746,12.571835951922255,12.542046375221537,12.532004032930788,,,12.660658116015746,,,12.594990267767084,"rgba(239, 83, 80, 1.0)",0.3739893528377774,12.642252978037641,0.14103883322378652,38.719683655210716,-3.0122694047094,False,True,False,True,False,1.9545426610123933,0.0,0.0,0.0,0.0,0,0.9530934088152045,0.9915082895268901,False,False,False,False,0.10957021470687206,0.11886157958423219,False,False,False,False,-13095.0,7712.297121071312,False,False,False,False,1894.6829627967918,False,False,False,False
2025-05-15 18:00:00+00:00,12.695,12.715,12.665,12.7,102.0,,,,,,,,,,,,,,,,,,,,,,,,,,,,,,12.66881549341048,12.660703868945479,12.571900971848404,12.542096448133533,12.532056811402692,,,12.660703868945479,,,12.595114718748118,"rgba(239, 83, 80, 1.0)",0.37527645065257953,12.642226994223455,0.15394785810855285,37.75756353046742,-4.028436954131216,False,True,False,True,False,2.0763098016188977,0.0,0.0,0.0,0.0,0,0.9498584714921151,0.9911039223615039,False,False,False,False,0.1122007214805233,0.11553115053237775,False,False,False,False,-12993.0,7391.28476260509,False,False,False,False,1866.889428489865,False,False,False,False
2025-05-15 19:00:00+00:00,12.7,12.72,12.695,12.7,600.0,,,,,,,,,,,,,,,,,,,,,,,,,,,,,,12.67199794781589,12.661065740803776,12.57231864880744,12.542412995180971,12.53238898350118,,,12.661065740803776,,,12.596036863221851,"rgba(239, 83, 80, 1.0)",0.3766313823862555,12.64218810256245,0.1534972924222763,37.11615011397189,-4.9688593613875085,False,True,False,True,False,2.0763098016188977,0.0,0.0,0.0,0.0,0,0.9528646891507521,0.9926859000406335,False,False,False,False,0.12141992813973757,0.11847553933605766,False,False,False,False,-12993.0,7075.2493399290415,False,False,False,False,1847.2477319241304,False,False,False,False
2025-05-16 14:00:00+00:00,12.705,12.745,12.675,12.74,200.0,,,,,,,,,,,,,,,,,,,,,,,,,,,,,,12.673365138137283,12.661225790390839,12.572472966595091,12.54252794715447,12.532509021517278,,,12.661225790390839,,,12.596420172758993,"rgba(239, 83, 80, 1.0)",0.37827897375080954,12.642221690302737,0.25848201058532677,38.86871885361351,-4.9688593613875085,False,True,False,True,False,3.075054013284806,0.0,0.0,0.0,0.0,0,0.9518760195758568,0.9922512234910276,False,False,False,False,0.12273859981334131,0.1206070695746995,False,False,False,False,-12793.0,6767.214466441769,False,False,False,False,1821.709007398175,False,False,False,False
2025-05-16 15:00:00+00:00,12.74,12.815,12.735,12.81,4.0,,,,,,,,,,,,,,,,,,,,,,,,,,,,,,12.673429642281054,12.661232603294003,12.572477442882297,12.542531107730811,12.532512273798478,,,12.661232603294003,,,12.59643661399733,"rgba(239, 83, 80, 0.75)",0.3808527889445351,12.64222674512599,0.4405199587456446,43.24755498492384,-4.9688593613875085,False,True,False,True,True,4.792106433857349,0.0,0.0,0.0,0.0,0,0.9519934906427994,0.9861676159479249,False,False,False,False,0.15718739455844108,0.1388972320665703,False,False,False,False,-12789.0,6464.017342931044,False,False,False,False,1793.5274723997536,False,False,False,False
2025-05-16 16:00:00+00:00,12.805,12.835,12.785,12.8,0.0,,,,,,,,,,,,,,,,,,,,,,,,,,,,,,12.673429642281054,12.661232603294003,12.572477442882297,12.542531107730811,12.532512273798478,,,12.661232603294003,,,12.59643661399733,"rgba(239, 83, 80, 0.75)",0.3832478322194201,12.64222674512599,0.41167422646680724,45.713321044774816,-11.686900530169886,False,True,False,True,True,4.515392453942344,0.0,0.0,0.0,0.0,0,0.9532211735740668,0.9905621665982761,False,False,False,False,0.17588601238153898,0.15739162222405462,False,False,False,False,-12789.0,6165.520950017385,False,False,False,False,1765.7208449206876,False,False,False,False
2025-05-16 17:00:00+00:00,12.795,12.825,12.775,12.815,30.0,,,,,,,,,,,,,,,,,,,,,,,,,,,,,,12.67398904006047,12.661291141302135,12.572513882141534,12.54255658932289,12.532538422579062,,,12.661291141302135,,,12.596577815081218,#000000,0.38523630281814436,12.642273621064877,0.4483647508595782,48.05268028938424,-9.219087969380126,False,True,False,False,True,4.887553978903863,0.0,0.0,0.0,0.0,0,0.9486329743164875,1.0037282518641257,False,False,False,False,0.1705316730209284,0.1639616476224915,False,False,False,False,-12759.0,5872.11752443572,False,False,False,False,1738.8104442242427,False,False,False,False
2025-05-16 18:00:00+00:00,12.815,12.82,12.785,12.785,147.0,,,,,,,,,,,,,,,,,,,,,,,,,,,,,,12.67649266509325,12.661560696773494,12.572685875352335,12.542677415250717,12.532662562439983,,,12.661560696773494,,,12.597215842981955,#000000,0.3845767768564314,12.64247998792448,0.3705892312075966,48.08551781308541,-8.816453345343092,False,True,False,False,True,4.035895479717222,0.0,0.0,0.0,0.0,0,0.936719400499584,1.0108243130724393,False,False,False,False,0.17186933860293488,0.1679154931127132,False,False,False,False,-12906.0,5580.983919405709,False,False,False,False,1714.1312125308434,False,False,False,False
2025-05-16 19:00:00+00:00,12.785,12.785,12.745,12.755,200.0,,,,,,,,,,,,,,,,,,,,,,,,,,,,,,12.678793732270702,12.661831158421816,12.572882956165051,12.542818992296924,12.532808906370319,,,12.661831158421816,,,12.597827149104962,"rgba(239, 83, 80, 0.75)",0.3830456186225477,12.642640193692099,0.2933327020211161,46.67863460828525,-8.816453345343092,False,True,False,True,True,3.185372998369761,0.0,0.0,0.0,0.0,0,0.9307178631051755,1.014190317195325,False,False,False,False,0.15186544949622763,0.15989047130447043,False,False,False,False,-13106.0,5291.263238484689,False,False,False,False,1690.6563100109854,False,False,False,False
2025-05-19 14:00:00+00:00,12.715,12.775,12.705,12.725,349.0,,,,,,,,,,,,,,,,,,,,,,,,,,,,,,12.681324174406605,12.662174498599441,12.573177439810408,12.543035556301781,12.533034125292037,,,12.662174498599441,,,12.598549158882054,"rgba(239, 83, 80, 1.0)",0.3809757742173707,12.642760524142448,0.2158653684121898,44.409718573083794,-8.816453345343092,False,True,False,True,False,2.3361574571774284,0.0,0.0,0.0,0.0,0,0.9273789649415696,1.0150250417362265,False,False,False,False,0.13859717831887716,0.1492438248116738,False,False,False,False,-13455.0,5000.623498353143,False,False,False,False,1669.8554369875592,False,False,False,False
2025-05-19 15:00:00+00:00,12.725,12.835,12.725,12.835,200.0,,,,,,,,,,,,,,,,,,,,,,,,,,,,,,12.684267060697518,12.662539658062354,12.573411575997381,12.543200314503967,12.53320336654801,,,12.662539658062354,,,12.599324395161847,#000000,0.37935504774846074,12.643022979589464,0.506061594672206,48.36854828614732,-7.8601709222048015,False,True,False,False,True,5.1737905644039905,0.0,0.0,0.0,0.0,0,0.933444259567388,1.0058236272878531,False,False,False,False,0.15985166413037585,0.15454774447102482,False,False,False,False,-13255.0,4717.590575898055,False,False,False,False,1647.0669806001551,False,False,False,False
2025-05-19 16:00:00+00:00,12.835,12.875,12.765,12.805,1300.0,,,,,,,,,,,,,,,,,,,,,,,,,,,,,,12.702636366911658,12.665151828665568,12.5750335693517,12.544335702610702,12.534367016500642,,,12.665151828665568,,,12.604304896808054,#000000,0.3772177663409137,12.659285993697829,0.38628617022900474,49.55774523657429,-6.522333611994249,False,True,False,False,True,4.311847768405485,0.0,0.0,0.0,0.0,0,0.9361088211046994,0.9979389942291835,False,False,False,False,0.18125035269296205,0.16789904858199345,False,False,False,False,-14555.0,4418.790722008162,False,False,False,False,1641.6860971799977,False,False,False,False
2025-05-19 17:00:00+00:00,12.805,12.815,12.695,12.715,548.0,,,,,,,,,,,,,,,,,,,,,,,,,,,,,,12.704818877551022,12.665700487200626,12.575503835847362,12.544682570231656,12.534727235829072,,,12.665700487200626,,,12.605086601331948,"rgba(239, 83, 80, 1.0)",0.37475697831098204,12.658333123046544,0.15120966448403803,46.769103668980705,-6.522333611994249,False,True,False,True,False,1.7847830321314717,0.0,0.0,0.0,0.0,0,0.9310204081632656,1.0028571428571427,False,False,False,False,0.14655202791222485,0.15722553824710916,False,False,False,False,-15103.0,4116.127299961524,False,False,False,False,1624.7297235803076,False,False,False,False
2025-05-19 18:00:00+00:00,12.715,12.795,12.705,12.735,419.0,,,,,,,,,,,,,,,,,,,,,,,,,,,,,,12.70646638614346,12.66613288739665,12.57586879141058,12.544951437183867,12.535006238461218,,,12.66613288739665,,,12.605685148119155,"rgba(239, 83, 80, 1.0)",0.3711987156314953,12.658005128406923,0.20742224676637086,45.87398486484273,-6.522333611994249,False,True,False,True,False,2.3099707410972634,0.0,0.0,0.0,0.0,0,0.9323338735818479,1.0044570502431116,False,False,False,False,0.14389841338137,0.15056197581423958,False,False,False,False,-14684.0,3824.652458101655,False,False,False,False,1606.036239493791,False,False,False,False
2025-05-19 19:00:00+00:00,12.735,12.785,12.725,12.785,285.0,,,,,,,,,,,,,,,,,,,,,,,,,,,,,,12.708054550647372,12.66649822154801,12.57614538273784,12.545152148448748,12.535213624916153,,,12.66649822154801,,,12.606212785659626,"rgba(239, 83, 80, 1.0)",0.3681575504888735,12.658052638785687,0.34481802979659293,47.541881901344155,-6.522333611994249,False,True,False,True,False,3.6162218236399006,0.0,0.0,0.0,0.0,0,0.9342741935483874,1.0052419354838706,False,False,False,False,0.14655202791222485,0.14855700186323223,False,False,False,False,-14399.0,3542.115210689226,False,False,False,False,1585.5550574861352,False,False,False,False
2025-05-20 14:00:00+00:00,12.72,12.765,12.695,12.735,100.0,,,,,,,,,,,,,,,,,,,,,,,,,,,,,,12.708277222431786,12.666582607119272,12.576225145014128,12.545211822019162,12.535275760566108,,,12.666582607119272,,,12.60631451143009,"rgba(239, 83, 80, 1.0)",0.3649218353920899,12.657966181473778,0.21109676389589635,46.61442659125005,-6.522333611994249,False,True,False,True,False,2.2006026552909006,0.0,0.0,0.0,0.0,1,0.9307445956765416,1.005204163330664,False,False,False,False,0.13330367256204145,0.14093033721263684,False,False,False,False,-14499.0,3262.407998120401,False,False,False,False,1562.5231961297611,False,False,False,False
2025-05-20 15:00:00+00:00,12.735,12.755,12.695,12.725,200.0,,,,,,,,,,,,,,,,,,,,,,,,,,,,,,12.708586788843638,12.666733503816499,12.576377593105885,12.545326791534238,12.535395699522915,,,12.666733503816499,,,12.606484075364635,"rgba(239, 83, 80, 1.0)",0.3631062436038933,12.657772071674975,0.18514671534638394,45.60307490062051,-6.522333611994249,False,True,False,True,False,1.9179416883960059,0.0,0.0,0.0,0.0,1,0.9310756972111557,1.0059760956175294,False,False,False,False,0.13065972028489037,0.1357950287487636,False,False,False,False,-14699.0,2983.9365562890766,False,False,False,False,1541.3988054920903,False,False,False,False
2025-05-20 16:00:00+00:00,12.725,12.85,12.715,12.845,1100.0,,,,,,,,,,,,,,,,,,,,,,,,,,,,,,12.71734192988351,12.66864698341547,12.57764950080072,12.546231045037349,12.536324080957236,,,12.66864698341547,,,12.609238708018857,#000000,0.3621327963084096,12.659254827861517,0.5129200504123749,49.862608542517165,-5.295858157809306,False,True,False,False,True,5.053855381225237,0.0,0.0,0.0,0.0,1,0.9412479740680716,0.99837925445705,False,False,False,False,0.16118464091973958,0.1484898348342516,False,False,False,False,-13599.0,2726.8367647187033,False,False,False,False,1534.5554131588797,False,False,False,False
2025-05-20 17:00:00+00:00,12.845,12.865,12.805,12.805,200.0,,,,,,,,,,,,,,,,,,,,,,,,,,,,,,12.719120814055957,12.669044186450222,12.577901281379198,12.546408572089652,12.536505827887392,,,12.669044186450222,,,12.609796136372484,#000000,0.3589394036539895,12.659601807515022,0.40507726653811016,50.959270143823915,-4.130974445219991,False,True,False,False,True,3.90227168468833,0.0,0.0,0.0,0.0,1,0.9468559837728198,0.9951318458417848,False,False,False,False,0.18931635458199508,0.16890309470812334,False,False,False,False,-13799.0,2470.6222412346924,False,False,False,False,1513.8646315595172,False,False,False,False
2025-05-20 18:00:00+00:00,12.805,12.825,12.785,12.825,553.0,,,,,,,,,,,,,,,,,,,,,,,,,,,,,,12.72316425693292,12.670039017827111,12.578557372500851,12.546874823194353,12.536983998541888,,,12.670039017827111,,,12.611123893799425,"rgba(38, 166, 154, 0.5)",0.3561823098327936,12.660331287929946,0.46231580717008536,52.43938971287521,-2.5515948982912278,False,True,True,False,True,4.420280454570285,0.0,0.0,0.0,0.0,1,0.9455727051177906,0.9963444354183589,False,False,False,False,0.17320761354582553,0.17105535412697442,False,False,False,False,-13246.0,2226.9536793550847,False,False,False,False,1498.967505488827,False,False,False,False
2025-05-20 19:00:00+00:00,12.825,12.835,12.82,12.835,941.0,,,,,,,,,,,,,,,,,,,,,,,,,,,,,,12.730557434916896,12.671915375442008,12.579752510838906,12.54771912394787,12.537847911092168,,,12.671915375442008,,,12.613558471247568,"rgba(38, 166, 154, 0.5)",0.35163392102355673,12.661825694097432,0.49248464254666496,53.8167089043157,-1.0488418557065486,False,False,True,False,True,4.681673388643254,0.0,0.0,0.0,0.0,0,0.9462540716612381,0.9967426710097718,False,False,False,False,0.18528037403720757,0.178167864082091,False,False,False,False,-12305.0,2001.6520719232228,False,False,False,False,1490.3168464890005,False,False,False,False
2025-05-21 14:00:00+00:00,12.885,12.91,12.785,12.795,800.0,,,,,,,,,,,,,,,,,,,,,,,,,,,,,,12.736082789276287,12.67347630038303,12.580759669643227,12.54843296391361,12.53857837805739,,,12.67347630038303,,,12.61546602025471,"rgba(38, 166, 154, 0.5)",0.3473832424241328,12.67754546524917,0.33811226451570214,52.74129131129855,-1.0488418557065486,False,False,True,False,True,3.4951113746084026,0.0,0.0,0.0,0.0,1,0.9435647584246857,0.9943158749492487,False,False,False,False,0.19605662590256345,0.18711224499232723,False,False,False,False,-13105.0,1767.4404118934053,False,False,False,False,1479.614259721729,False,False,False,False
2025-05-21 15:00:00+00:00,12.795,12.825,12.745,12.765,800.0,,,,,,,,,,,,,,,,,,,,,,,,,,,,,,12.738306794753694,12.674501533836057,12.581551647250402,12.549012876055219,12.539176341545023,,,12.674501533836057,,,12.616509838688078,#000000,0.34237001215820895,12.67653135122837,0.2584006940734913,50.643258186563045,-1.0488418557065486,False,True,False,False,False,2.610630605323365,0.0,0.0,0.0,0.0,1,0.9331713244228433,1.0052652895909273,False,False,False,False,0.16251818583648345,0.17481521541440534,False,False,False,False,-13905.0,1524.456839615988,False,False,False,False,1469.0776045322448,False,False,False,False
2025-05-21 16:00:00+00:00,12.765,12.81,12.685,12.805,1455.0,,,,,,,,,,,,,,,,,,,,,,,,,,,,,,12.740784643407592,12.676111844949324,12.582891458986216,12.550006847516423,12.540203594678943,,,12.676111844949324,,,12.617999677907699,#000000,0.3391155959070218,12.675896612925538,0.3807061327543879,51.19758462297844,-1.0488418557065486,False,False,False,False,False,3.703644730858734,0.0,0.0,0.0,0.0,1,0.9255362201537842,1.0141643059490082,False,False,False,False,0.142572362781842,0.15869378909812365,False,False,False,False,-12450.0,1307.7985940405463,False,False,False,False,1468.8593470976364,False,False,False,False
2025-05-21 17:00:00+00:00,12.805,12.83,12.705,12.755,0.0,,,,,,,,,,,,,,,,,,,,,,,,,,,,,,12.740784643407592,12.676111844949324,12.582891458986216,12.550006847516423,12.540203594678943,,,12.676111844949324,,,12.617999677907699,#000000,0.32768884934029924,12.675896612925538,0.24139786029861385,49.24231872198096,-1.0488418557065486,False,True,False,False,False,2.216527567541803,0.0,0.0,0.0,0.0,1,0.9229521492295217,1.0223033252230331,False,False,False,False,0.15319512413028308,0.15594445661420336,False,False,False,False,-12450.0,1094.4993910321657,False,False,False,False,1446.0863339643397,False,False,False,False
2025-05-21 18:00:00+00:00,12.755,12.755,12.715,12.725,106.0,,,,,,,,,,,,,,,,,,,,,,,,,,,,,,12.740726972571949,12.676182469437848,12.582969864502951,12.550067265324387,12.540266559734588,,,12.676182469437848,,,12.618042626314345,"rgba(239, 83, 80, 1.0)",0.3162173388753263,12.67576546959602,0.15569838952882975,46.69109739062071,1.0396941394203054,False,True,False,True,False,1.3334669760740532,0.0,0.0,0.0,0.0,1,0.9121101660591335,1.029971648440664,False,False,False,False,0.13594947889562042,0.1459469677549119,False,False,False,False,-12556.0,882.8637415587988,False,False,False,False,1425.3098016548151,False,False,False,False
2025-05-21 19:00:00+00:00,12.725,12.745,12.67,12.67,400.0,,,,,,,,,,,,,,,,,,,,,,,,,,,,,,12.739661013656582,12.676272309883585,12.583192217105955,12.550248934807831,12.54045834456587,,,12.676272309883585,,,12.617966564003964,"rgba(239, 83, 80, 1.0)",0.3048984471312552,12.674885721945119,-0.01602409586236875,42.972934329884474,-2.4687914043003687,False,True,False,True,False,0.0,0.0,0.0,0.0,0.0,1,0.9173452768729645,1.030944625407166,False,False,False,False,0.12141992813973757,0.13368344794732473,False,False,False,False,-12956.0,668.3077145578872,False,False,False,False,1409.4135256601667,False,False,False,False
2025-05-22 14:00:00+00:00,12.545,12.65,12.515,12.605,900.0,,,,,,,,,,,,,,,,,,,,,,,,,,,,,12.59,12.732202410617049,12.675355408075701,12.583222483484487,12.550360730137,12.54059612058887,,,12.675355408075701,,,12.611956192150517,"rgba(239, 83, 80, 1.0)",0.2936502485414517,12.672779322284736,-0.2308164989520445,38.57385029408105,-6.476104396266095,False,True,False,True,False,0.0,0.0,0.0,0.0,0.0,0,0.9071457408155029,1.0294711344368186,False,False,False,False,0.055924340223175724,0.09480389408525022,False,False,False,False,-13856.0,443.1246492159044,False,False,False,False,1401.5156415414044,False,False,False,False
2025-05-22 15:00:00+00:00,12.605,12.65,12.56,12.565,1000.0,,,,,,,,,,,,,,,,,,,,,,,,,,,,,12.590877192982456,12.724828689857807,12.674378671521827,12.583263991296192,12.550489403855913,12.540753443224904,,,12.674378671521827,,,12.610765232123184,"rgba(239, 83, 80, 1.0)",0.2814530828358892,12.669280300117455,-0.3705068676695208,34.639605168928945,-9.964193353232972,False,True,False,True,False,0.0,0.0,0.0,0.0,0.0,0,0.9116820553994383,1.0264953833801684,False,False,False,False,0.06766209100220207,0.08123299254372615,False,False,False,False,-14856.0,205.92891822030901,False,False,False,False,1395.2905928353362,False,False,False,False
2025-05-22 16:00:00+00:00,12.565,12.655,12.565,12.645,399.0,,,,,,,,,,,,,,,,,,,,,,,,,,,,,12.596220820646655,12.722713279884879,12.674134342460395,12.583339163212068,12.550577763120225,12.54085277304305,,,12.674134342460395,,,12.61130635706121,"rgba(239, 83, 80, 1.0)",0.26724178410413185,12.668595107710459,-0.08829123705170874,36.53330733014417,-9.964193353232972,False,True,False,True,False,0.0,0.0,0.0,0.0,0.0,0,0.9383983572895279,1.0271047227926078,False,False,False,False,0.07027289651271829,0.07575294452822222,False,False,False,False,-14457.0,-21.403313069928345,False,False,False,False,1379.8442270549433,False,False,False,False
2025-05-22 17:00:00+00:00,12.645,12.655,12.605,12.635,700.0,,,,,,,,,,,,,,,,,,,,,,,,,,,,,12.604494275869731,12.719551625491945,12.673791786220486,12.583504559121904,12.550753982051784,12.541047938630687,,,12.673791786220486,,,12.612190694564424,"rgba(239, 83, 80, 0.75)",0.26393510327110165,12.667636268559981,-0.12365262579892242,37.45492990095908,-9.964193353232972,False,True,False,True,True,0.0,0.0,0.0,0.0,0.0,0,0.9361260887598509,1.0157610949813356,False,False,False,False,0.08072604855897425,0.07823949654359824,False,False,False,False,-15157.0,-256.06372682078216,False,False,False,False,1369.3040064804482,False,False,False,False
2025-05-22 18:00:00+00:00,12.635,12.655,12.625,12.645,900.0,,,,,,,,,,,,,,,,,,,,,,,,,,,,,12.613074720013676,12.716222892329121,12.67346203852602,12.583759364275798,12.551007289718848,12.541325191403716,,,12.67346203852602,,,12.613141916044531,"rgba(239, 83, 80, 0.75)",0.2613827575528546,12.666678104114942,-0.0829362438360477,38.63060830556775,-9.964193353232972,False,True,False,True,True,0.0,0.0,0.0,0.0,0.0,0,0.9376046901172532,1.0134003350083751,False,False,False,False,0.08595909112882298,0.08209929383621062,False,False,False,False,-14257.0,-473.1325062499173,False,False,False,False,1362.027975372224,False,False,False,False
2025-05-22 19:00:00+00:00,12.645,12.655,12.585,12.585,2400.0,,,,,,,,,,,,,,,,,,,,,,,,,,,,,12.611268190718102,12.705184656265097,12.671726834737624,12.584043135179343,12.551430084528734,12.541813971912712,,,12.671726834737624,,,12.610911145556935,"rgba(239, 83, 80, 0.75)",0.2572112568116317,12.662140066271217,-0.299909371103884,37.26000383237113,-9.964193353232972,False,True,False,True,True,0.0,0.0,0.0,0.0,0.0,0,0.9350104821802938,1.0075471698113208,False,False,False,False,0.07549741405673895,0.07879835394647478,False,False,False,False,-16657.0,-724.045180571624,False,False,False,False,1378.1205649013368,False,False,False,False
2025-05-23 14:00:00+00:00,12.61,12.74,12.605,12.665,400.0,,,,,,,,,,,,,,,,,,,,,,,,,,,,,12.614775090809573,12.704594755078658,12.671719200716172,12.584208250294132,12.551575653035076,12.541969621539133,,,12.671719200716172,,,12.611473761912125,"rgba(239, 83, 80, 0.75)",0.2535026165083216,12.662098056595072,0.011447390346094708,40.521914358439744,-14.947122581962915,False,True,False,True,True,0.0,0.0,0.0,0.0,0.0,0,0.9297589359933502,1.00166251039069,False,False,False,False,0.1030004693980506,0.09089941167226269,False,False,False,False,-16257.0,-964.8661855240018,False,False,False,False,1362.9559049803859,False,False,False,False
2025-05-23 15:00:00+00:00,12.665,12.73,12.645,12.695,291.0,,,,,,,,,,,,,,,,,,,,,,,,,,,,,12.617906771578443,12.704418885530108,12.671777805931344,12.584355883678768,12.551699176844936,12.5421002710438,,,12.671777805931344,,,12.612043132434565,"rgba(239, 83, 80, 0.5)",0.24876076643817382,12.662199002309707,0.13185760021544732,44.01472892338889,-11.594932939116944,False,False,False,True,True,0.6827104737492427,0.0,0.0,0.0,0.0,0,0.9321472900289617,1.0020686801820438,False,False,False,False,0.11088527705642445,0.10089234436434358,False,False,False,False,-15966.0,-1197.4419035778933,False,False,False,False,1346.3364335853412,False,False,False,False
2025-05-23 16:00:00+00:00,12.695,12.715,12.64,12.675,900.0,,,,,,,,,,,,,,,,,,,,,,,,,,,,,12.624609421208278,12.703421760017031,12.67182580286238,12.584752585638835,12.552043120909179,12.542466589839675,,,12.67182580286238,,,12.613186546745895,"rgba(239, 83, 80, 0.5)",0.244262541518707,12.662171279633805,0.052520211598688256,45.4415984351413,-10.176363854185567,False,False,False,True,True,0.08937825279519984,0.0,0.0,0.0,0.0,0,0.9316951270304042,1.0133277800916285,False,False,False,False,0.1056272730151951,0.10325980868976933,False,False,False,False,-16866.0,-1440.365284917771,False,False,False,False,1339.4164888785917,False,False,False,False
2025-05-23 17:00:00+00:00,12.675,12.725,12.66,12.7,100.0,,,,,,,,,,,,,,,,,,,,,,,,,,,,,12.625490404672506,12.703388272562194,12.671851054787952,12.58480520317287,12.552086824843137,12.542512712432424,,,12.671851054787952,,,12.613355745411846,#000000,0.23691709881665518,12.662205981923666,0.15952423132439733,47.58910863758377,-8.024198453579736,True,False,False,False,True,0.8310425409689906,0.0,0.0,0.0,0.0,0,0.929883138564274,1.0104340567612689,False,False,False,False,0.1135165527001785,0.10838818069497391,False,False,False,False,-16766.0,-1677.9720246864879,False,False,False,False,1320.2007293610943,False,False,False,False
2025-05-23 18:00:00+00:00,12.7,12.725,12.665,12.725,300.0,,,,,,,,,,,,,,,,,,,,,,,,,,,,,12.628367712102934,12.703407272060458,12.67195906464506,12.584977052414851,12.552226939480287,12.542659976093582,,,12.67195906464506,,,12.613933002799527,#000000,0.2275163987753431,12.662369689231115,0.2752782265630354,50.18245778353594,-5.462672611751692,True,False,False,False,True,1.5728556925275896,0.0,0.0,0.0,0.0,0,0.9301934398654332,1.015138772077376,False,False,False,False,0.11483277544453503,0.11161047806975447,False,False,False,False,-16466.0,-1907.243776241736,False,False,False,False,1304.3836637896045,False,False,False,False
2025-05-23 19:00:00+00:00,12.725,12.735,12.695,12.715,200.0,,,,,,,,,,,,,,,,,,,,,,,,,,,,,12.630408519827245,12.70349766722549,12.672052356077684,12.585100868463899,12.552326311623107,12.54276404207161,,,12.672052356077684,,,12.614358294214838,"rgba(38, 166, 154, 1.0)",0.21777643714728642,12.662515972929093,0.24099956707167122,51.328787910081815,-4.225537196688336,True,False,True,False,True,1.2615322695815792,0.0,0.0,0.0,0.0,0,0.923465096719933,1.0142977291841884,False,False,False,False,0.12537722255511224,0.11849385031243335,False,False,False,False,-16666.0,-2136.0617021914763,False,False,False,False,1287.2614364440292,False,False,False,False
2025-05-26 14:00:00+00:00,12.715,12.715,12.715,12.715,0.0,,,,,,,,,,,,,,,,,,,,,,,,,,,,,12.630408519827245,12.70349766722549,12.672052356077684,12.585100868463899,12.552326311623107,12.54276404207161,,,12.672052356077684,,,12.614358294214838,"rgba(38, 166, 154, 1.0)",0.20552795123468814,12.662515972929093,0.255361992155396,52.093007994445735,-3.2574507318388157,True,False,True,False,True,1.2615322695815792,0.0,0.0,0.0,0.0,0,0.9256756756756759,1.0160472972972971,False,False,False,False,0.12537722255511224,0.1219355364337728,False,False,False,False,-16666.0,-2361.33206339781,False,False,False,False,1267.3038947937341,False,False,False,False
2025-05-26 15:00:00+00:00,12.715,12.715,12.715,12.715,0.0,,,,,,,,,,,,,,,,,,,,,,,,,,,,,12.630408519827245,12.70349766722549,12.672052356077684,12.585100868463899,12.552326311623107,12.54276404207161,,,12.672052356077684,,,12.614358294214838,"rgba(38, 166, 154, 1.0)",0.19169897103397632,12.662515972929093,0.27378356173651497,52.60248805068834,-2.4544258486583033,True,False,True,False,True,1.2615322695815792,0.0,0.0,0.0,0.0,0,0.9271803556308216,1.0127011007620659,False,False,False,False,0.12537722255511224,0.12365637949444253,False,False,False,False,-16666.0,-2583.1098608645107,False,False,False,False,1247.6557723938313,False,False,False,False
2025-05-26 16:00:00+00:00,12.715,12.715,12.715,12.715,0.0,,,,,,,,,,,,,,,,,,,,,,,,,,,,,12.630408519827245,12.70349766722549,12.672052356077684,12.585100868463899,12.552326311623107,12.54276404207161,,,12.672052356077684,,,12.614358294214838,"rgba(38, 166, 154, 1.0)",0.17511882709632787,12.662515972929093,0.29970522268309324,52.94214142151675,-1.7585925696986138,True,False,True,False,True,1.2615322695815792,0.0,0.0,0.0,0.0,0,0.9285106382978725,1.0136170212765958,False,False,False,False,0.12537722255511224,0.12451680102477738,False,False,False,False,-16666.0,-2801.4492428666113,False,False,False,False,1228.3122720466401,False,False,False,False
2025-05-26 17:00:00+00:00,12.715,12.715,12.715,12.715,0.0,,,,,,,,,,,,,,,,,,,,,,,,,,,,,12.630408519827245,12.70349766722549,12.672052356077684,12.585100868463899,12.552326311623107,12.54276404207161,,,12.672052356077684,,,12.614358294214838,"rgba(38, 166, 154, 1.0)",0.16924381367854646,12.662515972929093,0.3101089837800079,53.16857700206902,-1.1388160463489356,True,False,True,False,True,1.2615322695815792,0.0,0.0,0.0,0.0,0,0.9270699270699272,1.0175890175890177,False,False,False,False,0.12537722255511224,0.12494701178994481,False,False,False,False,-16666.0,-3016.4035181710046,False,False,False,False,1209.268670929638,False,False,False,False
2025-05-26 18:00:00+00:00,12.715,12.715,12.715,12.715,0.0,,,,,,,,,,,,,,,,,,,,,,,,,,,,,12.630408519827245,12.70349766722549,12.672052356077684,12.585100868463899,12.552326311623107,12.54276404207161,,,12.672052356077684,,,12.614358294214838,"rgba(38, 166, 154, 1.0)",0.16508810096754778,12.662515972929093,0.3179152632037611,53.31953405577054,-0.578920772690509,True,False,True,False,True,1.2615322695815792,0.0,0.0,0.0,0.0,0,0.9211546747091773,1.019388194743645,False,False,False,False,0.12537722255511224,0.12516211717252854,False,False,False,False,-16666.0,-3228.025169052074,False,False,False,False,1190.5203194423566,False,False,False,False
2025-05-26 19:00:00+00:00,12.715,12.715,12.715,12.715,0.0,,,,,,,,,,,,,,,,,,,,,,,,,,,,,12.630408519827245,12.70349766722549,12.672052356077684,12.585100868463899,12.552326311623107,12.54276404207161,,,12.672052356077684,,,12.614358294214838,"rgba(38, 166, 154, 1.0)",0.16045046385517744,12.662515972929093,0.3271042402113534,53.42017209157155,-0.07068788655872993,True,False,True,False,True,1.2615322695815792,0.0,0.0,0.0,0.0,0,0.9218410768562745,1.0217108119843683,False,False,False,False,0.12537722255511224,0.12526966986382038,False,False,False,False,-16666.0,-3436.36586410553,False,False,False,False,1172.0626400711571,False,False,False,False
2025-05-27 14:00:00+00:00,12.6,12.615,12.5,12.505,908.0,,,,,,,,,,,,,,,,,,,,,,,,,,,,,12.62167358303185,12.697907582432752,12.670765561279245,12.584906724378234,12.552292241863025,12.542756485337165,,,12.670765561279245,,,12.61171702972038,"rgba(239, 83, 80, 1.0)",0.15791327874372654,12.659845953871477,-0.980575890155327,42.72945076886777,-3.1111122240684637,False,True,False,True,False,0.0,0.0,0.0,0.0,0.0,0,0.9128755364806868,1.0206008583690986,False,False,False,False,0.04290028541567564,0.08408497763974801,False,False,False,False,-17574.0,-3655.5539902434284,False,False,False,False,1167.9686456514492,False,False,False,False
2025-05-27 15:00:00+00:00,12.51,12.535,12.475,12.505,2400.0,,,,,,,,,,,,,,,,,,,,,,,,,,,,12.505,12.597939340001131,12.681919109944628,12.666603211969031,12.584007776538192,12.551949245164604,12.542485603793676,,,12.666603211969031,,,12.589986326773039,"rgba(239, 83, 80, 1.0)",0.15532305769666827,12.64895498928004,-0.926810168527399,35.60230322039858,-9.26403319945586,False,True,False,True,False,0.0,0.0,0.0,0.0,0.0,0,0.90484354907844,1.0304329189884267,False,False,False,False,0.015591787320814038,0.049838382480281024,False,False,False,False,-17574.0,-3871.343850859809,False,False,False,False,1187.0699069591785,False,False,False,False
2025-05-27 16:00:00+00:00,12.505,12.575,12.505,12.555,224.0,,,,,,,,,,,,,,,,,,,,,,,,,,,,12.508414634146343,12.596952947374257,12.680868087682622,12.666318890651748,12.583966861461516,12.55194454426945,12.542487286342334,,,12.666318890651748,,,12.590136178846896,"rgba(239, 83, 80, 1.0)",0.15166680526671006,12.648652626008673,-0.6174892775250482,34.87586763348297,-9.499666764113385,False,True,False,True,False,0.0,0.0,0.0,0.0,0.0,0,0.9167750325097531,1.0255743389683571,False,False,False,False,0.03379235580200422,0.04181536914114262,False,False,False,False,-17350.0,-4080.3152640247736,False,False,False,False,1172.1385905722143,False,False,False,False
2025-05-27 17:00:00+00:00,12.56,12.565,12.535,12.565,429.0,,,,,,,,,,,,,,,,,,,,,,,,,,,,12.514960694398953,12.59550745589377,12.679044466959358,12.665822638803737,12.583908788851653,12.55194849762539,12.542503301767631,,,12.665822638803737,,,12.590527977757214,"rgba(239, 83, 80, 1.0)",0.15069158886595266,12.64816988577329,-0.5519212213448393,35.132570018063696,-9.499666764113385,False,True,False,True,False,0.0,0.0,0.0,0.0,0.0,0,0.9249563699825482,1.0213787085514836,False,False,False,False,0.03899610395772304,0.04040573654943283,False,False,False,False,-16921.0,-4279.395647528266,False,False,False,False,1160.617062036211,False,False,False,False
2025-05-27 18:00:00+00:00,12.565,12.605,12.565,12.605,200.0,,,,,,,,,,,,,,,,,,,,,,,,,,,,12.51967670867917,12.595446736753352,12.678458235491442,12.665668840887802,12.583916032874695,12.551972441253415,12.542532620298523,,,12.665668840887802,,,12.591095945176916,"rgba(239, 83, 80, 0.75)",0.1489636269770327,12.648163679377515,-0.28975985784884983,38.1058108083774,-9.499666764113385,False,True,False,True,True,0.0,0.0,0.0,0.0,0.0,0,0.9287587412587415,1.0126748251748252,False,False,False,False,0.057227715921292485,0.04881672623536266,False,False,False,False,-16721.0,-4472.288738264261,False,False,False,False,1145.7237742527038,False,False,False,False
2025-05-27 19:00:00+00:00,12.605,12.625,12.6,12.61,399.0,,,,,,,,,,,,,,,,,,,,,,,,,,,,12.529727090178898,12.595942656449553,12.677576053493988,12.665446322840934,12.583967632246896,12.552044147000112,12.542614772480208,,,12.665446322840934,,,12.59247409638437,"rgba(239, 83, 80, 0.75)",0.14746894618895365,12.64832812345482,-0.25990640365539147,40.42436542473219,-9.499666764113385,False,True,False,True,True,0.0,0.0,0.0,0.0,0.0,0,0.932485751863218,1.0100832967996494,False,False,False,False,0.0715786558019743,0.06019769101866848,False,False,False,False,-16322.0,-4656.005191934582,False,False,False,False,1134.146661473592,False,False,False,False
2025-05-28 14:00:00+00:00,12.755,12.775,12.715,12.735,300.0,,,,,,,,,,,,,,,,,,,,,,,,,,,,12.545815620782728,12.599217353308365,12.678206267003176,12.665681735507693,12.58418779414821,12.552215254028262,12.542792458781268,,,12.665681735507693,,,12.595445211937099,#000000,0.14501009595169026,12.649542099744263,0.5893237963528181,48.133617417110194,-8.421821426801017,True,False,False,False,True,2.269368681372356,0.0,0.0,0.0,0.0,0,0.9296875000000001,1.0069444444444442,False,False,False,False,0.14124681002710823,0.10072225052288836,False,False,False,False,-16022.0,-4832.222165703039,False,False,False,False,1121.2141550941567,False,False,False,False
2025-05-28 15:00:00+00:00,12.735,12.885,12.73,12.85,600.0,,,,,,,,,,,,,,,,,,,,,,,,,,,,12.58217560046866,12.608785065710872,12.68097319103796,12.66663936411138,12.584849031182223,12.552700660235447,12.543289452970678,,,12.66663936411138,,,12.602773195102461,"rgba(38, 166, 154, 1.0)",0.14345960287707563,12.663699210961617,1.298628919236696,56.41192065763579,-1.085398637561127,True,False,True,False,True,5.798004761292116,0.0,0.0,0.0,0.0,0,0.9292149292149294,0.9974259974259974,False,False,False,False,0.17454650306302014,0.13763437679295426,False,False,False,False,-15422.0,-4996.404767785162,False,False,False,False,1113.1333154802937,False,False,False,False
2025-05-28 16:00:00+00:00,12.85,12.855,12.765,12.805,1150.0,,,,,,,,,,,,,,,,,,,,,,,,,,,,12.627787910674618,12.623982450331127,12.685513448443325,12.668287268326557,12.586035385008335,12.553580271663076,12.544191701966207,,,12.668287268326557,,,12.612768348059037,"rgba(38, 166, 154, 1.0)",0.1411336661172748,12.668062171825081,0.9702704672967982,59.44700452235763,1.3432661236735584,True,False,True,False,True,4.262518349522523,0.0,0.0,0.0,0.0,0,0.9395389299695522,0.9982601130926488,False,False,False,False,0.17588601238153898,0.1567601945872466,False,False,False,False,-16572.0,-5175.871360532678,False,False,False,False,1113.7048919844751,False,False,False,False
2025-05-28 17:00:00+00:00,12.805,12.815,12.75,12.765,300.0,,,,,,,,,,,,,,,,,,,,,,,,,,,,12.63522936798845,12.626956818181819,12.686353338042728,12.668615088087218,12.586299008309666,12.55378034137188,12.544397965631825,,,12.668615088087218,,,12.614518846801941,"rgba(38, 166, 154, 1.0)",0.1408683814803434,12.668641398679352,0.6840328561174995,59.44688212743348,1.3432661236735584,True,False,True,False,True,2.9194058971664774,0.0,0.0,0.0,0.0,0,0.9346974314323031,1.0034828036569439,False,False,False,False,0.16118464091973958,0.15897241775349308,False,False,False,False,-16872.0,-5357.206688276357,False,False,False,False,1101.0893122637856,False,False,False,False
2025-05-28 18:00:00+00:00,12.77,12.795,12.685,12.695,555.0,,,,,,,,,,,,,,,,,,,,,,,,,,,,12.642827766763256,12.630367282983391,12.687001067020995,12.668928849540958,12.586652949623966,12.554063946223847,12.54469392264431,,,12.668928849540958,,,12.616362254971532,"rgba(38, 166, 154, 0.75)",0.14103021847289726,12.668550310418208,0.1875462568816418,56.38978101108753,1.3432661236735584,True,False,True,False,False,0.6308810015971602,0.0,0.0,0.0,0.0,0,0.9327256944444448,1.001736111111111,False,False,False,False,0.13859717831887716,0.1487847980361851,False,False,False,False,-17427.0,-5544.335266752692,False,False,False,False,1092.6228112984556,False,False,False,False
2025-05-28 19:00:00+00:00,12.695,12.695,12.675,12.685,3892.0,,,,,,,,,,,,,,,,,,,,,,,,,,,,12.658535904552268,12.641080767874238,12.686790610531624,12.669532434614505,12.58838192935621,12.555567377665009,12.546287965476631,,,12.669532434614505,,,12.620882427152926,"rgba(38, 166, 154, 0.75)",0.1410639430755662,12.666503384191751,0.13112220887190973,53.94625557161117,1.3432661236735584,True,False,True,False,False,0.3084553155063787,0.0,0.0,0.0,0.0,0,0.9308695652173916,1.0082608695652173,False,False,False,False,0.10957021470687295,0.12917750637152903,False,False,False,False,-21319.0,-5788.903712229395,False,False,False,False,1136.0240080225105,False,False,False,False
2025-05-29 14:00:00+00:00,12.55,12.585,12.48,12.57,4023.0,,,,,,,,,,,,,,,,,,,,,,,,,,,,12.626974617652477,12.624887515710096,12.672887672946775,12.664878605754343,12.58760765758971,12.555443428197115,12.546273015708135,,,12.664878605754343,,,12.611278930508378,"rgba(239, 83, 80, 0.5)",0.14268963989485633,12.65475832239082,-0.5940047396102228,48.41879617172304,6.719064556751434,True,False,False,True,False,0.0,0.0,0.0,0.0,0.0,0,0.9239690721649487,1.009020618556701,False,False,False,False,0.02989076028816145,0.07953413332984524,False,False,False,False,-25342.0,-6092.052491884752,False,False,False,False,1180.7833257275877,False,False,False,False
2025-05-29 15:00:00+00:00,12.575,12.585,12.51,12.54,1700.0,,,,,,,,,,,,,,,,,,,,,,,,,,,,12.61835744908896,12.619576261243646,12.667799581860873,12.663014957812079,12.587288718337103,12.555391920498927,12.54626680218474,,,12.663014957812079,,,12.608242241575189,"rgba(239, 83, 80, 1.0)",0.1449593916419891,12.651064555095228,-0.7661770226625184,43.919438216165304,2.4547554194750347,False,True,False,True,False,0.0,0.0,0.0,0.0,0.0,0,0.9263698630136988,1.006849315068493,False,False,False,False,0.03769498000552046,0.05861455666768285,False,False,False,False,-27042.0,-6416.857879607469,False,False,False,False,1188.8331966465396,False,False,False,False
2025-05-29 16:00:00+00:00,12.545,12.575,12.52,12.525,2894.0,,,,,,,,,,,,,,,,,,,,,,,,,,,,12.606463687541522,12.611485560708264,12.659692881514438,12.659843305477848,12.586693702898547,12.555263764096392,12.546215159824621,,,12.659843305477848,,,12.603665437437376,"rgba(239, 83, 80, 1.0)",0.1474645475793523,12.645482530837926,-0.8170270944146262,40.506917051875405,-0.807495072818206,False,True,False,True,False,0.0,0.0,0.0,0.0,0.0,0,0.937744884632129,1.0047888550282977,False,False,False,False,0.03769498000552046,0.04815476833660166,False,False,False,False,-29936.0,-6781.495741939136,False,False,False,False,1215.2698912721746,False,False,False,False
2025-05-29 17:00:00+00:00,12.525,12.55,12.51,12.51,6526.0,,,,,,,,,,,,,,,,,,,,,,,,,,,,12.585265317286652,12.595044250738306,12.642628653793295,12.65234268177685,12.584945523959307,12.554675296923959,12.545797711200496,,,12.65234268177685,,,12.59438563366841,"rgba(239, 83, 80, 1.0)",0.1479268750442273,12.634197130206745,-0.8395846269963652,37.801013136600034,-3.494058881500436,False,True,False,True,False,0.0,0.0,0.0,0.0,0.0,0,0.9503799731783641,1.0102816271792578,False,False,False,False,0.028590436449609995,0.038372602393105824,False,False,False,False,-36462.0,-7241.658598653257,False,False,False,False,1297.6067921826834,False,False,False,False
2025-05-29 18:00:00+00:00,12.515,12.545,12.51,12.515,11909.0,,,,,,,,,,,,,,,,,,,,,,,,,,,,12.56559789516724,12.576834793918847,12.620450503189817,12.640586019900878,12.581992077069115,12.553655517669725,12.545073922367527,,,12.640586019900878,,,12.58345581846902,"rgba(239, 83, 80, 1.0)",0.14527070102593448,12.619821008608852,-0.7215564313284238,36.31682784392262,-5.165645095966482,False,True,False,True,False,0.0,0.0,0.0,0.0,0.0,0,0.9517583408476106,0.9900811541929665,False,False,False,False,0.02729020926141927,0.032831405827262544,False,False,False,False,-24553.0,-7510.051488596618,False,False,False,False,1462.12451633489,False,False,False,False
2025-05-29 19:00:00+00:00,12.515,12.53,12.5,12.505,7880.0,,,,,,,,,,,,,,,,,,,,,,,,,,,,12.556233225358632,12.567460310216202,12.608534455596022,12.633254342852606,12.579830033357387,12.552770577243335,12.544376577254328,,,12.633254342852606,,,12.577494217411216,"rgba(239, 83, 80, 1.0)",0.14098153351692,12.611819235722354,-0.757682464203962,34.98349130518194,-6.8262856531822464,False,True,False,True,False,0.0,0.0,0.0,0.0,0.0,0,0.9506340579710146,0.9868659420289856,False,False,False,False,0.020790368908403557,0.02681088736783305,False,False,False,False,-32433.0,-7896.453791098996,False,False,False,False,1561.6264618180699,False,False,False,False
2025-05-30 14:00:00+00:00,12.36,12.42,12.335,12.385,1800.0,,,,,,,,,,,,,,,,,,,,,,,,,,,,12.549509760284861,12.561496462173833,12.602955757773016,12.630006590149685,12.578436491486348,12.55194280598646,12.543596518517338,,,12.630006590149685,,,12.573992055195934,"rgba(239, 83, 80, 1.0)",0.14028564810076785,12.607925049191204,-1.5890795117621435,30.921148014632095,-11.019478108166602,False,True,False,True,False,0.0,0.0,0.0,0.0,0.0,0,0.9442429737080692,0.9963735267452402,False,False,False,False,-0.05071274270153932,-0.011950927666853134,False,False,False,False,-34233.0,-8304.77233697343,False,False,False,False,1565.3221755883324,False,False,False,False
2025-05-30 15:00:00+00:00,12.385,12.42,12.285,12.305,300.0,,,,,,,,,,,,,,,,,,,,,,,,,,,,12.548164950190603,12.560310630168134,12.601876761482842,12.62938095847463,12.578155815258398,12.551771039454737,12.54343298156138,,,12.62938095847463,,,12.57329901951296,"rgba(239, 83, 80, 1.0)",0.14214175769023124,12.607168818216916,-2.1258272243645058,26.83781477210526,-15.100596446766886,False,True,False,True,False,0.0,0.0,0.0,0.0,0.0,0,0.9415992812219228,0.9820305480682838,False,False,False,False,-0.06374764993729246,-0.03784928880207279,False,False,False,False,-34533.0,-8711.411525547486,False,False,False,False,1545.7047775171955,False,False,False,False
2025-05-30 16:00:00+00:00,12.305,12.335,12.235,12.315,2400.0,,,,,,,,,,,,,,,,,,,,,,,,,,,12.295,12.535984042020008,12.549569127909265,12.59224144622657,12.623771363264622,12.57555023675785,12.550142436062774,12.541872154247002,,12.295,12.623771363264622,,,12.53301635081101,"rgba(239, 83, 80, 1.0)",0.14336628575742888,12.585236826609357,-1.884939860035082,24.788355149827208,-17.266156119549258,False,True,False,True,False,0.0,1.0,12.335,12.235,0.0,0,0.9336642599277979,0.9986462093862813,True,False,False,False,-0.0990629591537849,-0.06845612397792884,False,False,False,False,-32133.0,-9074.536928252177,False,False,False,False,1558.9496646874713,False,False,False,False
2025-05-30 17:00:00+00:00,12.31,12.4,12.305,12.345,125.0,,,,,,,,,,,,,,,,,,,,,,,,,,,12.297722772277227,12.535519137703476,12.549149187484568,12.59184595257065,12.623532363499224,12.575442189775423,12.55007634179354,12.541809389722955,,12.297722772277227,12.623532363499224,,,12.533137166853383,"rgba(239, 83, 80, 1.0)",0.14369142363138393,12.585099948158591,-1.6709413971325557,25.465154035307584,-17.266156119549258,False,True,False,True,False,0.0,0.0,0.0,0.0,0.0,0,0.9452983725135624,0.9886980108499094,False,False,False,False,-0.06374764993729246,-0.06610188695761066,False,False,False,False,-32008.0,-9430.094495256018,False,False,False,False,1536.7178869403788,False,False,False,False
2025-05-30 18:00:00+00:00,12.345,12.41,12.335,12.355,100.0,,,,,,,,,,,,,,,,,,,,,,,,,,,12.300349206349207,12.53518214718131,12.548842514788921,12.591552226410826,12.623353095673455,12.575362211410763,12.550027899786148,12.541763568071671,,12.300349206349207,12.623353095673455,,,12.533304108709038,"rgba(239, 83, 80, 1.0)",0.14465124258702516,12.58502855231663,-1.5902286644944572,26.60339557907137,-17.266156119549258,False,True,False,True,False,0.0,0.0,0.0,0.0,0.0,0,0.9541534271448027,0.981842941443486,False,False,False,False,-0.053318205821997075,-0.059710046389803866,False,False,False,False,-31908.0,-9778.589154244297,False,False,False,False,1514.4431910188225,False,False,False,False
2025-05-30 19:00:00+00:00,12.355,12.405,12.345,12.4,100.0,,,,,,,,,,,,,,,,,,,,,,,,,,,12.303394495412844,12.534879695653906,12.548564833456368,12.591280977380595,12.623185701532925,12.57528867657195,12.549983884184405,12.541722129660378,,12.303394495412844,12.623185701532925,,,12.533537549231673,"rgba(239, 83, 80, 0.75)",0.1425598341269185,12.584993668748897,-1.2976563130972787,30.320597760899105,-17.266156119549258,False,True,False,True,True,0.0,0.0,0.0,0.0,0.0,0,0.9472247497725206,0.9868061874431302,False,False,False,False,-0.05201538606543931,-0.05586271622762159,False,False,False,False,-31808.0,-10120.130407666866,False,False,False,False,1492.513839220081,False,False,False,False
2025-06-02 14:00:00+00:00,12.715,12.775,12.695,12.755,2759.0,,,,,,,,,,,,,,,,,,,,,,,,,,,12.523889192803306,12.545651436483212,12.557107847067439,12.59649857900958,12.625422445744523,12.577028118080523,12.551370217261372,12.54315465895929,,12.523889192803306,12.625422445744523,,,12.565015311926157,"rgba(239, 83, 80, 0.5)",0.13698572951252339,12.599667315457602,1.133933330830629,43.70214540744463,-14.293787767568489,False,False,False,True,True,3.8221425253318593,0.0,0.0,0.0,0.0,0,0.9498432601880878,0.9928347514554413,False,False,False,False,0.13594947889562042,0.040043381333999414,False,False,False,False,-29049.0,-10413.601254059628,False,False,False,False,1512.1492835732581,False,False,False,False
2025-06-02 15:00:00+00:00,12.755,12.78,12.705,12.775,3088.0,,,,,,,,,,,,,,,,,,,,,,,,,,,12.606544758127235,12.557092781236806,12.566365830926953,12.60236113464875,12.62806923848389,12.579067282926381,12.552991955391903,12.544826671372451,,12.606544758127235,12.62806923848389,,,12.579664956639295,"rgba(38, 166, 154, 1.0)",0.13409197462057798,12.607881676945686,1.2462962345597977,52.94051094638304,-6.264777166082638,True,False,True,False,True,4.3806168171244515,0.0,0.0,0.0,0.0,0,0.9428316212594909,0.9866011612326933,False,False,False,False,0.139921750181233,0.0899825657576162,False,False,False,False,-25961.0,-10654.646195857153,False,False,False,False,1536.5810776263859,False,False,False,False
2025-06-02 16:00:00+00:00,12.775,12.825,12.75,12.805,1300.0,,,,,,,,,,,,,,,,,,,,,,,,,,,12.631142119124798,12.562447561592245,12.570786105576445,12.605319826798551,12.629496455926606,12.58010552132604,12.553801680557568,12.545656145639152,,12.631142119124798,12.629496455926606,,,12.584844427067676,"rgba(38, 166, 154, 1.0)",0.13198918192083842,12.611168577138145,1.4685402245928545,59.590926383664566,-0.6851789080002746,True,False,True,False,True,5.21865306991689,0.0,0.0,0.0,0.0,0,0.963348416289593,0.9796380090497739,False,False,False,False,0.16385230398994238,0.1269174348737793,False,False,False,False,-24661.0,-10871.798968014407,False,False,False,False,1532.9131539422558,False,False,False,False
2025-06-02 17:00:00+00:00,12.805,12.815,12.765,12.785,800.0,,,,,,,,,,,,,,,,,,,,,,,,,,,12.642925568465767,12.56555503012169,12.573362496484137,12.607048203675284,12.630336124088378,12.580724585976526,12.554286921806353,12.546153595508105,,12.642925568465767,12.630336124088378,,,12.587549065765781,"rgba(38, 166, 154, 1.0)",0.13260409815248897,12.612959088409784,1.2974026744812677,63.11947677201657,2.2162376584956576,True,False,True,False,True,4.576253795663767,0.0,0.0,0.0,0.0,0,0.9576888080072795,0.9813466787989082,False,False,False,False,0.16518700050201113,0.14605221768789522,False,False,False,False,-25461.0,-11097.988131301005,False,False,False,False,1521.550159307492,False,False,False,False
2025-06-02 18:00:00+00:00,12.785,12.8,12.665,12.775,8957.0,,,,,,,,,,,,,,,,,,,,,,,,,,,12.69026414998217,12.58972753687975,12.593651687840921,12.6203993580094,12.63683667103375,12.586070298226177,12.558642467580501,12.550652233084765,,12.69026414998217,12.63683667103375,,,12.60328055032968,"rgba(38, 166, 154, 1.0)",0.1331209908248369,12.624599102721175,1.1298060234296574,64.99176997129621,3.9360654564002857,True,False,True,False,True,4.2524467578424705,0.0,0.0,0.0,0.0,0,0.9505494505494506,0.989010989010989,False,False,False,False,0.1346263415359543,0.14033927961192477,False,False,False,False,-34418.0,-11459.53870290874,False,False,False,False,1636.828451411252,False,False,False,False
2025-06-02 19:00:00+00:00,12.775,12.815,12.775,12.815,1375.0,,,,,,,,,,,,,,,,,,,,,,,,,,,12.697556973274933,12.593982721277165,12.597324127216465,12.623021804395249,12.638238590088557,12.587131231829852,12.559484184559372,12.551513789941565,,12.697556973274933,12.638238590088557,,,12.606031677822894,"rgba(38, 166, 154, 1.0)",0.13410709046019845,12.62679410529103,1.4034000295072204,67.12102441199403,6.19704477674415,True,False,True,False,True,5.408277641338646,0.0,0.0,0.0,0.0,0,0.9608655616942913,0.9774401473296503,False,False,False,False,0.1678581491531053,0.15409871438251505,False,False,False,False,-33043.0,-11794.166009840386,False,False,False,False,1632.7690955754185,False,False,False,False
2025-06-03 14:00:00+00:00,12.845,12.955,12.845,12.945,8461.0,,,,,,,,,,,,,,,,,,,,,,,,,,,12.759996662707168,12.629281855673677,12.628453743166867,12.646889977424165,12.652002966428805,12.5967675304525,12.566903021364368,12.559032012685773,,12.759996662707168,12.652002966428805,,,12.629915971237915,"rgba(38, 166, 154, 1.0)",0.13764928014454902,12.646721283905691,2.1669471557067275,70.79320790489385,10.023273028737457,True,False,True,False,True,8.984980884602813,0.0,0.0,0.0,0.0,0,0.9584095063985376,0.9702925045703841,False,False,False,False,0.22456644114922025,0.18933257776586765,False,False,False,False,-24582.0,-11992.427001935883,False,False,False,False,1738.6331406052568,False,False,False,False
2025-06-03 15:00:00+00:00,12.945,12.985,12.945,12.97,2485.0,,,,,,,,,,,,,,,,,,,,,,,,,,,12.776070996348462,12.639836944433952,12.637915282921869,12.654387477827678,12.656533032850358,12.59993319901962,12.569338202489568,12.561493359283876,,12.776070996348462,12.656533032850358,,,12.636938561896923,"rgba(38, 166, 154, 1.0)",0.1416725382990522,12.652850822658054,2.2386072922084996,73.59551719782588,13.074737433242376,True,False,True,False,True,9.64412523779868,0.0,0.0,0.0,0.0,0,0.9678308823529412,0.970588235294118,False,False,False,False,0.2603743305098624,0.22485345413786503,False,False,False,False,-22097.0,-12149.087048417497,False,False,False,False,1750.2047198206792,False,False,False,False
2025-06-03 16:00:00+00:00,12.97,12.985,12.955,12.985,4689.0,,,,,,,,,,,,,,,,,,,,,,,,,,,12.801529608704753,12.658519535584086,12.654816737597752,12.667970716589714,12.664955433352134,12.605893762949602,12.573948006814806,12.566151556430045,,12.801529608704753,12.664955433352134,,,12.649223169752862,"rgba(38, 166, 154, 1.0)",0.14589926180273485,12.663836481475974,2.2012689752896724,75.68395495999192,15.534621881181792,True,False,True,False,True,10.041226051071668,0.0,0.0,0.0,0.0,0,0.990566037735849,0.9693396226415096,False,False,False,False,0.2631549068285104,0.24400418048318773,False,False,False,False,-17408.0,-12230.62058255056,False,False,False,False,1795.7674373428392,False,False,False,False
2025-06-03 17:00:00+00:00,12.985,13.005,12.925,12.965,10633.0,,,,,,,,,,,,,,,,,,,,,,,,,,,12.838299380887912,12.692912185717955,12.686484015195886,12.694005770340448,12.681931557168424,12.618384894788893,12.583771794908142,12.576086468138135,,12.838299380887912,12.681931557168424,,,12.671484508393224,"rgba(38, 166, 154, 1.0)",0.14928604865931966,12.68458596381741,1.8783673270267376,75.86556683149584,16.341771767582685,True,False,True,False,True,9.343985043137355,0.0,0.0,0.0,0.0,0,0.9905749293119699,0.9575871819038644,False,False,False,False,0.2558563300419778,0.24993025526258275,False,False,False,False,-28041.0,-12475.742744061405,False,False,False,False,1932.7787949034152,False,False,False,False
2025-06-03 18:00:00+00:00,12.965,12.985,12.945,12.965,5393.0,,,,,,,,,,,,,,,,,,,,,,,,,,,12.851273774486534,12.707564489179132,12.700195735655688,12.705540397622787,12.689828002096633,12.624393944751615,12.588568085905514,12.58093858656802,,12.851273774486534,12.689828002096633,,,12.68103787703324,"rgba(38, 166, 154, 1.0)",0.15202314309349255,12.69376096293435,1.784195692486378,75.98664141249846,17.23203502257563,True,False,True,False,True,9.343985043137355,0.0,0.0,0.0,0.0,0,0.9858290033065659,0.9655172413793105,False,False,False,False,0.25532350130417614,0.25262687828337943,False,False,False,False,-28041.0,-12717.064561982932,False,False,False,False,1986.4256352925097,False,False,False,False
2025-06-03 19:00:00+00:00,12.965,12.98,12.935,12.935,8287.0,,,,,,,,,,,,,,,,,,,,,,,,,,,12.864696537165859,12.726092640924195,12.717764354598252,12.720547707237571,12.700521981882781,12.63284283702866,12.595422937493135,12.587880781924573,,12.864696537165859,12.700521981882781,,,12.693221222281878,"rgba(38, 166, 154, 1.0)",0.15410809941821624,12.70571470826445,1.4878211632038845,74.04785242133525,17.23203502257563,True,False,True,False,True,8.27758382343752,0.0,0.0,0.0,0.0,0,0.9830028328611898,0.9655335221907461,False,False,False,False,0.25072221602465444,0.25167454715401694,False,False,False,False,-36328.0,-13083.125576525832,False,False,False,False,2084.1089587763468,False,False,False,False
2025-06-04 14:00:00+00:00,12.955,13.005,12.885,12.89,15893.0,,,,,,,,,,,,,,,,,,,,,,,,,,,12.877513132496151,12.751732675921906,12.742592242230266,12.742258891547314,12.717046204089389,12.64677155540973,12.607048437590864,12.599676946794112,,12.877513132496151,12.717046204089389,,,12.710580010759966,"rgba(38, 166, 154, 0.75)",0.15514721285813096,12.723204975981675,1.075075864694041,69.98924964984403,17.23203502257563,True,False,True,False,False,6.69657051404247,0.0,0.0,0.0,0.0,0,0.9775070290534208,0.964386129334583,False,False,False,False,0.24337305244765076,0.24752379980083383,False,False,False,False,-52221.0,-13689.914327277369,False,False,False,False,2298.2002927488065,False,False,False,False
2025-06-04 15:00:00+00:00,12.885,12.92,12.695,12.765,6101.0,,,,,,,,,,,,,,,,,,,,,,,,,,,12.871321381782524,12.753678635047448,12.744806233982956,12.744243840136575,12.719127658496081,12.649390991745785,12.60952485956709,12.60223127113294,,12.871321381782524,12.719127658496081,,,12.711790608986426,"rgba(38, 166, 154, 0.75)",0.155006625839164,12.724758474066233,0.25961165024985783,61.71838609470862,19.793690891989556,True,False,True,False,False,2.524808408564404,0.0,0.0,0.0,0.0,0,0.9608655616942909,0.9719152854511972,False,False,False,False,0.13985201564306288,0.19368790772194835,False,False,False,False,-58322.0,-14381.884647784696,False,False,False,False,2357.1584277449488,False,False,False,False
2025-06-04 16:00:00+00:00,12.765,12.815,12.745,12.775,1000.0,,,,,,,,,,,,,,,,,,,,,,,,,,,12.870213669104741,12.753866227386052,12.74504431031422,12.74445961827358,12.719391255244345,12.649767618585837,12.609891883978566,12.602611171514777,,12.870213669104741,12.719391255244345,,,12.711905719300265,"rgba(38, 166, 154, 0.75)",0.15512979163346022,12.724927817574704,0.3227760567332327,56.63775618388007,15.091878281690825,True,False,True,False,False,2.8256669871192095,0.0,0.0,0.0,0.0,0,0.9641662685140944,0.9918776875298617,False,False,False,False,0.12218331035676049,0.1579356090393544,False,False,False,False,-57322.0,-15047.622870299663,False,False,False,False,2336.1172118109184,False,False,False,False
2025-06-04 17:00:00+00:00,12.775,12.795,12.77,12.785,724.0,,,,,,,,,,,,,,,,,,,,,,,,,,,12.869470768867366,12.754027665322246,12.745240152408941,12.744636953818752,12.719596704403743,12.65004947753472,12.610164473446188,12.602892995198216,,12.869470768867366,12.719596704403743,,,12.712009898875023,#000000,0.1554437704308356,12.7250690771045,0.38554728008329037,53.71418807992714,12.364945176559843,True,False,False,False,False,3.1301015679756183,0.0,0.0,0.0,0.0,0,0.9649543927028322,0.9947191550648106,False,False,False,False,0.12378626053519158,0.140860934787273,False,False,False,False,-56598.0,-15691.814763783388,False,False,False,False,2311.1231465115243,False,False,False,False
2025-06-04 18:00:00+00:00,12.775,12.845,12.775,12.825,5100.0,,,,,,,,,,,,,,,,,,,,,,,,,,,12.86637618358026,12.7562932874806,12.74766618479044,12.746827637640815,12.721708212002724,12.652465571463445,12.612407381166063,12.605197661272223,,12.86637618358026,12.721708212002724,,,12.713617764924571,"rgba(38, 166, 154, 0.75)",0.15532653776261762,12.726873915565161,0.63174062750824,53.58412581824923,12.027705256430465,True,False,True,False,False,4.346508117394862,0.0,0.0,0.0,0.0,0,0.96861419604056,0.9917914051183004,False,False,False,False,0.1414624083494314,0.1411616715683522,False,False,False,False,-51498.0,-16246.94941860845,False,False,False,False,2354.361547340803,False,False,False,False
2025-06-04 19:00:00+00:00,12.825,12.825,12.805,12.82,3951.0,,,,,,,,,,,,,,,,,,,,,,,,,,,12.864280577458624,12.757982606478661,12.749476416555998,12.748472461487411,12.723308935839782,12.654307923643138,12.614125512103493,12.606962870316183,,12.864280577458624,12.723308935839782,,,12.714864662985411,"rgba(38, 166, 154, 0.5)",0.15547949663496607,12.728252987518543,0.5900907480866149,53.2395745254269,11.247272213954183,False,False,True,False,False,4.175582591917916,0.0,0.0,0.0,0.0,0,0.9714562167392354,0.9850024189646833,False,False,False,False,0.14468539023452384,0.142923530901438,False,False,False,False,-55449.0,-16854.733148552506,False,False,False,False,2379.115631878155,False,False,False,False
2025-06-05 14:00:00+00:00,12.985,13.02,12.955,12.99,2482.0,,,,,,,,,,,,,,,,,,,,,,,,,,,12.867481090333287,12.761961689076955,12.753349130966845,12.75196947268872,12.726086017011168,12.656645794441717,12.616092461800742,12.60895225985435,,12.867481090333287,12.726086017011168,,,12.717817239521723,"rgba(38, 166, 154, 1.0)",0.15914891887275584,12.73119272310454,1.6261956331753924,58.65409601077053,11.247272213954183,True,False,True,False,True,9.10065947549472,0.0,0.0,0.0,0.0,0,0.9732569245463227,0.9808978032473739,False,False,False,False,0.25822174847992224,0.20057263969068012,False,False,False,False,-52967.0,-17414.613254776497,False,False,False,False,2380.710738360664,False,False,False,False
2025-06-05 15:00:00+00:00,12.99,13.01,12.935,12.955,101.0,,,,,,,,,,,,,,,,,,,,,,,,,,,12.867585112421773,12.762105481563907,12.75348978019754,12.752096771984204,12.72618855808523,12.656734067435538,12.616167431723612,12.6090281764326,,12.867585112421773,12.72618855808523,,,12.71792442248055,"rgba(38, 166, 154, 1.0)",0.16182634447380467,12.73129997474608,1.3823461561917179,60.49556834380009,11.247272213954183,True,False,True,False,True,7.889716464238514,0.0,0.0,0.0,0.0,0,0.9724072312083729,0.9781160799238823,False,False,False,False,0.24812767094382163,0.2243501553172509,False,False,False,False,-53068.0,-17967.378940748953,False,False,False,False,2345.3663858279406,False,False,False,False
2025-06-05 16:00:00+00:00,12.955,12.955,12.905,12.915,17.0,,,,,,,,,,,,,,,,,,,,,,,,,,,12.867595245758107,12.762124738645266,12.753508812010443,12.752114025870858,12.726202819904746,12.656746923533744,12.616178547559214,12.609039462966347,,12.867595245758107,12.726202819904746,,,12.71793882203109,"rgba(38, 166, 154, 1.0)",0.16341650759621476,12.731314533271306,1.124032507062024,59.811058016480466,11.247272213954183,True,False,True,False,True,6.520856849206719,0.0,0.0,0.0,0.0,0,0.9812949640287766,0.9827338129496407,False,False,False,False,0.21978773394981535,0.2220689446335331,False,False,False,False,-53085.0,-18511.83818197765,False,False,False,False,2309.267682171693,False,False,False,False
2025-06-05 17:00:00+00:00,12.91,12.94,12.9,12.935,101.0,,,,,,,,,,,,,,,,,,,,,,,,,,,12.867655376020688,12.762239054548317,12.753621796335313,12.752216463295397,12.726287509718818,12.656823278481856,12.616244572204327,12.609106501632969,,12.867655376020688,12.726287509718818,,,12.71802431902971,"rgba(38, 166, 154, 1.0)",0.1655525827574022,12.731400976549132,1.2298148422680837,60.01786013296613,11.247272213954183,True,False,True,False,True,7.093015711926451,0.0,0.0,0.0,0.0,0,0.9845036319612589,0.9845036319612596,False,False,False,False,0.2131712925062391,0.2176201185698861,False,False,False,False,-52984.0,-19046.2903031873,False,False,False,False,2275.0309739209692,False,False,False,False
2025-06-05 18:00:00+00:00,12.935,12.945,12.91,12.935,1085.0,,,,,,,,,,,,,,,,,,,,,,,,,,,12.868349109978428,12.763494473105819,12.754861354008783,12.753340921235438,12.727215543929773,12.657656036060333,12.61696352755409,12.609836249857647,,12.868349109978428,12.727215543929773,,,12.718964651966289,"rgba(38, 166, 154, 1.0)",0.16763532922266872,12.732350573791813,1.2088706309575725,60.15572821062323,11.247272213954183,True,False,True,False,True,7.093015711926451,0.0,0.0,0.0,0.0,0,0.9859223300970871,0.9757281553398062,False,False,False,False,0.2181318687843041,0.2178759936770951,False,False,False,False,-52984.0,-19572.456344998347,False,False,False,False,2256.5808813020394,False,False,False,False
2025-06-05 19:00:00+00:00,12.935,12.935,12.905,12.915,2410.0,,,,,,,,,,,,,,,,,,,,,,,,,,,12.869554730426254,12.766026133326097,12.757373965747425,12.75562675212938,12.729130074237874,12.659409248964646,12.618489662239352,12.611386715993874,,12.869554730426254,12.729130074237874,,,12.720874660383114,"rgba(38, 166, 154, 1.0)",0.1685941338895601,12.734287772069987,1.071877317204823,59.09690769102829,11.247272213954183,True,False,True,False,True,6.384987663458986,0.0,0.0,0.0,0.0,0,0.9882812499999998,0.9765625000000003,False,False,False,False,0.2131712925062391,0.2155236430916671,False,False,False,False,-55394.0,-20127.82911484333,False,False,False,False,2258.959472289605,False,False,False,False
2025-06-06 14:00:00+00:00,13.095,13.11,13.015,13.085,1743.0,,,,,,,,,,,,,,,,,,,,,,,,,,,12.872991442061775,12.769578653757183,12.76081102021164,12.758745470447392,12.731581930579681,12.661396778448932,12.620137268694924,12.613047688507852,,12.872991442061775,12.731581930579681,,,12.723536281588672,"rgba(38, 166, 154, 1.0)",0.17374616464750747,12.736922271032352,2.003369281122387,63.4571581889863,7.768588725038278,True,False,True,False,True,11.160567607858365,0.0,0.0,0.0,0.0,0,0.9932399806856588,0.9608884596813138,False,False,False,False,0.3095195379535797,0.2625215905226234,False,False,False,False,-53651.0,-20647.56819833413,False,False,False,False,2250.9601006262005,False,False,False,False
2025-06-06 15:00:00+00:00,13.085,13.115,13.035,13.115,340.0,,,,,,,,,,,,,,,,,,,,,,,,,,,12.873709248366014,12.770303672930563,12.761511915776577,12.759382036832953,12.732081786250498,12.661799532020956,12.620470300758173,12.613383229305525,,12.873709248366014,12.732081786250498,,,12.724080215280157,"rgba(38, 166, 154, 1.0)",0.17938960569280424,12.73746037457198,2.1045791586974043,66.97181592906799,11.24293600873947,True,False,True,False,True,11.950760437439047,0.0,0.0,0.0,0.0,0,0.9951807228915659,0.9585542168674702,False,False,False,False,0.3117187757090716,0.2871201831158475,False,False,False,False,-53311.0,-21153.977993708795,False,False,False,False,2221.332812244399,False,False,False,False
2025-06-06 16:00:00+00:00,13.115,13.135,13.095,13.1,900.0,,,,,,,,,,,,,,,,,,,,,,,,,,,12.875775931324913,12.772336687037148,12.763474872584425,12.761165464739056,12.733478259381972,12.662915955145323,12.621390292592068,12.61430955726608,,12.875775931324913,12.733478259381972,,,12.725605877508873,"rgba(38, 166, 154, 1.0)",0.18427513213755561,12.73896817626214,1.9591999178074662,68.4378750060653,12.76574568276667,True,False,True,False,True,11.40509387403765,0.0,0.0,0.0,0.0,0,0.9980148883374687,0.9662531017369732,False,False,False,False,0.34282816517955017,0.31497417414769885,False,False,False,False,-54211.0,-21666.48996279858,False,False,False,False,2200.8470322096023,False,False,False,False
2025-06-06 17:00:00+00:00,13.1,13.105,13.085,13.085,200.0,,,,,,,,,,,,,,,,,,,,,,,,,,,12.876194730035564,12.772760817544489,12.76388516617806,12.76153862148908,12.73377214429981,12.663153151782542,12.621586612453003,12.614507342694523,,12.876194730035564,12.73377214429981,,,12.725924823309633,"rgba(38, 166, 154, 1.0)",0.1888308504722665,12.739283990633279,1.8308237690085345,68.50025218874721,13.085090702211467,True,False,True,False,True,10.855306168819574,0.0,0.0,0.0,0.0,0,0.9959979989994993,0.9719859929964988,False,False,False,False,0.32508363139294616,0.3200289027703225,False,False,False,False,-54411.0,-22174.15678508077,False,False,False,False,2169.8261479892985,False,False,False,False
2025-06-06 18:00:00+00:00,13.085,13.135,13.075,13.135,100.0,,,,,,,,,,,,,,,,,,,,,,,,,,,12.876426130490957,12.772987945837011,12.76410450465083,12.761738049026354,12.733928474281111,12.663278104245304,12.621689580237845,12.61461100685857,,12.876426130490957,12.733928474281111,,,12.726095474453498,"rgba(38, 166, 154, 1.0)",0.19463236307650966,12.739452700051464,2.03227918366817,69.8601085015197,14.69002725869639,True,False,True,False,True,12.214151769608172,0.0,0.0,0.0,0.0,0,0.991995997998999,0.9679839919959987,False,False,False,False,0.33393054712805226,0.32697972494918737,False,False,False,False,-54311.0,-22672.402416319826,False,False,False,False,2137.7358201134957,False,False,False,False
2025-06-06 19:00:00+00:00,13.135,13.14,13.105,13.11,900.0,,,,,,,,,,,,,,,,,,,,,,,,,,,12.878517547230228,12.775038406308619,12.766084924120538,12.763539662134596,12.735341952625891,12.66440784979012,12.622620608827754,12.6155482576738,,12.878517547230228,12.735341952625891,,,12.727637401088943,"rgba(38, 166, 154, 1.0)",0.19934977635634052,12.740977480969583,1.8511308403516,69.16487496255633,14.69002725869639,True,False,True,False,True,11.281603092384199,0.0,0.0,0.0,0.0,0,0.9929999999999997,0.9665000000000005,False,False,False,False,0.342828165978677,0.3349039454639322,False,False,False,False,-55211.0,-23176.876797462155,False,False,False,False,2118.546117476077,False,False,False,False
2025-06-09 14:00:00+00:00,13.105,13.185,13.105,13.185,500.0,,,,,,,,,,,,,,,,,,,,,,,,,,,12.879855098789038,12.776298573347976,12.76729947340934,12.764644672466101,12.736204281697182,12.66508815980974,12.623177955521525,12.616108752132373,,12.879855098789038,12.736204281697182,,,12.728584620896658,"rgba(38, 166, 154, 1.0)",0.20603141980274703,12.741912510598123,2.150582128813587,70.66330253156889,16.020791784425327,True,False,True,False,True,13.301162844642882,0.0,0.0,0.0,0.0,0,0.9930278884462147,0.9631474103585663,False,False,False,False,0.34282816829242796,0.33886605687818006,False,False,False,False,-54711.0,-23665.777932385223,False,False,False,False,2093.452379220634,False,False,False,False
2025-06-09 15:00:00+00:00,13.185,13.215,13.165,13.185,1300.0,,,,,,,,,,,,,,,,,,,,,,,,,,,12.883641894869374,12.779790825895429,12.770661971138782,12.767705700482015,12.738588145191923,12.666955276798006,12.624702575127484,12.617640964060564,,12.883641894869374,12.738588145191923,,,12.731210919195448,"rgba(38, 166, 154, 1.0)",0.21233529918331837,12.744503368943331,2.0745332158661456,71.66225424424393,17.254949871806417,True,False,True,False,True,13.301162844642882,0.0,0.0,0.0,0.0,0,0.9980129160457024,0.9597615499254849,False,False,False,False,0.3428281725747848,0.34084711472648244,False,False,False,False,-54711.0,-24147.099204751343,False,False,False,False,2081.1507919458954,False,False,False,False
2025-06-09 16:00:00+00:00,13.185,13.185,13.135,13.165,300.0,,,,,,,,,,,,,,,,,,,,,,,,,,,12.884427275580666,12.780536284034245,12.77138126306882,12.768361435065485,12.739102295083734,12.667362318244356,12.625036652066674,12.617976919266145,,12.884427275580666,12.739102295083734,,,12.731773055301264,"rgba(38, 166, 154, 1.0)",0.21757163053671463,12.745059150116921,1.930126868319876,70.90258792260343,17.254949871806417,True,False,True,False,True,12.530845686371585,0.0,0.0,0.0,0.0,0,0.9939939939939936,0.9709709709709714,False,False,False,False,0.318468501702415,0.3296578082144487,False,False,False,False,-55011.0,-24625.60929460016,False,False,False,False,2053.5360509854936,False,False,False,False
2025-06-09 17:00:00+00:00,13.165,13.175,13.145,13.155,500.0,,,,,,,,,,,,,,,,,,,,,,,,,,,12.88571080912215,12.78176145785365,12.772564031242805,12.769440267126997,12.739949702391776,12.668034669442045,12.62558907129184,12.618532496267749,,12.88571080912215,12.739949702391776,,,12.732697813092376,"rgba(38, 166, 154, 0.75)",0.22176042181749914,12.745973980869232,1.844450041078028,69.66467595093948,17.254949871806417,True,False,True,False,False,12.142981667654432,0.0,0.0,0.0,0.0,0,0.990986479719579,0.9724586880320486,False,False,False,False,0.318468501702415,0.32406315495843185,False,False,False,False,-55511.0,-25104.452561350543,False,False,False,False,2029.4502207376565,False,False,False,False
2025-06-09 18:00:00+00:00,13.155,13.215,13.155,13.205,900.0,,,,,,,,,,,,,,,,,,,,,,,,,,,12.888269919454773,12.784140309472685,12.774857286745824,12.771532361069816,12.741587274414155,12.669322236338218,12.626642583003855,12.619591237310189,,12.888269919454773,12.741587274414155,,,12.73449290097619,"rgba(38, 166, 154, 0.75)",0.226425156180452,12.747747850513804,2.0194405833677957,70.4912671925162,17.254949871806417,True,False,True,False,False,13.532636314199706,0.0,0.0,0.0,0.0,0,0.9939939939939936,0.968468468468469,False,False,False,False,0.33874163778457306,0.3314023963715025,False,False,False,False,-54611.0,-25561.91841311255,False,False,False,False,2011.939364602189,False,False,False,False
2025-06-09 19:00:00+00:00,13.205,13.215,13.185,13.19,3821.0,,,,,,,,,,,,,,,,,,,,,,,,,,,12.898845878843906,12.794060028613025,12.784433838383837,12.78029137617119,12.748485261409643,12.674770551451632,12.631111200015868,12.624081872607459,,12.898845878843906,12.748485261409643,,,12.74201000093707,"rgba(38, 166, 154, 0.75)",0.23110827773151477,12.755190892882348,1.881408625366425,69.87595328166114,17.254949871806417,True,False,True,False,False,12.937491900312125,0.0,0.0,0.0,0.0,0,0.9924849699398794,0.9714428857715436,False,False,False,False,0.3428281734692175,0.33711528492036,False,False,False,False,-58432.0,-26071.532081126312,False,False,False,False,2039.9868163137828,False,False,False,False
2025-06-10 14:00:00+00:00,13.275,13.3,13.245,13.295,906.0,,,,,,,,,,,,,,,,,,,,,,,,,,,12.90192016760589,12.796814969630223,12.787087307778684,12.782720673588564,12.75038872067713,12.676249579671753,12.632315112320702,12.62528989617065,,12.90192016760589,12.75038872067713,,,12.74409830343045,"rgba(38, 166, 154, 1.0)",0.23813829353306037,12.75725569133469,2.2581177545502817,72.35439834358034,18.8602127647342,True,False,True,False,True,15.780984561903306,0.0,0.0,0.0,0.0,0,0.9925335988053755,0.9651567944250875,False,False,False,False,0.34282817941210064,0.33997173216623033,False,False,False,False,-57526.0,-26559.198250411173,False,False,False,False,2022.4056253631816,False,False,False,False
2025-06-10 15:00:00+00:00,13.295,13.345,13.245,13.265,2063.0,,,,,,,,,,,,,,,,,,,,,,,,,,,12.908828933181807,12.803036749428044,12.793084854819028,12.788219868243218,12.754712965903549,12.679618236522217,12.635060908298701,12.62804496496569,,12.908828933181807,12.754712965903549,,,12.748825935170283,"rgba(38, 166, 154, 1.0)",0.2439224695905701,12.761935743431344,2.06239407715518,71.90409156786453,18.8602127647342,True,False,True,False,True,14.584351974314519,0.0,0.0,0.0,0.0,0,0.9915966386554619,0.96094908551656,False,False,False,False,0.34282818108296587,0.3413999566245981,False,False,False,False,-59589.0,-27071.2882000172,False,False,False,False,2023.0349955125896,False,False,False,False
2025-06-10 16:00:00+00:00,13.265,13.285,13.215,13.215,1306.0,,,,,,,,,,,,,,,,,,,,,,,,,,,12.91254844592726,12.806520679997796,12.79645437249505,12.791318143646716,12.75717674961089,12.681568678814573,12.636663293931655,12.62965417115891,,12.91254844592726,12.75717674961089,,,12.751488066947857,"rgba(38, 166, 154, 0.75)",0.24749361626127198,12.764580168105976,1.819925049777965,68.46357157947645,21.97566041652773,True,False,True,False,False,12.620121422806328,0.0,0.0,0.0,0.0,0,0.9882172131147539,0.9825819672131151,False,False,False,False,0.3101724760673533,0.3257862163459757,False,False,False,False,-60895.0,-27595.68683257507,False,False,False,False,2011.9181738767354,False,False,False,False
2025-06-10 17:00:00+00:00,13.215,13.225,13.175,13.195,400.0,,,,,,,,,,,,,,,,,,,,,,,,,,,12.913533096173284,12.80747879184319,12.797383706701355,12.792174413834452,12.757864024479693,12.682120614169763,12.637119854578856,12.630113062792262,,12.913533096173284,12.757864024479693,,,12.752223445571605,"rgba(38, 166, 154, 0.75)",0.2510944153210048,12.765312677992748,1.7112579802220227,65.01330598214474,18.815948437690366,True,False,True,False,False,11.84292877687125,0.0,0.0,0.0,0.0,0,0.9861538461538462,0.9789743589743594,False,False,False,False,0.2746224115129173,0.30020431392944646,False,False,False,False,-61295.0,-28118.156804163053,False,False,False,False,1986.9271944367858,False,False,False,False
2025-06-10 18:00:00+00:00,13.195,13.195,13.075,13.095,989.0,,,,,,,,,,,,,,,,,,,,,,,,,,13.121666666666666,12.915291170232454,12.809366981433994,12.799227282656181,12.79387943017498,12.759259975583193,12.683278300044382,12.638091744967486,12.631091841206498,,12.915291170232454,12.759259975583193,,,12.794572599218426,"rgba(38, 166, 154, 0.5)",0.2528991003442814,12.788146983041328,1.2133416708123594,58.051351536739894,12.584038054440555,False,True,True,False,False,8.082989132925292,0.0,0.0,0.0,0.0,0,0.9781059063136455,0.9791242362525462,False,False,False,False,0.22938584148805768,0.2647950777087521,False,False,False,False,-62284.0,-28647.859799447346,False,False,False,False,1971.4554549881534,False,False,False,False
2025-06-10 19:00:00+00:00,13.095,13.125,13.085,13.12,12108.0,,,,,,,,,,,,,,,,,,,,,,,,,,13.110880990557632,12.933539330046262,12.82997026538521,12.819449756008426,12.812713111352759,12.774997226895527,12.696608123843328,12.649402185997868,12.642488611981902,,12.933539330046262,12.774997226895527,,,12.807783289118767,"rgba(38, 166, 154, 0.5)",0.2548178646487257,12.803306946751501,1.242821235022392,54.59071653021207,9.755387287636708,False,True,True,False,False,8.814004406330422,0.0,0.0,0.0,0.0,0,0.9771108850457783,0.9862665310274673,False,False,False,False,0.20882497195909466,0.23681002483392338,False,False,False,False,-50176.0,-28981.62941495979,False,False,False,False,2128.611184368182,False,False,False,False
2025-06-11 14:00:00+00:00,13.365,13.405,13.325,13.345,500.0,,,,,,,,,,,,,,,,,,,,,,,,,,13.119980510406705,12.935177020605071,12.831461350612015,12.820893926562755,12.814052181553121,12.776076064468556,12.697460625221154,12.650103147216152,12.643191392022302,,12.935177020605071,12.776076064468556,,,12.809821802074204,"rgba(38, 166, 154, 0.5)",0.2615273399657136,12.80487394788257,2.0652756694127734,59.102952186212356,9.755387287636708,False,True,True,False,True,14.848649504119422,0.0,0.0,0.0,0.0,0,0.9865604778496763,0.9766052762568445,False,False,False,False,0.34282818583599306,0.28981910533495825,False,False,False,False,-49676.0,-29302.472369766616,False,False,False,False,2103.361398564024,False,False,False,False
2025-06-11 15:00:00+00:00,13.345,13.435,13.32,13.425,1301.0,,,,,,,,,,,,,,,,,,,,,,,,,,13.143851635566293,12.93972731575492,12.835557136853899,12.824858006916017,12.817727923771244,12.779032209972202,12.699785508295902,12.652010384244667,12.645102755733818,,12.93972731575492,12.779032209972202,,,12.815294764123218,"rgba(38, 166, 154, 0.5)",0.270148057503595,12.809119813001976,2.2797875827399907,63.54780425201487,7.106664480344747,False,False,True,False,True,16.774747595880225,0.0,0.0,0.0,0.0,0,0.9886251236399605,0.9693372898120673,False,False,False,False,0.3428281866206542,0.3163236459778062,False,False,False,False,-48375.0,-29598.17047256093,False,False,False,False,2090.92168695838,False,False,False,False
2025-06-11 16:00:00+00:00,13.425,13.435,13.405,13.425,400.0,,,,,,,,,,,,,,,,,,,,,,,,,,13.151115723188212,12.941194473618786,12.836867794083389,12.826125971328866,12.818903862754256,12.77997706958764,12.700526262006946,12.652617146183248,12.645710638308973,,12.941194473618786,12.77997706958764,,,12.817004326784478,"rgba(38, 166, 154, 1.0)",0.27812326322971,12.810459575630565,2.2095973462740113,66.51103896254989,9.629709396760845,True,False,True,False,True,16.774747595880225,0.0,0.0,0.0,0.0,0,0.9954291518537327,0.9862874555611988,False,False,False,False,0.3428281891592235,0.32957591756851484,False,False,False,False,-48375.0,-29889.284108645257,False,False,False,False,2064.7058468504983,False,False,False,False
2025-06-11 17:00:00+00:00,13.425,13.53,13.41,13.51,600.0,,,,,,,,,,,,,,,,,,,,,,,,,,13.163653813896923,12.943658853180196,12.839028982680965,12.828213746803405,12.820838793650172,12.781524863533276,12.701729318910848,12.653598334074823,12.646693002551489,,12.943658853180196,12.781524863533276,,,12.819882189920232,"rgba(38, 166, 154, 1.0)",0.28800381629101984,12.812692127080496,2.4211758090555784,69.90016978465695,12.67345885105265,True,False,True,False,True,18.766808173183264,0.0,0.0,0.0,0.0,0,0.9893455098934549,0.9802130898021313,False,False,False,False,0.3428281919126482,0.3362020547405815,False,False,False,False,-47775.0,-30166.58202944145,False,False,False,False,2041.9972290698704,False,False,False,False
2025-06-11 18:00:00+00:00,13.51,13.695,13.505,13.625,6391.0,,,,,,,,,,,,,,,,,,,,,,,,,,13.291158269400448,12.974355349206924,12.865481502803092,12.853747097946027,12.844531508672157,12.80046128595285,12.716331401209674,12.665460667305629,12.658557862777764,,12.974355349206924,12.80046128595285,,,12.852231660586064,"rgba(38, 166, 154, 1.0)",0.3008049561121215,12.838741365596746,2.613848669801122,73.63470874256063,16.102568275108368,True,False,True,False,True,20.0,0.0,0.0,0.0,0.0,0,0.9884942471235617,0.9684842421210608,False,False,False,False,0.3428281980916263,0.33951512641610393,False,False,False,False,-41384.0,-30340.495486349333,False,False,False,False,2109.423628619175,False,False,False,False
2025-06-11 19:00:00+00:00,13.63,13.645,13.56,13.585,5633.0,,,,,,,,,,,,,,,,,,,,,,,,,,13.352791705465222,12.998695915325401,12.886989531712087,12.87457800099885,12.86396127600249,12.816215960198441,12.728653771766561,12.675547941385744,12.668649851037008,,12.998695915325401,12.816215960198441,,,12.8740093282102,"rgba(38, 166, 154, 1.0)",0.31135258539544286,12.85803132371996,2.3348727789002695,74.25579006527569,16.767352182587317,True,False,True,False,True,19.78573728692789,0.0,0.0,0.0,0.0,0,0.9920398009950246,0.9736318407960202,False,False,False,False,0.34282819819850247,0.3411716623073032,False,False,False,False,-47017.0,-30599.04594392531,False,False,False,False,2164.052719648335,False,False,False,False
2025-06-12 14:00:00+00:00,13.535,13.595,13.525,13.565,2100.0,,,,,,,,,,,,,,,,,,,,,,,,,,13.367402238358533,13.006786900541574,12.89430786488222,12.881685919824758,12.870616471956245,12.821674680968036,12.7329780841942,12.679112035777901,12.672217026173627,,13.006786900541574,12.821674680968036,,,12.880753469186342,"rgba(38, 166, 154, 1.0)",0.3205552333961374,12.864334052366434,2.1857885151657865,73.72801902382187,16.767352182587317,True,False,True,False,True,19.029863238811814,0.0,0.0,0.0,0.0,0,0.9905847373637264,0.976709613478692,False,False,False,False,0.31911848028071943,0.3301450712940113,False,False,False,False,-49117.0,-30886.146006810188,False,False,False,False,2163.05965422743,False,False,False,False
2025-06-12 15:00:00+00:00,13.565,13.675,13.545,13.625,4500.0,,,,,,,,,,,,,,,,,,,,,,,,,,13.399677017554021,13.02495842683699,12.910679045998885,12.897589346673284,12.885526938964457,12.833930847515036,12.74268169886863,12.687109407341298,12.680218465919804,,13.02495842683699,12.833930847515036,,,12.895819021741378,"rgba(38, 166, 154, 1.0)",0.33080300879923313,12.878447404182936,2.256789013276941,74.39770397972495,17.581403221411477,True,False,True,False,True,20.0,0.0,0.0,0.0,0.0,0,0.9936211972522079,0.9681059862610405,False,False,False,False,0.34282819851671126,0.3364866349053613,False,False,False,False,-44617.0,-31099.027464068942,False,False,False,False,2199.291287495222,False,False,False,False
2025-06-12 16:00:00+00:00,13.625,13.665,13.545,13.615,5197.0,,,,,,,,,,,,,,,,,,,,,,,,,,13.426978482170579,13.04441611312561,12.92851367792119,12.914955781545316,12.901869665974916,12.847505537266644,12.753542311437284,12.696111922809092,12.689227169352733,,13.04441611312561,12.847505537266644,,,12.911457851289263,"rgba(38, 166, 154, 1.0)",0.34002517129929133,12.89356516634245,2.1217100807591125,74.32425504838295,18.027601945004676,True,False,True,False,True,19.978715827060547,0.0,0.0,0.0,0.0,0,1.00146771037182,0.9672211350293545,False,False,False,False,0.3400358326508211,0.3382612337780912,False,False,False,False,-49814.0,-31389.182077029116,False,False,False,False,2245.7673915650635,False,False,False,False
2025-06-12 17:00:00+00:00,13.615,13.635,13.595,13.625,417.0,,,,,,,,,,,,,,,,,,,,,,,,,,13.428966596903857,13.045947959871645,12.929925737025455,12.916332099234669,12.903167122653114,12.848588200687336,12.754412009894358,12.696834487609229,12.689950224012161,,13.045947959871645,12.848588200687336,,,12.912680493099092,"rgba(38, 166, 154, 1.0)",0.34623863041143316,12.894758428045481,2.109070184013775,74.47019373573461,18.743387386914833,True,False,True,False,True,20.0,0.0,0.0,0.0,0.0,0,1.0063756743501715,0.9676311917606674,False,False,False,False,0.3428281987268567,0.34054471625247396,False,False,False,False,-49397.0,-31668.37305257905,False,False,False,False,2217.414408750101,False,False,False,False
2025-06-12 18:00:00+00:00,13.625,13.645,13.555,13.605,536.0,,,,,,,,,,,,,,,,,,,,,,,,,,13.431242541961705,13.047847998315985,12.931688551718734,12.918051474316666,12.904789245802387,12.849945331490872,12.755505813099282,12.697744822559253,12.69086131153246,,13.047847998315985,12.849945331490872,,,12.914186343421926,"rgba(38, 166, 154, 1.0)",0.3511863035766289,12.89624097082606,2.0181852821583317,73.35938253774876,18.743387386914833,True,False,True,False,True,19.41405042322875,0.0,0.0,0.0,0.0,0,1.0014662756598238,0.966764418377322,False,False,False,False,0.33449768880264547,0.3375212025275597,False,False,False,False,-49933.0,-31951.545563391777,False,False,False,False,2191.345968304363,False,False,False,False
2025-06-12 19:00:00+00:00,13.605,13.625,13.605,13.62,2427.0,,,,,,,,,,,,,,,,,,,,,,,,,,13.4416841844745,13.05651989698169,12.939732262091388,12.925898503907609,12.91219697326993,12.856151085854538,12.760510572064844,12.701912007703228,12.695031582704926,,13.05651989698169,12.856151085854538,,,12.921070785450295,"rgba(38, 166, 154, 1.0)",0.35664083429226306,12.903017868898374,2.0103758800487403,72.99689790333127,18.743387386914833,True,False,True,False,True,19.764976164405695,0.0,0.0,0.0,0.0,0,1.0044031311154598,0.9681996086105678,False,False,False,False,0.3428281987268567,0.3401747006272082,False,False,False,False,-47506.0,-32192.69989574229,False,False,False,False,2194.999519183365,False,False,False,False
2025-06-13 14:00:00+00:00,14.32,14.385,14.135,14.165,13653.0,,,,,,,,,,,,,,,,,,,,,,,,,,13.63093074546565,13.149079653799872,13.01958226107321,13.0033040449461,12.984980402560963,12.915908235489248,12.806979163526663,12.739883420790516,12.732924910248286,,13.149079653799872,12.915908235489248,,,12.998174759766721,"rgba(38, 166, 154, 1.0)",0.37976934678401064,12.973628724573171,3.137091725584705,78.4515364892303,23.64362727016865,True,False,True,False,True,20.0,0.0,0.0,0.0,0.0,0,1.0133149678604223,0.9449035812672179,False,False,False,False,0.3428282169137449,0.34150145877047655,False,False,False,False,-33853.0,-32218.440982630007,False,False,False,False,2372.6429374905997,False,False,False,False
2025-06-13 15:00:00+00:00,14.165,14.25,14.135,14.165,9811.0,,,,,,,,,,,,,,,,,,,,,,,,,,13.712351681865298,13.204631599501438,13.06919363575794,13.051635697328466,13.030781641390428,12.954367680110515,12.837594005389873,12.765233213580574,12.758233364931943,,13.204631599501438,12.954367680110515,,,13.04266916887294,"rgba(38, 166, 154, 1.0)",0.40098136372411625,13.01650807952841,2.8642027395112946,82.087962213163,27.079136037147293,True,False,True,False,True,20.0,0.0,0.0,0.0,0.0,0,1.0159671532846712,0.9502737226277373,False,False,False,False,0.31771903389352757,0.3296102463320021,False,False,False,False,-33853.0,-32243.78298289931,False,False,False,False,2487.966302800823,False,False,False,False
2025-06-13 16:00:00+00:00,14.165,14.185,14.095,14.175,4148.0,,,,,,,,,,,,,,,,,,,,,,,,,,13.738122475051027,13.225660262552616,13.088358501786972,13.070360320248184,13.048606139022532,12.969533730522267,12.84983682672165,12.77545165029315,12.768437936779486,,13.225660262552616,12.969533730522267,,,13.05937420477532,"rgba(38, 166, 154, 1.0)",0.4205192843003363,13.032980415869948,2.7157365351987472,84.56228612950886,29.37779375644861,True,False,True,False,True,20.0,0.0,0.0,0.0,0.0,0,1.0246282527881039,0.9526022304832714,False,False,False,False,0.29845566865896234,0.3140329574954822,False,False,False,False,-29705.0,-32204.42200642025,False,False,False,False,2513.7032593465465,False,False,False,False
2025-06-13 17:00:00+00:00,14.175,14.365,14.175,14.335,6974.0,,,,,,,,,,,,,,,,,,,,,,,,,,13.787815687284114,13.264024852797746,13.123141729737792,13.104340175270616,13.080975403786384,12.997103698100116,12.87207347035356,12.794010064826987,12.78696481525728,,13.264024852797746,12.997103698100116,,,13.090049988601622,"rgba(38, 166, 154, 1.0)",0.4455284138722993,13.0630647213127,2.854891493075172,86.91998932472407,31.5946799609562,True,False,True,False,True,20.0,0.0,0.0,0.0,0.0,0,1.0326887661141801,0.9332412523020258,False,False,False,False,0.34282821710267014,0.32843058729907615,False,False,False,False,-22731.0,-32057.547246630787,False,False,False,False,2582.855146798538,False,False,False,False
2025-06-13 18:00:00+00:00,14.335,14.455,14.265,14.445,14400.0,,,,,,,,,,,,,,,,,,,,,,,,,,13.881722991439066,13.341793919714094,13.19440284438047,13.174096085163105,13.14768230227825,13.054532868748598,12.918868003583396,12.833310503338339,12.826196481808193,,13.341793919714094,13.054532868748598,,,13.15251177782817,"rgba(38, 166, 154, 1.0)",0.473305864575373,13.124923580733295,2.789055699639415,88.86941456746976,33.47205217992516,True,False,True,False,True,20.0,0.0,0.0,0.0,0.0,0,1.03498409813721,0.927305770104498,False,False,False,False,0.34282821872105335,0.3356294030100647,False,False,False,False,-8331.0,-31689.69380094659,False,False,False,False,2766.0666949101887,False,False,False,False
2025-06-13 19:00:00+00:00,14.445,14.47,14.29,14.33,26360.0,,,,,,,,,,,,,,,,,,,,,,,,,,13.988905638341281,13.456604460058868,13.303660305460802,13.281666924027176,13.251527869146418,13.146483285448014,12.99610837816492,12.899369834772786,12.892172854422068,,13.456604460058868,13.146483285448014,,,13.24627772776026,"rgba(38, 166, 154, 0.75)",0.49423334022968857,13.22044977619357,2.244992665389147,85.92011978054656,33.47205217992516,True,False,True,False,False,20.0,0.0,0.0,0.0,0.0,0,1.0376850605652757,0.9255271422162404,False,False,False,False,0.34282821906181066,0.3392288110359377,False,False,False,False,-34691.0,-31736.225680001677,False,False,False,False,3131.864110492976,False,False,False,False
2025-06-16 14:00:00+00:00,13.89,13.985,13.765,13.885,26286.0,,,,,,,,,,,,,,,,,,,,,,,,,,13.96882353008915,13.499106061361235,13.352656293922527,13.33103323512933,13.30073040877169,13.194398566499286,13.040769952482014,12.939778545133443,12.93264918255315,,13.499106061361235,13.194398566499286,,,13.284438419549092,"rgba(38, 166, 154, 0.75)",0.5012614717520828,13.264171371476635,1.2385325094971948,73.97047129163849,30.54714230202434,True,False,True,False,False,16.34477422793692,0.0,0.0,0.0,0.0,0,1.013722126929674,0.9416809605488851,False,False,False,False,0.17260069871603897,0.25591475487598836,False,False,False,False,-60977.0,-32189.571018296225,False,False,False,False,3490.842961493085,False,False,False,False
2025-06-16 15:00:00+00:00,13.89,14.085,13.885,14.075,7671.0,,,,,,,,,,,,,,,,,,,,,,,,,,13.971147775838459,13.513845174514026,13.36873596557577,13.347158250275832,13.316726280838605,13.209783376796468,13.054953164311122,12.952576298054794,12.9454600344597,,13.513845174514026,13.209783376796468,,,13.297820702296086,"rgba(38, 166, 154, 0.5)",0.5113706365523244,13.278777346920753,1.5570363180166193,68.54016209489815,26.071459395380117,False,False,True,False,False,19.536930488793537,0.0,0.0,0.0,0.0,0,1.02112378538234,0.9345162653147443,False,False,False,False,0.20853187256923877,0.23222331372261357,False,False,False,False,-53306.0,-32516.95751413659,False,False,False,False,3555.6515977490058,False,False,False,False
2025-06-16 16:00:00+00:00,14.075,14.175,14.015,14.165,11901.0,,,,,,,,,,,,,,,,,,,,,,,,,,13.98180890387475,13.539501519858012,13.395943963238583,13.37436949637984,13.343641996556038,13.23546297835621,13.07844046677827,12.973712594068678,12.96660904049135,,13.539501519858012,13.23546297835621,,,13.321054551066858,"rgba(38, 166, 154, 0.5)",0.5227962585251831,13.303622862581031,1.6476344720769942,65.97946043297685,24.076536833293176,False,True,True,False,False,20.0,0.0,0.0,0.0,0.0,0,1.033542976939203,0.9295597484276727,False,False,False,False,0.2450020219010765,0.23861266781184504,False,False,False,False,-41405.0,-32654.756622444547,False,False,False,False,3685.036844295533,False,False,False,False
2025-06-16 17:00:00+00:00,14.165,14.19,14.055,14.135,2810.0,,,,,,,,,,,,,,,,,,,,,,,,,,13.98424468273962,13.545327373070771,13.402153194835043,13.380585402405652,13.349801038683784,13.2413711161441,13.083878770143125,12.978627333190737,12.971527127139812,,13.545327373070771,13.2413711161441,,,13.32639067092807,"rgba(38, 166, 154, 0.5)",0.5309287714565515,13.309327334984932,1.555147713599915,63.716627628396175,22.078202877051908,False,True,True,False,False,20.0,0.0,0.0,0.0,0.0,0,1.0317195325542567,0.934474123539232,False,False,False,False,0.2542166400501719,0.24641465393100848,False,False,False,False,-44215.0,-32833.98520194153,False,False,False,False,3671.4703815932767,False,False,False,False
2025-06-16 18:00:00+00:00,14.135,14.255,14.125,14.155,2296.0,,,,,,,,,,,,,,,,,,,,,,,,,,13.98687516601833,13.55041793780611,13.407505100314527,13.385935036878669,13.355091950058823,13.246419067530804,13.088498691596802,12.982791410996573,12.975693114040295,,13.55041793780611,13.246419067530804,,,13.331025275026768,"rgba(38, 166, 154, 0.5)",0.5381310081959461,13.314242828358214,1.5623652211761154,62.481918517306056,20.801780930061796,False,True,True,False,False,20.0,0.0,0.0,0.0,0.0,0,1.0331674958540626,0.9311774461028192,False,False,False,False,0.27701825628159854,0.2617164551063035,False,False,False,False,-41919.0,-32974.83814454708,False,False,False,False,3650.145259398032,False,False,False,False
2025-06-16 19:00:00+00:00,14.155,14.205,14.145,14.175,9190.0,,,,,,,,,,,,,,,,,,,,,,,,,,13.996555327857374,13.569895394673589,13.428118112706132,13.406560871016248,13.375526668348098,13.266020632156977,13.10655106277835,12.999127491661536,12.992038478593258,,13.569895394673589,13.266020632156977,,,13.348932671087951,"rgba(38, 166, 154, 0.5)",0.544602863818474,13.333264080235793,1.545595838153311,61.95396861980284,19.96713531082267,False,True,True,False,False,20.0,0.0,0.0,0.0,0.0,0,1.0356255178127585,0.9345484672742336,False,False,False,False,0.2719276805433608,0.26682206782483214,False,False,False,False,-32729.0,-32971.026700445575,False,False,False,False,3736.0344801825586,False,False,False,False
2025-06-17 14:00:00+00:00,14.55,14.595,14.485,14.495,5789.0,,,,,,,,,,,,,,,,,,,,,,,,,,14.013146245959604,13.588296043494275,13.44636664128097,13.424678706711848,13.39329411890356,13.282541802204111,13.121243164388078,13.012185273387377,13.005087290430913,,13.588296043494275,13.282541802204111,,,13.365204365195638,"rgba(38, 166, 154, 0.5)",0.5584833064681599,13.349968054767121,2.0502527684740355,65.31687881257524,19.96713531082267,False,True,True,False,False,20.0,0.0,0.0,0.0,0.0,0,1.0361300682456842,0.9249297470895222,False,False,False,False,0.34282822157026877,0.30482514469755045,False,False,False,False,-26940.0,-32877.52241051618,False,False,False,False,3767.863402970426,False,False,False,False
2025-06-17 15:00:00+00:00,14.495,14.555,14.425,14.505,7979.0,,,,,,,,,,,,,,,,,,,,,,,,,,14.033132579912351,13.611749718226605,13.469873275946028,13.448054320791659,13.416275787514278,13.304081964743217,13.140579257500438,13.029471112052656,13.022364747516583,,13.611749718226605,13.304081964743217,,,13.386175862689312,"rgba(38, 166, 154, 0.5)",0.5711668789448575,13.371592919035757,1.9843711579670686,67.65127044803475,19.96713531082267,False,False,True,False,True,20.0,0.0,0.0,0.0,0.0,0,1.0342766042247906,0.9258668792347549,False,False,False,False,0.32649272770764337,0.3156589362025969,False,False,False,False,-18961.0,-32661.762373143836,False,False,False,False,3833.1523424592565,False,False,False,False
2025-06-17 16:00:00+00:00,14.505,14.64,14.475,14.565,10320.0,,,,,,,,,,,,,,,,,,,,,,,,,,14.059958532120952,13.64244753745756,13.500589119687803,13.478601140564301,13.446323147184085,13.33229231056088,13.165957762038907,13.052205174337015,13.045086306263734,,13.64244753745756,13.33229231056088,,,13.413717892246135,"rgba(38, 166, 154, 0.5)",0.5839111681174279,13.399939971712342,1.995269301054637,69.78661058989876,19.96713531082267,False,False,True,False,True,20.0,0.0,0.0,0.0,0.0,0,1.041139240506329,0.9189082278481012,False,False,False,False,0.3428282218232015,0.3292435790128992,False,False,False,False,-8641.0,-32289.347452629976,False,False,False,False,3933.723623971516,False,False,False,False
2025-06-17 17:00:00+00:00,14.565,14.675,14.55,14.645,4100.0,,,,,,,,,,,,,,,,,,,,,,,,,,14.071128657346284,13.654902921491688,13.513018111911526,13.490959938944217,13.45848108733644,13.343711438396355,13.176236895705818,13.06142230966434,13.054297624385807,,13.654902921491688,13.343711438396355,,,13.424906553909162,"rgba(38, 166, 154, 1.0)",0.5950809468747436,13.411432520733921,2.0729406406717428,71.95422623512161,14.75292772485166,True,False,True,False,True,20.0,0.0,0.0,0.0,0.0,0,1.0454365863295139,0.9209798498617147,False,False,False,False,0.34282822259337137,0.3360359008031353,False,False,False,False,-4541.0,-31859.1405153799,False,False,False,False,3936.301552282035,False,False,False,False
2025-06-17 18:00:00+00:00,14.645,14.77,14.625,14.745,6429.0,,,,,,,,,,,,,,,,,,,,,,,,,,14.090492747573663,13.67556615003401,13.533498393016854,13.511309037065423,13.478482190818559,13.36244719377496,13.19305081270726,13.076479839426213,13.0693430891006,,13.67556615003401,13.36244719377496,,,13.443407717057504,"rgba(38, 166, 154, 1.0)",0.6057494799275039,13.430368221784112,2.1702565528792888,74.2523832016779,17.249439573893767,True,False,True,False,True,20.0,0.0,0.0,0.0,0.0,0,1.048069345941686,0.9168636721828212,False,False,False,False,0.3428282237145618,0.33943206225884853,False,False,False,False,1888.0,-31335.929034521294,False,False,False,False,3974.948039843554,False,False,False,False
2025-06-17 19:00:00+00:00,14.745,14.78,14.66,14.705,8760.0,,,,,,,,,,,,,,,,,,,,,,,,,,14.115138130548644,13.70249958588703,13.560342832243558,13.538006862454669,13.504766182977036,13.387196610636826,13.215402137850448,13.0965808900416,13.089430140518765,,13.70249958588703,13.387196610636826,,,13.467707041462067,"rgba(38, 166, 154, 1.0)",0.6135406621766437,13.455286598651222,2.036887656174571,74.56702092988954,17.93967839918652,True,False,True,False,True,20.0,0.0,0.0,0.0,0.0,0,1.056343577620173,0.9113475177304964,False,False,False,False,0.34282822399824503,0.3411301431285468,False,False,False,False,-6872.0,-30956.643313055847,False,False,False,False,4049.1348919390025,False,False,False,False
2025-06-18 14:00:00+00:00,14.855,14.865,14.385,14.49,15859.0,,,,,,,,,,,,,,,,,,,,,,,,,,14.146135437032674,13.741818772585617,13.600627484978027,13.578232195743368,13.544610501383666,13.425443628283514,13.25074352571912,13.128811061806061,13.121656294490725,,13.741818772585617,13.425443628283514,,,13.50423098911364,"rgba(38, 166, 154, 0.5)",0.6146892058754825,13.559963062612036,1.5130197968310533,69.29216878706686,17.93967839918652,False,False,True,False,False,20.0,0.0,0.0,0.0,0.0,0,1.0328746177370027,0.9059633027522935,False,False,False,False,0.3141970577580634,0.3276636004433051,False,False,False,False,-22731.0,-30829.11395936506,False,False,False,False,4232.233575784909,False,False,False,False
2025-06-18 15:00:00+00:00,14.49,14.625,14.46,14.58,2475.0,,,,,,,,,,,,,,,,,,,,,,,,,,14.150346413660131,13.747465769375376,13.606475833587117,13.584081670840542,13.550420116592788,13.431067924444793,13.255993890904833,13.133630596569988,13.126476249805252,,13.747465769375376,13.431067924444793,,,13.509550940642312,"rgba(38, 166, 154, 0.5)",0.6168962051495701,13.565067808915327,1.64522359290344,67.06034277436,23.680985102581147,False,True,True,False,False,20.0,0.0,0.0,0.0,0.0,0,1.036784224497535,0.9241562381494122,False,False,False,False,0.2897330483827724,0.3086983244130388,False,False,False,False,-20256.0,-30665.189711933042,False,False,False,False,4204.9896443773905,False,False,False,False
2025-06-18 16:00:00+00:00,14.575,14.65,14.505,14.645,1730.0,,,,,,,,,,,,,,,,,,,,,,,,,,14.153560348151819,13.751583993231622,13.610713320694153,13.5883165508074,13.554621603027174,13.435122183974642,13.259765080261,13.13708615073484,13.129931671767842,,13.751583993231622,13.435122183974642,,,13.51341121140561,"rgba(38, 166, 154, 0.5)",0.6203486886385021,13.568985585665558,1.7345316175262695,66.45203414352716,22.850309153124115,False,True,True,False,False,20.0,0.0,0.0,0.0,0.0,0,1.0438066465256794,0.9225830815709969,False,False,False,False,0.30006898783672015,0.3043836561248795,False,False,False,False,-18526.0,-30476.985220275164,False,False,False,False,4166.617711906423,False,False,False,False
2025-06-18 17:00:00+00:00,14.645,14.735,14.64,14.67,3400.0,,,,,,,,,,,,,,,,,,,,,,,,,,14.160876032159928,13.760330787713166,13.619615741318006,13.59720100856805,13.56341908225315,13.44356160364691,13.26756322139438,13.144206658368676,13.137050317664633,,13.760330787713166,13.44356160364691,,,13.52153605034299,"rgba(38, 166, 154, 0.5)",0.6299798152064734,13.577733519665543,1.7338118682048107,66.38975290237374,22.396009951782688,False,True,True,False,False,20.0,0.0,0.0,0.0,0.0,0,1.053860640301318,0.9156308851224105,False,False,False,False,0.3329744760279213,0.3186790660764004,False,False,False,False,-15126.0,-30238.985449418185,False,False,False,False,4154.732165985393,False,False,False,False
2025-06-18 18:00:00+00:00,14.685,14.805,14.675,14.77,3301.0,,,,,,,,,,,,,,,,,,,,,,,,,,14.16869419731099,13.769285192199987,13.628665548597604,13.606224591905454,13.572343955188455,13.452092899807054,13.275414818831976,13.151361782993554,13.14420247774946,,13.769285192199987,13.452092899807054,,,13.52980949606495,"rgba(38, 166, 154, 0.5)",0.641287261179705,13.586823626326034,1.8450021469277398,67.67083919533297,22.396009951782688,False,True,True,False,False,20.0,0.0,0.0,0.0,0.0,0,1.0546139359698679,0.9171374764595102,False,False,False,False,0.34282822424604253,0.33075364516122147,False,False,False,False,-11825.0,-29953.497302915577,False,False,False,False,4141.496008373217,False,False,False,False
2025-06-18 19:00:00+00:00,14.77,14.83,14.525,14.7,18661.0,,,,,,,,,,,,,,,,,,,,,,,,,,14.204725276300598,13.81384384447029,13.674403872733166,13.65193776014642,13.617724590706159,13.495986602665731,13.316392753638992,13.18904394176794,13.181881448477696,,13.81384384447029,13.495986602665731,,,13.571771121211889,"rgba(38, 166, 154, 0.5)",0.6500392780925471,13.629677535220276,1.6465504483366613,66.5402937485111,21.83850202510466,False,True,True,False,False,20.0,0.0,0.0,0.0,0.0,0,1.0358727810650885,0.9178994082840235,False,False,False,False,0.32408678944691877,0.3274202173040701,False,False,False,False,-30486.0,-29961.75315868433,False,False,False,False,4366.604597390686,False,False,False,False
2025-06-19 14:00:00+00:00,14.7,14.7,14.7,14.7,0.0,,,,,,,,,,,,,,,,,,,,,,,,,,14.204725276300598,13.81384384447029,13.674403872733166,13.65193776014642,13.617724590706159,13.495986602665731,13.316392753638992,13.18904394176794,13.181881448477696,,13.81384384447029,13.495986602665731,,,13.571771121211889,"rgba(38, 166, 154, 0.5)",0.6573734592032772,13.629677535220276,1.6281802220566244,65.78659678396319,20.72743642555443,False,True,True,False,False,20.0,0.0,0.0,0.0,0.0,0,1.0504451038575664,0.9243323442136497,False,False,False,False,0.3308077722830055,0.3291139947935378,False,False,False,False,-30486.0,-29969.88101668922,False,False,False,False,4298.905301307109,False,False,False,False
2025-06-19 15:00:00+00:00,14.7,14.7,14.7,14.7,0.0,,,,,,,,,,,,,,,,,,,,,,,,,,14.204725276300598,13.81384384447029,13.674403872733166,13.65193776014642,13.617724590706159,13.495986602665731,13.316392753638992,13.18904394176794,13.181881448477696,,13.81384384447029,13.495986602665731,,,13.571771121211889,"rgba(38, 166, 154, 0.5)",0.6634656823918856,13.629677535220276,1.6132295809499333,65.28413214093125,19.848868734760558,False,True,True,False,False,20.0,0.0,0.0,0.0,0.0,1,1.0479019680653543,0.9249907166728555,False,False,False,False,0.3308077722830055,0.3299608835382717,False,False,False,False,-30486.0,-29977.882861391714,False,False,False,False,4232.2556067132,False,False,False,False
2025-06-19 16:00:00+00:00,14.7,14.7,14.7,14.7,0.0,,,,,,,,,,,,,,,,,,,,,,,,,,14.204725276300598,13.81384384447029,13.674403872733166,13.65193776014642,13.617724590706159,13.495986602665731,13.316392753638992,13.18904394176794,13.181881448477696,,13.81384384447029,13.495986602665731,,,13.571771121211889,"rgba(38, 166, 154, 0.5)",0.6691720580263816,13.629677535220276,1.5994727393975057,64.94915571224328,19.124094534620568,False,True,True,False,False,20.0,0.0,0.0,0.0,0.0,0,1.0509745127436279,0.9299100449775112,False,False,False,False,0.3308077722830055,0.3303843279106386,False,False,False,False,-30486.0,-29985.760646486415,False,False,False,False,4166.639240717646,False,False,False,False
2025-06-19 17:00:00+00:00,14.7,14.7,14.7,14.7,0.0,,,,,,,,,,,,,,,,,,,,,,,,,,14.204725276300598,13.81384384447029,13.674403872733166,13.65193776014642,13.617724590706159,13.495986602665731,13.316392753638992,13.18904394176794,13.181881448477696,,13.81384384447029,13.495986602665731,,,13.571771121211889,"rgba(38, 166, 154, 0.5)",0.6758723292201169,13.629677535220276,1.5836163406996686,64.72583809311797,18.506640550783416,False,True,True,False,False,20.0,0.0,0.0,0.0,0.0,0,1.0542986425339362,0.9230769230769229,False,False,False,False,0.3308077722830055,0.330596050096822,False,False,False,False,-30486.0,-29993.516295378096,False,False,False,False,4102.040182722024,False,False,False,False
2025-06-19 18:00:00+00:00,14.7,14.7,14.7,14.7,0.0,,,,,,,,,,,,,,,,,,,,,,,,,,14.204725276300598,13.81384384447029,13.674403872733166,13.65193776014642,13.617724590706159,13.495986602665731,13.316392753638992,13.18904394176794,13.181881448477696,,13.81384384447029,13.495986602665731,,,13.571771121211889,"rgba(38, 166, 154, 0.5)",0.6820449643046672,13.629677535220276,1.5692843152517049,64.57695968036776,17.969170607586022,False,True,True,False,False,20.0,0.0,0.0,0.0,0.0,0,1.0593833269889603,0.9212028930338789,False,False,False,False,0.3308077722830055,0.33070191118991377,False,False,False,False,-30486.0,-30001.151701651303,False,False,False,False,4038.4426605092794,False,False,False,False
2025-06-19 19:00:00+00:00,14.7,14.7,14.7,14.7,0.0,,,,,,,,,,,,,,,,,,,,,,,,,,14.204725276300598,13.81384384447029,13.674403872733166,13.65193776014642,13.617724590706159,13.495986602665731,13.316392753638992,13.18904394176794,13.181881448477696,,13.81384384447029,13.495986602665731,,,13.571771121211889,"rgba(38, 166, 154, 0.5)",0.687588310462523,13.629677535220276,1.55663272410746,64.47770740520096,17.495456543360973,False,True,True,False,False,20.0,0.0,0.0,0.0,0.0,0,1.058416602613374,0.9219830899308223,False,False,False,False,0.3308077722830055,0.33075484173645964,False,False,False,False,-30486.0,-30008.668729532677,False,False,False,False,3975.831146392856,False,False,False,False
2025-06-20 14:00:00+00:00,14.69,14.795,14.69,14.765,4215.0,,,,,,,,,,,,,,,,,,,,,,,,,,14.213186944607049,13.824021213285773,13.684821382341363,13.662348051696839,13.628060336270703,13.505990248700101,13.325744854992612,13.197659087387581,13.190495407144825,,13.824021213285773,13.505990248700101,,,13.581369725158538,"rgba(38, 166, 154, 0.5)",0.6933259896527398,13.6395772329115,1.6232231070007637,66.22382857794202,17.495456543360973,False,True,True,False,True,20.0,0.0,0.0,0.0,0.0,0,1.0565965583173993,0.9093690248565964,False,False,False,False,0.34282822427673354,0.3367915330065966,False,False,False,False,-26271.0,-29950.720377136822,False,False,False,False,3979.5391906348273,False,False,False,False
2025-06-20 15:00:00+00:00,14.765,14.785,14.705,14.775,3518.0,,,,,,,,,,,,,,,,,,,,,,,,,,14.220114810305242,13.832392695534523,13.693403067768074,13.670926189997992,13.636581371923196,13.514251354911648,13.333484638813548,13.204800068993412,13.197635640058651,,13.832392695534523,13.514251354911648,,,13.589287759811809,"rgba(38, 166, 154, 0.5)",0.6983806043043381,13.647709558457407,1.614149125268871,67.64700805061761,14.904856359915755,False,True,True,False,True,20.0,0.0,0.0,0.0,0.0,0,1.061162079510703,0.9094036697247704,False,False,False,False,0.34282822430736226,0.3398098786569794,False,False,False,False,-22753.0,-29839.127813150204,False,False,False,False,3972.383544268396,False,False,False,False
2025-06-20 16:00:00+00:00,14.775,14.795,14.685,14.755,11298.0,,,,,,,,,,,,,,,,,,,,,,,,,,14.240818265818996,13.858007340257886,13.719804574713155,13.697340370650926,13.662858713115538,13.53985012917518,13.35761270495937,13.227151654654572,13.219987551105033,,13.858007340257886,13.53985012917518,,,13.613714589383406,"rgba(38, 166, 154, 0.5)",0.7017041867951129,13.672520699656028,1.5426433541574986,67.31287170706453,14.904856359915755,False,True,True,False,True,20.0,0.0,0.0,0.0,0.0,0,1.0701956271576523,0.9025700038358264,False,False,False,False,0.3413235690938968,0.34056672387543807,False,False,False,False,-34051.0,-29904.428157132374,False,False,False,False,4085.9589931944674,False,False,False,False
2025-06-20 17:00:00+00:00,14.755,14.815,14.695,14.805,7468.0,,,,,,,,,,,,,,,,,,,,,,,,,,14.254307079594826,13.874649432394222,13.736975468401395,13.714524952378504,13.67996610782278,13.556555971825222,13.373411575994046,13.241826717676709,13.23466327844893,,13.874649432394222,13.556555971825222,,,13.62965339828185,"rgba(38, 166, 154, 0.5)",0.7043618413880962,13.688713381177294,1.584819837234259,68.57015035216384,16.025993069326134,False,True,True,False,True,20.0,0.0,0.0,0.0,0.0,0,1.067355530042097,0.9012629161882892,False,False,False,False,0.34282822442925726,0.34169747415234764,False,False,False,False,-26583.0,-29852.933146944273,False,False,False,False,4138.393737486026,False,False,False,False
2025-06-20 18:00:00+00:00,14.805,14.805,14.705,14.775,5982.0,,,,,,,,,,,,,,,,,,,,,,,,,,14.26442777683296,13.887405213564467,13.75020142694803,13.727772061943895,13.693171226712542,13.569506841645108,13.385725656416474,13.253306535214039,13.246144867713024,,13.887405213564467,13.569506841645108,,,13.641962400776727,"rgba(38, 166, 154, 0.5)",0.7031473516968014,13.70113231461687,1.5272299366437543,67.45481406197479,16.025993069326134,False,True,True,False,True,20.0,0.0,0.0,0.0,0.0,0,1.067686424474187,0.9024856596558315,False,False,False,False,0.34282822442925726,0.3422628492908024,False,False,False,False,-32565.0,-29894.980695053662,False,False,False,False,4166.9767803157,False,False,False,False
2025-06-20 19:00:00+00:00,14.775,14.815,14.765,14.795,12005.0,,,,,,,,,,,,,,,,,,,,,,,,,,14.284721930094559,13.912769850430546,13.776497348209997,13.754113636223016,13.719439871825005,13.595308578580074,13.410315321943456,13.276277386804248,13.26911949728367,,13.912769850430546,13.595308578580074,,,13.666507046821618,"rgba(38, 166, 154, 0.5)",0.7014630656224606,13.72595692781027,1.5240190461647307,67.38628920117745,16.025993069326134,False,True,True,False,False,20.0,0.0,0.0,0.0,0.0,0,1.0692160611854682,0.901720841300191,False,False,False,False,0.34282822484822517,0.3425455370695138,False,False,False,False,-20560.0,-29750.252312184613,False,False,False,False,4288.496520155767,False,False,False,False
2025-06-23 14:00:00+00:00,14.795,14.8,14.595,14.705,8454.0,,,,,,,,,,,,,,,,,,,,,,,,,,14.29568134472948,13.928018851856773,13.792630815625479,13.770323341786316,13.735678941484679,13.611491350126522,13.42600640231339,13.291092387446712,13.283943113491166,,13.928018851856773,13.611491350126522,,,13.681651838762278,"rgba(38, 166, 154, 0.5)",0.69739736239902,13.740901290299451,1.3824237969356332,62.236786013373944,14.98210280056027,False,True,True,False,False,20.0,0.0,0.0,0.0,0.0,1,1.0539622641509432,0.9041509433962261,False,False,False,False,0.31571658608250963,0.3291310615760117,False,False,False,False,-29014.0,-29738.837547654617,False,False,False,False,4353.077969455678,False,False,False,False
2025-06-23 15:00:00+00:00,14.705,14.905,14.69,14.835,12929.0,,,,,,,,,,,,,,,,,,,,,,,,,,14.315633953549309,13.953394845786777,13.819104840246245,13.796875609881361,13.762216511751575,13.637753694174965,13.451287708173798,13.314885617450507,13.307744232092311,,13.953394845786777,13.637753694174965,,,13.706544112567428,"rgba(38, 166, 154, 0.5)",0.6954159944992893,13.765996141598833,1.53721494308003,63.13041395793388,14.98210280056027,False,True,True,False,False,20.0,0.0,0.0,0.0,0.0,0,1.0634565136244865,0.8973497573721536,False,False,False,False,0.34282822493648535,0.3359796432562485,False,False,False,False,-16085.0,-29527.15014381501,False,True,False,False,4486.038000936986,False,False,False,False
2025-06-23 16:00:00+00:00,14.835,14.935,14.46,14.555,9376.0,,,,,,,,,,,,14.649999999999999,,,,,,,,,,,,,,14.324783358188842,13.967632381674854,13.834494219291592,13.812388707231266,13.777839925472817,13.653587457986044,13.46695946592894,13.329882032421468,13.32275593977817,,13.967632381674854,13.653587457986044,,14.649999999999999,13.721147054219333,"rgba(38, 166, 154, 0.5)",0.688017782087425,13.839600658985258,1.0397977488957357,55.166849976852006,8.92050836740281,False,True,True,False,False,15.653615054496793,0.0,0.0,0.0,0.0,0,1.0452059788552677,0.9052132701421799,False,False,False,False,0.3136250268568381,0.3248023350565433,False,False,False,False,-25461.0,-29464.109056314002,False,False,False,False,4561.851365263544,False,False,False,False
2025-06-23 17:00:00+00:00,14.555,14.555,13.995,14.045,12621.0,,,,,,,,,,,,14.390851707050961,,,,,,,,,,,,,,14.320291183932502,13.973809511686651,13.843344672622203,13.821609855691415,13.787570449564418,13.664821047615158,13.479608048007227,13.342817237776487,13.335741960705047,,13.973809511686651,13.664821047615158,,14.390851707050961,13.729957107511234,"rgba(239, 83, 80, 1.0)",0.6795345982879032,13.832732035354232,0.31237256378200673,44.00230511623504,-0.7611088673187183,False,True,False,True,False,3.57962556872247,0.0,0.0,0.0,0.0,0,1.0081042988019728,0.9344608879492599,False,False,False,False,0.19518782045180152,0.2599950777541724,False,False,False,False,-38082.0,-29597.719768619212,False,False,False,False,4686.799406112171,False,False,False,False
2025-06-23 18:00:00+00:00,14.045,14.135,13.94,14.0,16026.0,,,,,,,,,,,,14.236651894905718,,,,,,,,,,,,,,14.307545660132758,13.975492719724794,13.848787495801169,13.827598678227128,13.79434789204196,13.674011746922888,13.49132753423035,13.355479837816091,13.348482619601254,,13.975492719724794,13.674011746922888,,14.236651894905718,13.735897131610933,"rgba(239, 83, 80, 1.0)",0.6698887227748599,13.827562727933005,0.25741181513358424,36.25189650408011,-6.996866378342936,False,True,False,True,False,2.6484857081724194,0.0,0.0,0.0,0.0,0,1.0045422781271833,0.9633123689727462,False,False,False,False,0.13110421541892658,0.1955496465865495,False,False,False,False,-54108.0,-29977.72411329178,False,False,False,False,4862.600965707331,False,False,False,False
2025-06-23 19:00:00+00:00,14.0,14.065,13.9,13.905,12953.0,,,,,,,,,,,,14.16550765719816,,,,,,,,,,,,,,14.295717498553445,13.975005346332416,13.851338240018693,13.830598950388415,13.798008380616118,13.679723457263917,13.499271487088109,13.36436590649314,13.357435233641493,,13.975005346332416,13.679723457263917,,14.16550765719816,13.739051611155084,"rgba(239, 83, 80, 1.0)",0.6589768755597993,13.824719253493546,0.12182634851678964,30.450141544521692,-11.519118621924925,False,True,False,True,False,0.7157337818479661,0.0,0.0,0.0,0.0,0,1.0003469812630115,0.9691186675919499,False,False,False,False,0.11643374942842825,0.15599169800748888,False,False,False,False,-67061.0,-30552.658623163225,False,False,False,False,4988.03350887466,False,False,False,False
2025-06-24 14:00:00+00:00,13.41,13.575,13.255,13.35,4241.0,,,,,,,,,,,,14.106199992755856,,,,,,,,,,,,,,14.285866457479594,13.970116425940315,13.847819815903321,13.827296072938022,13.795042321815163,13.677841101700388,13.498682647902116,13.364505418423091,13.357607418951817,,13.970116425940315,13.677841101700388,,14.106199992755856,13.736086409005981,"rgba(239, 83, 80, 1.0)",0.6519713833326718,13.81770339538362,-0.7173679816940264,24.218676483904527,-16.629785031597592,False,True,False,True,False,0.0,0.0,0.0,0.0,0.0,0,0.9783333333333333,0.9809999999999999,False,False,False,False,-0.03317635764391238,0.06140767018178825,False,False,False,False,-71302.0,-31184.431357687823,False,False,False,False,4976.451594008386,False,False,False,False
2025-06-24 15:00:00+00:00,13.355,13.375,13.205,13.215,2634.0,,,,,,,,,,,,14.067899517726577,,,,,,,,,,,,,,14.278991461317268,13.966454732810483,13.845052283610872,13.824670482204303,13.792640399984402,13.676162665662364,13.497878711689108,13.364208663096356,13.357332359817471,,13.966454732810483,13.676162665662364,,14.067899517726577,13.733710195576958,"rgba(239, 83, 80, 1.0)",0.6467800912880046,13.812719436126565,-0.9241463121356456,19.698577976498814,-20.346624091038173,False,True,False,True,False,0.0,0.0,0.0,0.0,0.0,0,0.9732319894249832,0.9950429610046264,False,False,False,False,-0.06609609380190681,-0.0023442118100592824,False,False,False,False,-73936.0,-31847.24637539809,False,False,False,False,4940.134515031511,False,False,False,False
2025-06-24 16:00:00+00:00,13.215,13.245,13.115,13.145,3322.0,,,,,,,,,,,,14.01904857262736,,,,,,,,,,,,,13.168333333333333,14.269637519309878,13.96126148783641,13.841023653231689,13.820827903777163,13.789092630353291,13.673572053789844,13.496455026627045,13.363474681868974,13.356627017561989,,13.96126148783641,13.673572053789844,,14.01904857262736,13.67403053076896,"rgba(239, 83, 80, 1.0)",0.6422502529290438,13.789733614156912,-1.0038666566755607,16.501710766543177,-23.107910450599086,False,True,False,True,False,0.0,0.0,0.0,0.0,0.0,0,0.9662516382699867,1.0022935779816513,True,False,False,False,-0.09518193066365696,-0.04876307123685812,False,False,False,False,-77258.0,-32551.289067252383,False,False,False,False,4915.047158209317,True,False,False,False
2025-06-24 17:00:00+00:00,13.145,13.245,13.145,13.235,2213.0,,,,,,,,,,,,13.990744012873508,,,,,,,,,,,,,13.184326106594398,14.263716367877871,13.958011911518152,13.83852444097764,13.81844838421999,13.786902378075556,13.67199637085625,13.495628211578625,13.36308837555579,13.35625925593887,,13.958011911518152,13.67199637085625,,13.990744012873508,13.673690180319316,"rgba(239, 83, 80, 1.0)",0.6396827620282334,13.78644906539173,-0.8620664775196677,16.4530510356374,-23.288547615475963,False,True,False,True,False,0.0,0.0,0.0,0.0,0.0,0,0.9684244791666664,1.0022786458333333,False,False,False,False,-0.09120730560024826,-0.0699851884185532,False,False,False,False,-75045.0,-33210.10629101591,False,False,False,False,4873.154954206071,False,False,False,False
2025-06-24 18:00:00+00:00,13.235,13.245,13.135,13.205,2347.0,,,,,,,,,,,,13.96233193373192,,,,,,,,,,,,,13.187504440497335,14.257430021587084,13.954535326473826,13.835839757593426,13.81589019002446,13.78454436538355,13.670289178018615,13.494716045153183,13.362645656490386,13.355836237466027,,13.954535326473826,13.670289178018615,,13.96233193373192,13.67192312186879,"rgba(239, 83, 80, 1.0)",0.6381342596455442,13.782341454353116,-0.9047335190462956,16.28212435684122,-23.937183238089503,False,True,False,True,False,0.0,0.0,0.0,0.0,0.0,0,0.9680025856496443,1.002262443438914,False,False,False,False,-0.09253185519338414,-0.08125852180596867,False,False,False,False,-77392.0,-33895.0968911552,False,False,False,False,4833.989761117605,False,False,False,False
2025-06-24 19:00:00+00:00,13.205,13.275,13.175,13.255,6982.0,,,,,,,,,,,,13.89249446469092,,,,,,,,,,,,,13.209814316469322,14.239846640852965,13.944912708476194,13.828474350803454,13.808884924891316,13.778107878167706,13.665703404889474,13.492392733946016,13.361653286180571,13.354900567530674,,13.944912708476194,13.665703404889474,,13.89249446469092,13.668469081220769,"rgba(239, 83, 80, 1.0)",0.6355108465133145,13.772193744305515,-0.8138236304589622,17.442030608866986,-23.937183238089503,False,True,False,True,False,0.0,0.0,0.0,0.0,0.0,0,0.9707771355170198,1.0003211303789337,False,False,False,False,-0.08326654227363839,-0.08226253203980352,False,False,False,False,-70410.0,-34461.2194199745,False,False,False,False,4867.292245441363,False,False,False,False
2025-06-25 14:00:00+00:00,13.205,13.32,13.175,13.255,5690.0,,,,,,,,,,,,13.8458674191697,,,,,,,,,,,,,13.22093898997762,14.226165427018655,13.937420735974374,13.822752487456246,13.80344568811137,13.773114717823454,13.6621647519896,13.490638425294064,13.360950329215736,13.354242752529087,,13.937420735974374,13.6621647519896,,13.8458674191697,13.66518343053902,"rgba(239, 83, 80, 1.0)",0.6325859411755897,13.76445131683289,-0.8053472005497486,18.21530144355083,-23.937183238089503,False,True,False,True,False,0.0,0.0,0.0,0.0,0.0,0,0.9710467706013362,0.9974546611517656,False,False,False,False,-0.07731789188024678,-0.07979021196002514,False,False,False,False,-70410.0,-35018.564855323726,False,False,False,False,4880.047404426768,False,False,False,False
2025-06-25 15:00:00+00:00,13.255,13.31,13.25,13.275,1425.0,,,,,,,,,,,,13.835736690467247,,,,,,,,,,,,,13.224660130124208,14.222895861625442,13.93564597241985,13.821407200667734,13.802168916659275,13.771945913836785,13.661348221065754,13.490254308805179,13.360820268842563,13.354123726295175,,13.93564597241985,13.661348221065754,,13.835736690467247,13.664527052034197,"rgba(239, 83, 80, 1.0)",0.63026586696655,13.762732530612908,-0.7738520458998505,19.33253833704417,-23.937183238089503,False,True,False,True,False,0.0,0.0,0.0,0.0,0.0,0,0.9759112519809824,0.9980982567353406,False,False,False,False,-0.06873491768802183,-0.07426256482402349,False,False,False,False,-68985.0,-35545.176252915604,False,False,False,False,4826.480778001546,False,False,False,False
2025-06-25 16:00:00+00:00,13.275,13.345,13.265,13.285,1000.0,,,,,,,,,,,,13.829088127345461,,,,,,,,,,,,,13.227866240190318,14.220663163495535,13.93444394253457,13.820501724143902,13.801310704803695,13.77116209201166,13.660807100757536,13.490010943277554,13.360751313099877,13.354062404626365,,13.93444394253457,13.660807100757536,,13.829088127345461,13.664157962894103,"rgba(239, 83, 80, 0.75)",0.6273175194989409,13.761618718010505,-0.7597726879861344,20.40408275134805,-23.937183238089503,False,True,False,True,True,0.0,0.0,0.0,0.0,0.0,0,0.9840153452685421,0.9958439897698208,False,False,False,False,-0.06213956919676519,-0.06820106701039434,False,False,False,False,-67985.0,-36048.11925674637,False,False,False,False,4767.1554946216775,False,False,False,False
2025-06-25 17:00:00+00:00,13.285,13.305,13.215,13.215,500.0,,,,,,,,,,,,13.825497274478465,,,,,,,,,,,,,13.228231114329116,14.219486534443151,13.933794377959552,13.820004038548683,13.800837310123855,13.770727056754886,13.660497424622926,13.489855698557363,13.360687481227481,13.354002499911196,,13.933794377959552,13.660497424622926,,13.825497274478465,13.663812353647822,"rgba(239, 83, 80, 0.75)",0.626811429033965,13.760944535695836,-0.8709868876150525,20.445075265699316,-23.937183238089503,False,True,False,True,True,0.0,0.0,0.0,0.0,0.0,0,0.9824505424377791,0.9932992980216974,False,False,False,False,-0.07401547109113366,-0.071108269050764,False,False,False,False,-68485.0,-36551.01663261077,False,False,False,False,4700.998045092659,False,False,False,False
2025-06-25 18:00:00+00:00,13.215,13.235,13.135,13.205,2700.0,,,,,,,,,,,,13.805131421317787,,,,,,,,,,,,,13.224459999745342,14.212836385886122,13.930037804862046,13.817083440929078,13.798050883541485,13.7681531796269,13.658619480816188,13.488838903679154,13.360185653957398,13.353522426275015,,13.930037804862046,13.658619480816188,,13.805131421317787,13.661178815931873,"rgba(239, 83, 80, 0.75)",0.6264715073725088,13.756755791068425,-0.8807356513028823,20.375277872761313,-23.937183238089503,False,True,False,True,True,0.0,0.0,0.0,0.0,0.0,0,0.9754777070063692,1.0003184713375795,False,False,False,False,-0.09385672862399648,-0.08248249883738024,False,False,False,False,-71185.0,-37087.97761505091,False,False,False,False,4669.974819587345,False,False,False,False
2025-06-25 19:00:00+00:00,13.205,13.21,13.165,13.185,6459.0,,,,,,,,,,,,13.760986123543564,,,,,,,,,,,,,13.216980768837958,14.197195385752938,13.921143888370233,13.810150688616588,13.791433321882131,13.762035150476574,13.65414002883102,13.486393956438349,13.358961914713646,13.352350299488027,,13.921143888370233,13.65414002883102,,13.760986123543564,13.655078540340748,"rgba(239, 83, 80, 0.75)",0.6261226529815148,13.74715762620634,-0.8978394624909634,20.119982938543217,-24.66055220934202,False,True,False,True,True,0.0,0.0,0.0,0.0,0.0,0,0.9755011135857459,1.0012726694241167,False,False,False,False,-0.09319425113094469,-0.08783837498416247,False,False,False,False,-77644.0,-37716.753155902836,False,False,False,False,4697.711644089867,False,False,False,False
2025-06-26 14:00:00+00:00,13.26,13.375,13.245,13.36,597.0,,,,,,,,,,,,13.75813948722453,,,,,,,,,,,,,13.218951055614061,14.195970696057008,13.920487211653928,13.809659749223552,13.790968813546458,13.7616121744121,13.65385299670833,13.486274591046326,13.358940876611978,13.352333634039988,,13.920487211653928,13.65385299670833,,13.75813948722453,13.654905179891372,"rgba(239, 83, 80, 0.75)",0.6228959683505917,13.74661188189521,-0.6206684607687333,26.207335281116066,-28.993125754454763,False,True,False,True,True,0.0,0.0,0.0,0.0,0.0,0,0.9751024267254963,0.9940119760479039,False,False,False,False,-0.06082116540623886,-0.07432977019520066,False,False,False,False,-77047.0,-38326.52442480357,False,False,False,False,4634.134719375295,False,False,False,False
2025-06-26 15:00:00+00:00,13.365,13.415,13.325,13.325,1501.0,,,,,,,,,,,13.355,13.751603878874286,,,,,,,,,,,,,13.224829955473668,14.193006569482467,13.918921033888486,13.808501955262244,13.789876039452292,13.76062137441179,13.65319584978355,13.486028400650197,13.358934432599154,13.35233797692887,,13.918921033888486,13.65319584978355,,13.553301939437144,13.654625358793272,"rgba(239, 83, 80, 0.75)",0.6210133247761948,13.738841076625125,-0.6663964525628633,29.62690934845494,-25.69532820983882,False,True,False,True,True,0.0,0.0,0.0,0.0,0.0,0,0.978028876333961,0.9927809165097299,False,False,False,False,-0.045015467677692246,-0.05967261893644646,False,False,False,False,-78548.0,-38950.11319341126,False,False,False,False,4585.558987291957,False,False,False,False
2025-06-26 16:00:00+00:00,13.325,13.385,13.315,13.375,550.0,,,,,,,,,,,13.355893872907524,13.74928150645465,,,,,,,,,,,,,13.226910861720416,14.191929970826058,13.918352700318032,13.808082295877579,13.789480051430665,13.760262504419813,13.652958462938429,13.485940711024874,13.358934072657908,13.352341552923413,,13.918352700318032,13.652958462938429,,13.552587689681086,13.654519318413719,"rgba(239, 83, 80, 0.75)",0.6181622356223192,13.738448612072887,-0.5879502032455831,33.479476739959665,-22.093065029695495,False,True,False,True,True,0.0,0.0,0.0,0.0,0.0,0,0.9766340385222607,0.9993684875276284,False,False,False,False,-0.05028114779312557,-0.05497688336478601,False,False,False,False,-77998.0,-39555.50678731186,False,False,False,False,4522.992181287431,False,False,False,False
2025-06-26 17:00:00+00:00,13.375,13.375,13.25,13.265,9463.0,,,,,,,,,,,13.307216866423486,13.707535948667967,,,,,,,,,,,,,13.241662011069147,14.17249331032958,13.907694427384246,13.80000899160561,13.781820490457907,13.753254561332048,13.648090641729759,13.483730518446855,13.358299091518768,13.351776000131673,,13.907694427384246,13.648090641729759,,13.507376407545728,13.64988300440056,"rgba(239, 83, 80, 0.75)",0.6186277825424328,13.7266563814118,-0.7462587268785228,33.916240736829316,-21.6372704569979,False,True,False,True,True,0.0,0.0,0.0,0.0,0.0,0,0.9715279974691553,1.006959822840873,False,False,False,False,-0.06016204297922541,-0.05756946317200571,False,False,False,False,-87461.0,-40298.227612314775,False,False,False,False,4599.581449794602,False,False,False,False
2025-06-26 18:00:00+00:00,13.265,13.275,13.19,13.235,5473.0,,,,,,,,,,,13.283412511528425,13.683521524031597,,,,,,,,,,,,,13.240754383868955,14.160847015026821,13.901073484739763,13.79488201489671,13.776933989778385,13.748748420372525,13.64483901087856,13.482050779039575,13.357566378697108,13.351084209672562,,13.901073484739763,13.64483901087856,,13.483467017780011,13.645877968697096,"rgba(239, 83, 80, 0.75)",0.6191123622713015,13.719239766158694,-0.7821516669158278,33.680072729895954,-21.6372704569979,False,True,False,True,True,0.0,0.0,0.0,0.0,0.0,0,0.965506329113924,1.011392405063291,False,False,False,False,-0.08128302612659118,-0.06942624464929845,False,False,False,False,-92934.0,-41114.28609894556,False,False,False,False,4613.122822666004,False,False,False,False
2025-06-26 19:00:00+00:00,13.235,13.28,13.225,13.265,2605.0,,,,,,,,,,,13.279856318905678,13.673474749573842,,,,,,,,,,,,,13.241539048844972,14.155541473607697,13.898076083171887,13.792574210815667,13.77473712861444,13.74672680337853,13.643395910695784,13.481333424968843,13.35728557382525,13.350822454247886,,13.898076083171887,13.643395910695784,,13.47666553423976,13.644203211217095,"rgba(239, 83, 80, 0.75)",0.6182934447200762,13.71636447388217,-0.7300165928275658,34.60618753749768,-20.480669544393198,False,True,False,True,True,0.0,0.0,0.0,0.0,0.0,0,0.9686510449651677,1.0085497150094995,False,False,False,False,-0.07599672559630545,-0.07271148512280196,False,False,False,False,-90329.0,-41877.30491911694,False,False,False,False,4581.989135492888,False,False,False,False
2025-06-27 14:00:00+00:00,13.3,13.32,13.255,13.295,776.0,,,,,,,,,,,13.280242782796545,13.670804801382936,,,,,,,,,,,,,13.242240608423659,14.154031191560321,13.897234696988878,13.79193308586853,13.774128166315904,13.746168537685797,13.643004973755563,13.48115218935691,13.357229838470074,13.350772265955493,,13.897234696988878,13.643004973755563,,13.47552379208974,13.643789555438113,"rgba(239, 83, 80, 0.75)",0.6166611127093731,13.715663587383219,-0.682163312576958,36.3230766225107,-18.568186510943963,False,True,False,True,True,0.0,0.0,0.0,0.0,0.0,0,0.97459510955859,1.0047634169577642,False,False,False,False,-0.06675571217751244,-0.0697335986501572,False,False,False,False,-89553.0,-42616.462982386445,False,False,False,False,4522.981551996874,False,False,False,False
2025-06-27 15:00:00+00:00,13.295,13.34,13.115,13.18,4700.0,,,,,,,,,,,13.267385444923143,13.65222645510845,,,,,,,,,,,,13.211666666666668,13.239775940631986,14.144176125048666,13.89153699567891,13.787484075636511,13.769880786739504,13.7422405829642,13.640134198171765,13.479614955935087,13.356503192202338,13.35008050803969,,13.89153699567891,13.640134198171765,,13.459805950015795,13.60119036615594,"rgba(239, 83, 80, 0.75)",0.6150671976765563,13.693936208547836,-0.8355773328333115,35.04364008373247,-18.568186510943963,False,True,False,True,True,0.0,0.0,0.0,0.0,0.0,0,0.966771159874608,0.9971786833855797,True,False,False,False,-0.08260529835564676,-0.07616944850290197,False,False,False,False,-94253.0,-43417.0294477758,False,False,False,False,4525.726024058938,False,False,False,False
2025-06-27 16:00:00+00:00,13.18,13.205,13.15,13.2,2759.0,,,,,,,,,,,13.259217067356644,13.6413859432246,,,,,,,,,,,,13.20180296733253,13.237300967322833,14.138323713355618,13.888106757818914,13.78478456468229,13.767299545662251,13.739847022814246,13.638362943225646,13.478631712219538,13.356002089440329,13.349600008228869,,13.888106757818914,13.638362943225646,,13.450301505290621,13.598187481100279,"rgba(239, 83, 80, 0.75)",0.613600964914641,13.689864150647205,-0.7983431882564778,34.96825617068406,-18.568186510943963,False,True,False,True,True,0.0,0.0,0.0,0.0,0.0,0,0.9759493670886076,1.0050632911392403,False,False,False,False,-0.09584465640490344,-0.08600705245390271,False,False,False,False,-91494.0,-44162.408836182374,False,False,False,False,4498.334922910737,False,False,False,False
2025-06-27 17:00:00+00:00,13.195,13.265,13.175,13.255,1915.0,,,,,,,,,,,13.257443177997445,13.634892312488278,,,,,,,,,,,,13.207903776402816,13.237129639921456,14.134500211774665,13.885902103666288,13.78306971616187,13.765663794597343,13.738336442974308,13.63726732981082,13.478060951472948,13.355750445384121,13.349362228630605,,13.885902103666288,13.63726732981082,,13.44616774524286,13.597540603708842,"rgba(239, 83, 80, 0.75)",0.6149732873419612,13.688151908093989,-0.7043426389561701,37.01621909910404,-17.21286735035875,False,True,False,True,True,0.0,0.0,0.0,0.0,0.0,0,0.9756560227631995,1.0012646221941193,False,False,False,False,-0.08458924866719204,-0.08529815056054738,False,False,False,False,-89579.0,-44866.542032520636,False,False,False,False,4458.283218679563,False,False,False,False
2025-06-27 18:00:00+00:00,13.255,13.275,13.22,13.225,700.0,,,,,,,,,,,13.257042080021023,13.632617736927568,,,,,,,,,,,,13.210134008338297,13.237161193732957,14.13312344940658,13.885110134087704,13.782454962676429,13.76507765267968,13.737795556541018,13.636876514287,13.477860010128902,13.35566487518222,13.349281688071255,,13.885110134087704,13.636876514287,,13.444829908474295,13.597321822284732,"rgba(239, 83, 80, 0.5)",0.6178941861073459,13.687559669904894,-0.7486066066084249,37.614874635890935,-16.399028883721158,False,False,False,True,True,0.0,0.0,0.0,0.0,0.0,0,0.9778691116029087,0.9999999999999997,False,False,False,False,-0.07731789188024678,-0.08130802122039707,False,False,False,False,-90279.0,-45570.61114829551,False,False,False,False,4400.015261800811,False,False,False,False
2025-06-27 19:00:00+00:00,13.225,13.225,13.17,13.19,5387.0,,,,,,,,,,,13.247713863071814,13.614042732012242,,,,,,,,,,,,13.204860940430764,13.233872615738061,14.122141648521822,13.878659085308927,13.77738152952323,13.760227372395542,13.733299247549926,13.633556321771744,13.476034477181539,13.354755996348388,13.348412214941,,13.878659085308927,13.633556321771744,,13.430878297542028,13.593018313610086,"rgba(239, 83, 80, 0.5)",0.6213833158568544,13.681064242447425,-0.7902758730660061,37.12901741168437,-16.399028883721158,False,False,False,True,True,0.0,0.0,0.0,0.0,0.0,0,0.9753632343651295,1.001579279848389,False,False,False,False,-0.09054515075350142,-0.08592658598694924,False,False,False,False,-95666.0,-46347.28384367077,False,False,False,False,4415.317350765139,False,False,False,False
2025-06-30 14:00:00+00:00,13.26,13.275,13.175,13.185,1078.0,,,,,,,,,,,13.246660976689157,13.610653785753911,,,,,,,,,,,,13.205304532720643,13.233531336431811,14.120013817105454,13.877413730890026,13.776405536235082,13.759294997627077,13.732435996630837,13.632922918224766,13.47569349007408,13.354594198505202,13.348258173609118,,13.877413730890026,13.632922918224766,,13.428657381221534,13.592351702550372,"rgba(239, 83, 80, 0.5)",0.6258698595403959,13.679950418191723,-0.7908200253566876,36.67405621092412,-16.399028883721158,False,False,False,True,True,0.0,0.0,0.0,0.0,0.0,0,0.9757785467128027,0.9981126140295687,False,False,False,False,-0.08326654227363839,-0.08459656413029382,False,False,False,False,-96744.0,-47128.628280203004,False,False,False,False,4363.575996489711,False,False,False,False
2025-06-30 15:00:00+00:00,13.185,13.215,13.145,13.185,399.0,,,,,,,,,,,13.245965841062207,13.609320635242074,,,,,,,,,,,,13.204747707324755,13.233237975078325,14.119202834823952,13.876933248407495,13.776026000682402,13.758931839883523,13.732098841101344,13.632672297077844,13.475553188291748,13.354521854586082,13.348188743152614,,13.876933248407495,13.632672297077844,,13.42764323815214,13.592010411855462,"rgba(239, 83, 80, 0.5)",0.6313038702373129,13.679459184763882,-0.7832348383639874,36.37074874375062,-16.399028883721158,False,False,False,True,True,0.0,0.0,0.0,0.0,0.0,1,0.97458424850957,1.0009413241292748,False,False,False,False,-0.09518193066365696,-0.08988924739697539,False,False,False,False,-96744.0,-47897.858849502176,False,False,False,False,4302.10970197049,False,False,False,False
2025-06-30 16:00:00+00:00,13.185,13.235,13.175,13.225,200.0,,,,,,,,,,,13.245782941396044,13.60870216135789,,,,,,,,,,,,13.204828451394564,13.23317698835659,14.118809845488085,13.876703036028506,13.775845532744945,13.758759428914674,13.731939198595494,13.632555126492441,13.475490085775021,13.354491904371047,13.348160228608583,,13.876703036028506,13.632555126492441,,13.427242551376967,13.591887256979085,"rgba(239, 83, 80, 0.5)",0.635674515841341,13.679254483072308,-0.7146023188786856,38.29214783738342,-14.812703593916787,False,False,False,True,True,0.0,0.0,0.0,0.0,0.0,0,0.9819905213270141,0.9981042654028435,False,False,False,False,-0.08855915887439969,-0.08922420313568755,False,False,False,False,-96544.0,-48652.06258826958,False,False,False,False,4238.51110193994,False,False,False,False
2025-06-30 17:00:00+00:00,13.225,13.235,13.195,13.195,100.0,,,,,,,,,,,13.245683357265685,13.608391055129044,,,,,,,,,,,,13.20484878369494,13.233141918757031,14.1186127568658,13.876587412934203,13.775754809178201,13.758672739175585,13.731858902893283,13.63249610186628,13.475458147334324,13.354476584585099,13.348145627732565,,13.876587412934203,13.63249610186628,,13.427037206197365,13.59182307136521,"rgba(239, 83, 80, 0.5)",0.6402927117785971,13.67914999846642,-0.7561385434507811,38.48852848201091,-14.437955325362672,False,False,False,True,True,0.0,0.0,0.0,0.0,0.0,0,0.9863318499682137,0.9980928162746343,False,False,False,False,-0.08591225040951772,-0.08756822677260263,False,False,False,False,-96644.0,-49396.12363341269,False,False,False,False,4174.348139119165,False,False,False,False
2025-06-30 18:00:00+00:00,13.195,13.235,13.185,13.205,100.0,,,,,,,,,,,13.245584301349034,13.608080432014413,,,,,,,,,,,,13.204868881454995,13.233106948027237,14.118415753551636,13.876471829836888,13.775664114613301,13.758586076738716,13.731778631814214,13.632437093662762,13.475426216529161,13.354461268010338,13.34813102990551,,13.876471829836888,13.632437093662762,,13.426832366681722,13.591758894922249,"rgba(239, 83, 80, 0.5)",0.6451407975385538,13.67904559438161,-0.734794011152705,39.19279387160759,-13.572901843117677,False,False,False,True,True,0.0,0.0,0.0,0.0,0.0,1,0.9888392857142858,0.9926658163265305,False,False,False,False,-0.09884831206691728,-0.09320826941975996,False,False,False,False,-96544.0,-50127.09846080164,False,False,False,False,4111.179950915767,False,False,False,False
2025-06-30 19:00:00+00:00,13.205,13.225,13.185,13.215,2405.0,,,,,,,,,,,13.243350784905221,13.600752583265372,,,,,,,,,,,,13.205290904793262,13.232294626382718,14.11370337676653,13.87370405042912,13.773491610208396,13.75651003566855,13.729855499983197,13.631022875431846,13.474660573546336,13.35409386904687,13.347780868099887,,13.87370405042912,13.631022875431846,,13.422051684085297,13.590218935486973,"rgba(239, 83, 80, 0.5)",0.6496789089117154,13.676558604780507,-0.7104411093684244,40.26992735513869,-12.389949500055756,False,False,False,True,True,0.0,0.0,0.0,0.0,0.0,1,0.9843200000000001,0.9974399999999998,False,False,False,False,-0.10379381957922351,-0.09850104449949174,False,False,False,False,-94139.0,-50809.45352342487,False,False,False,False,4084.727548575988,False,False,False,False
2025-07-01 14:00:00+00:00,13.26,13.275,13.21,13.235,500.0,,,,,,,,,,,13.243309530258633,13.599382952281882,,,,,,,,,,,,13.206148215844161,13.232346798291942,14.112763846114133,13.873158754170507,13.773067224038584,13.756105211071628,13.729481622709137,13.630751980786771,13.474520807945561,13.35403426236291,13.347724771148345,,13.873158754170507,13.630751980786771,,13.421346241270257,13.590009408589424,"rgba(239, 83, 80, 0.5)",0.6539099312582967,13.676144176289458,-0.6746252888996199,42.227618371225894,-10.453908441269775,True,False,False,True,True,0.0,0.0,0.0,0.0,0.0,1,0.983989753442203,0.9948767211015047,False,False,False,False,-0.09392851938604957,-0.09621478194277065,False,False,False,False,-93639.0,-51473.47749980588,False,False,False,False,4029.150377280236,False,False,False,False
2025-07-01 15:00:00+00:00,13.235,13.315,13.235,13.315,686.0,,,,,,,,,,,13.244057437586264,13.597771113612273,,,,,,,,,,,,13.208842037364425,13.23286210397324,14.111549297690265,13.872469127632144,13.772538757626371,13.755602741706584,13.7290201508211,13.630426820743315,13.474368784703003,13.353987202886232,13.347682390702534,,13.872469127632144,13.630426820743315,,13.42091427559927,13.589940855986294,#000000,0.6568324069432344,13.675773822814183,-0.5492631286162503,47.575591303976154,-5.54732770196749,True,False,False,False,True,0.0,0.0,0.0,0.0,0.0,0,0.984969619443556,0.9920051167252956,False,False,False,False,-0.15790973598397115,-0.1270622589633709,False,False,False,False,-92953.0,-52116.57087190191,False,False,False,False,3977.3185884851937,False,False,False,False
2025-07-01 16:00:00+00:00,13.315,13.335,13.285,13.315,1400.0,,,,,,,,,,,13.2462742893724,13.594777114182422,,,,,,,,,,,,13.215289011300701,13.234315066989765,14.109151639853199,13.871122778587553,13.771515622183706,13.754631675543871,13.728131067517973,13.629810272755366,13.474098118782663,13.353925430228266,13.347630017906997,,13.871122778587553,13.629810272755366,,13.42052570177741,13.589965518331825,"rgba(38, 166, 154, 1.0)",0.659820457424645,13.675183818803442,-0.5458815572485898,51.14090659247633,-2.4961181858862957,True,False,True,False,True,0.0,0.0,0.0,0.0,0.0,0,0.984323971260614,0.9960809928151532,False,False,False,False,-0.1464620888946146,-0.13676217392899276,False,False,False,False,-92953.0,-52749.69380412048,False,False,False,False,3937.360160756741,False,False,False,False
2025-07-01 17:00:00+00:00,13.315,13.325,13.285,13.3,200.0,,,,,,,,,,,13.24654031750472,13.594342068272345,,,,,,,,,,,,13.216070620089663,13.234496379095958,14.108806723252584,13.87092811348247,13.771367188676521,13.754490695256438,13.72800182946246,13.629720087125747,13.474057545752078,13.353914882978819,13.347620817721614,,13.87092811348247,13.629720087125747,,13.420441192888532,13.589952262081304,"rgba(38, 166, 154, 1.0)",0.6634328414656349,13.67508656448382,-0.5653723196084021,52.5324172184389,-1.4273053257336201,True,False,True,False,True,0.0,0.0,0.0,0.0,0.0,0,0.983633387888707,0.997054009819967,False,False,False,False,-0.14809506701471167,-0.14242862047185223,False,False,False,False,-93153.0,-53376.10165211861,False,False,False,False,3879.4165923729156,False,False,False,False
2025-07-01 18:00:00+00:00,13.3,13.325,13.285,13.325,501.0,,,,,,,,,,,13.247292156320567,13.593289003400654,,,,,,,,,,,,13.218150238818934,13.23500089169592,14.10795292763661,13.87044821367095,13.771002388600607,13.754144442016658,13.727684779144608,13.629500153206571,13.47396095176583,13.353892831084526,13.347602121397372,,13.87044821367095,13.629500153206571,,13.42029057986061,13.589939994458053,"rgba(38, 166, 154, 1.0)",0.6665157486836104,13.67486384937761,-0.5249146026460786,54.75380702476099,0.5238078316048274,True,False,True,False,True,0.0,0.0,0.0,0.0,0.0,0,0.9806430446194225,0.9999999999999997,False,False,False,False,-0.14809506701471167,-0.14526184374328194,False,False,False,False,-92652.0,-53985.03030867491,False,False,False,False,3827.0380405531805,False,False,False,False
2025-07-01 19:00:00+00:00,13.325,13.345,13.315,13.34,7254.0,,,,,,,,,,,13.259614329147912,13.579984748855873,,,,,,,,,,,,13.245740324924054,13.243504039163797,14.09612348748479,13.863856776714794,13.766030699075769,13.749433579121296,13.723384011658647,13.626564250047146,13.47276014102081,13.353738618428828,13.347495492117254,,13.863856776714794,13.626564250047146,,13.419799539001893,13.589875583614289,"rgba(38, 166, 154, 1.0)",0.6691672786731855,13.672034322637069,-0.4961903147676643,56.98798207027314,2.5307882849424743,True,False,True,False,True,0.0,0.0,0.0,0.0,0.0,0,0.9816031537450722,0.9980289093298288,False,False,False,False,-0.13993783622963826,-0.1425998399864601,False,False,False,False,-85398.0,-54472.053094586925,False,False,False,False,3880.1692337228983,False,False,False,False
2025-07-02 14:00:00+00:00,13.335,13.355,13.275,13.345,1906.0,,,,,,,,,,,13.261985520758019,13.576601377943621,,,,,,,,,,,,13.250433364398884,13.245314575004178,14.093041677587543,13.862124834109315,13.764718263459962,13.748188798617202,13.722245684599882,13.625780818949066,13.472429365558483,13.353682090423522,13.34745140838819,,13.862124834109315,13.625780818949066,,13.419293449350821,13.589582807372386,"rgba(38, 166, 154, 1.0)",0.6704109940185424,13.671106781127824,-0.48642815233844977,58.73882817034727,4.139432987430737,True,False,True,False,True,0.0,0.0,0.0,0.0,0.0,0,0.9854929113089351,0.9963732278272335,False,False,False,False,-0.15624046182942497,-0.14942015090794253,False,False,False,False,-83492.0,-54921.97475203519,False,False,False,False,3849.561958781458,False,False,False,False
2025-07-02 15:00:00+00:00,13.345,13.5,13.335,13.475,2400.0,,,,,,,,,,,13.269613795989663,13.574301774351111,,,,,,,,,,,,13.26335501590055,13.25052184791688,14.089755112330437,13.860409884936622,13.763493603902363,13.747042601194764,13.721221873012981,13.625164202686692,13.472328841005073,13.35388711653831,13.347671012249746,,13.860409884936622,13.625164202686692,,13.421957785170388,13.59044101015222,"rgba(38, 166, 154, 1.0)",0.6690252557212032,13.671135775557914,-0.29316647448007344,64.60185012797649,9.509119662158746,True,False,True,False,True,0.0,0.0,0.0,0.0,0.0,0,0.9823413996075867,0.9879005886200127,False,False,False,False,-0.12205229614297945,-0.135736223525461,False,False,False,False,-81092.0,-55327.711577585025,False,False,False,False,3827.088129963141,False,False,False,False
2025-07-02 16:00:00+00:00,13.475,13.505,13.435,13.505,1930.0,,,,,,,,,,,13.27680796770262,13.573093550218283,,,,,,,,,,,,13.274892296458564,13.255471855131322,14.087316415408637,13.859186171159632,13.762650075007777,13.746259721500413,13.720533228375231,13.624788932369649,13.472349900750523,13.354140487719343,13.34793572739999,,13.859186171159632,13.624788932369649,,13.424950758960453,13.591411346480099,"rgba(38, 166, 154, 1.0)",0.6683539144457694,13.671463216635726,-0.24906447473082263,69.20731802447004,13.54201540657887,True,False,True,False,True,0.0,0.0,0.0,0.0,0.0,0,0.9862023653088042,0.9947437582128773,False,False,False,False,-0.10465552716904221,-0.1201958753472516,False,False,False,False,-79162.0,-55697.23542909534,False,False,False,False,3797.675910893945,False,False,False,False
2025-07-02 17:00:00+00:00,13.51,13.62,13.505,13.615,2005.0,,,,,,,,,,13.579999999999998,13.287130077711556,13.573185879356444,,,,,,,,,,,,13.290771360588366,13.262534625738104,14.085211564062762,13.858252206015667,13.762083906000624,13.745751739113873,13.720114790867223,13.624667579721091,13.472601530807143,13.354604786579968,13.348411022172098,,13.858252206015667,13.624667579721091,,13.480105319022664,13.593182282878809,"rgba(38, 166, 154, 1.0)",0.6690083289049337,13.67161855004132,-0.0846305607794084,74.19840799021243,17.894162303135673,True,False,True,False,True,1.6937047468328075,0.0,0.0,0.0,0.0,0,0.9843085975809088,0.9892121608368744,False,False,False,False,-0.0741504847503221,-0.09717318004878685,False,False,False,False,-77157.0,-56029.944957326414,False,False,False,False,3769.8824859188453,False,False,False,False
2025-07-02 18:00:00+00:00,13.615,13.615,13.565,13.575,3453.0,,,,,,,,,,13.58316324661048,13.303627444690385,13.573451757130195,,,,,,,,,,,,13.314973835501139,13.274184147477008,14.081662725180099,13.856686941528876,13.761143586865144,13.744910304724428,13.719425479596026,13.624483343645478,13.473052187570877,13.35541757978295,13.349242598830143,,13.856686941528876,13.624483343645478,,13.486747482810353,13.595925702791105,"rgba(38, 166, 154, 1.0)",0.669410174692624,13.673481273236977,-0.14711648696137253,74.76266832584102,18.24524286840571,True,False,True,False,True,0.7077822645339289,0.0,0.0,0.0,0.0,0,0.9875938622265753,0.9895527260855366,False,False,False,False,-0.06511045386537165,-0.08114181695707925,False,False,False,False,-80610.0,-56411.03108201903,False,False,False,False,3764.9695791604136,False,False,False,False
2025-07-02 19:00:00+00:00,13.575,13.595,13.555,13.57,2178.0,,,,,,,,,,13.580359481403876,13.312731335110449,13.573450099607996,,,,,,,,,,,,13.32771744874234,13.280848975541893,14.079398081196302,13.855666829758263,13.760516648836656,13.744345688488133,13.718956876259487,13.624333935055171,13.473305157641798,13.355901408029544,13.349738312855882,,13.855666829758263,13.624333935055171,,13.488846972040774,13.597339032945952,"rgba(38, 166, 154, 1.0)",0.6692900501062287,13.674158695054265,-0.15562564397563192,74.7933235796812,18.397094562129794,True,False,True,False,True,0.5838466909953084,0.0,0.0,0.0,0.0,0,0.9888707037643207,0.9921440261865789,False,False,False,False,-0.07003996845064825,-0.07559089270386375,False,False,False,False,-82788.0,-56819.97633656137,False,False,False,False,3740.3653996385465,False,False,False,False
2025-07-03 14:00:00+00:00,13.52,13.575,13.435,13.505,2106.0,,,,,,,,,,13.564068466433998,13.318808444644555,13.572536077506404,,,,,,,,,,,,13.335787939705737,13.285575977569719,14.076934304438467,13.854450349732515,13.7596945473119,13.743586515493359,13.718295329806796,13.623997834374688,13.473382280105403,13.356220815638006,13.350069706475045,,13.854450349732515,13.623997834374688,,13.485137662861653,13.59799960005924,"rgba(38, 166, 154, 0.75)",0.66966307247052,13.673482604095673,-0.2515930936345443,70.65942232981904,18.397094562129794,True,False,True,False,False,0.0,0.0,0.0,0.0,0.0,0,0.9798373983739838,0.9921951219512191,False,False,False,False,-0.0930932882384446,-0.08434209047115418,False,False,False,False,-84894.0,-57255.23251738987,False,False,False,False,3715.026401194538,False,False,False,False
2025-07-03 15:00:00+00:00,13.505,13.535,13.445,13.525,890.0,,,,,,,,,,13.558844839478304,13.32121875,13.572138401657778,,,,,,,,,,,,13.338918921784867,13.287484773294956,14.075893417798886,13.85393391647326,13.759344187387672,13.743262670990436,13.71801263713733,13.623852403176985,13.473411335337053,13.356352371950898,13.350206325257993,,13.85393391647326,13.623852403176985,,13.484067330378693,13.598242996417303,"rgba(38, 166, 154, 0.75)",0.6696749379531448,13.673251505478556,-0.22137830920130366,68.5866157359065,18.397094562129794,True,False,True,False,False,0.0,0.0,0.0,0.0,0.0,0,0.9811932555123217,0.994487678339818,False,False,False,False,-0.09804531627070202,-0.09119370337092811,False,False,False,False,-84004.0,-57669.94209076367,False,False,False,False,3671.2275422612893,False,False,False,False
2025-07-03 16:00:00+00:00,13.525,13.525,13.485,13.52,1290.0,,,,,,,,,,13.553559665604205,13.324757884028484,13.571637084938544,,,,,,,,,,,,13.343474773956485,13.290297695461152,14.074413183904566,13.853205700986269,13.758854416637227,13.742810952219397,13.717619931284556,13.623656557197796,13.473465732679633,13.356553543668051,13.350414780244687,,13.853205700986269,13.623656557197796,,13.483318211523745,13.598615206203618,"rgba(38, 166, 154, 0.75)",0.6694748849819887,13.673055513334678,-0.22862024665614722,66.880504766413,23.26733858421065,True,False,True,False,False,0.0,0.0,0.0,0.0,0.0,0,0.9869621903520209,0.9967405475880048,False,False,False,False,-0.0930932882384446,-0.09214349580468635,False,False,False,False,-85294.0,-58098.22205834872,False,False,False,False,3634.309285792122,False,False,False,False
2025-07-03 17:00:00+00:00,13.52,13.52,13.52,13.52,0.0,,,,,,,,,,13.553559665604205,13.324757884028484,13.571637084938544,,,,,,,,,,,,13.343474773956485,13.290297695461152,14.074413183904566,13.853205700986269,13.758854416637227,13.742810952219397,13.717619931284556,13.623656557197796,13.473465732679633,13.356553543668051,13.350414780244687,,13.853205700986269,13.623656557197796,,13.483318211523745,13.598615206203618,"rgba(38, 166, 154, 0.75)",0.6658042281859547,13.673055513334678,-0.2298806568887253,65.74309745341732,21.931374914214473,True,False,True,False,False,0.0,0.0,0.0,0.0,0.0,0,1.0016539861065168,0.9913992722461127,False,False,False,False,-0.08814580869322602,-0.09014465224895618,False,False,False,False,-85294.0,-58519.862026436334,False,False,False,False,3577.963405392244,False,False,False,False
2025-07-03 18:00:00+00:00,13.52,13.52,13.52,13.52,0.0,,,,,,,,,,13.553559665604205,13.324757884028484,13.571637084938544,,,,,,,,,,,,13.343474773956485,13.290297695461152,14.074413183904566,13.853205700986269,13.758854416637227,13.742810952219397,13.717619931284556,13.623656557197796,13.473465732679633,13.356553543668051,13.350414780244687,,13.853205700986269,13.623656557197796,,13.483318211523745,13.598615206203618,"rgba(38, 166, 154, 0.75)",0.6617119348211187,13.673055513334678,-0.2313023315440936,64.9848259114202,20.87432335950487,True,False,True,False,False,0.0,0.0,0.0,0.0,0.0,0,0.9983383183781989,0.9843801927550677,False,False,False,False,-0.08866838078507408,-0.08940651651701513,False,False,False,False,-85294.0,-58934.96494075515,False,False,False,False,3522.4911045334497,False,False,False,False
2025-07-03 19:00:00+00:00,13.52,13.52,13.52,13.52,0.0,,,,,,,,,,13.553559665604205,13.324757884028484,13.571637084938544,,,,,,,,,,,,13.343474773956485,13.290297695461152,14.074413183904566,13.853205700986269,13.758854416637227,13.742810952219397,13.717619931284556,13.623656557197796,13.473465732679633,13.356553543668051,13.350414780244687,,13.853205700986269,13.623656557197796,,13.483318211523745,13.598615206203618,"rgba(38, 166, 154, 0.75)",0.656406625239021,13.673055513334678,-0.23317179847011,64.4793115500888,19.992561328247234,True,False,True,False,False,0.0,0.0,0.0,0.0,0.0,0,0.996671105193076,0.9830226364846867,False,False,False,False,-0.09450678888077717,-0.09195665269889615,False,False,False,False,-85294.0,-59343.632150975995,False,False,False,False,3467.8788393468844,False,False,False,False
2025-07-04 14:00:00+00:00,13.52,13.52,13.52,13.52,0.0,,,,,,,,,,13.553559665604205,13.324757884028484,13.571637084938544,,,,,,,,,,,,13.343474773956485,13.290297695461152,14.074413183904566,13.853205700986269,13.758854416637227,13.742810952219397,13.717619931284556,13.623656557197796,13.473465732679633,13.356553543668051,13.350414780244687,,13.853205700986269,13.623656557197796,,13.483318211523745,13.598615206203618,"rgba(38, 166, 154, 0.75)",0.6493729269058114,13.673055513334678,-0.23569740436203626,64.14230197586785,19.22792421156926,True,False,True,False,False,0.0,0.0,0.0,0.0,0.0,0,0.9963210702341138,0.9862876254180598,False,False,False,False,-0.09558641158122923,-0.09377153214006269,False,False,False,False,-85294.0,-59745.96343545698,False,False,False,False,3414.1132759461575,False,False,False,False
2025-07-04 15:00:00+00:00,13.52,13.52,13.52,13.52,0.0,,,,,,,,,,13.553559665604205,13.324757884028484,13.571637084938544,,,,,,,,,,,,13.343474773956485,13.290297695461152,14.074413183904566,13.853205700986269,13.758854416637227,13.742810952219397,13.717619931284556,13.623656557197796,13.473465732679633,13.356553543668051,13.350414780244687,,13.853205700986269,13.623656557197796,,13.483318211523745,13.598615206203618,"rgba(38, 166, 154, 0.75)",0.639929873691848,13.673055513334678,-0.23917544660273266,63.91762892638722,18.548611950436126,True,False,True,False,False,0.0,0.0,0.0,0.0,0.0,0,0.9943067649028802,0.984929671801741,False,False,False,False,-0.11964894517483603,-0.10671023865744936,False,False,False,False,-85294.0,-60142.057025604925,False,False,False,False,3361.1812871717984,False,False,False,False
2025-07-04 16:00:00+00:00,13.52,13.52,13.52,13.52,0.0,,,,,,,,,,13.553559665604205,13.324757884028484,13.571637084938544,,,,,,,,,,,,13.343474773956485,13.290297695461152,14.074413183904566,13.853205700986269,13.758854416637227,13.742810952219397,13.717619931284556,13.623656557197796,13.473465732679633,13.356553543668051,13.350414780244687,,13.853205700986269,13.623656557197796,,13.483318211523745,13.598615206203618,"rgba(38, 166, 154, 0.75)",0.6307605019425606,13.673055513334678,-0.2426523424712092,63.76784689340013,17.937599704328193,True,False,True,False,False,0.0,0.0,0.0,0.0,0.0,0,0.9932111337406653,0.9894772572980307,False,False,False,False,-0.11964894517483603,-0.11317959191614269,False,False,False,False,-85294.0,-60532.00962985911,False,False,False,False,3309.069949386189,False,False,False,False
2025-07-04 17:00:00+00:00,13.52,13.52,13.52,13.52,0.0,,,,,,,,,,13.553559665604205,13.324757884028484,13.571637084938544,,,,,,,,,,,,13.343474773956485,13.290297695461152,14.074413183904566,13.853205700986269,13.758854416637227,13.742810952219397,13.717619931284556,13.623656557197796,13.473465732679633,13.356553543668051,13.350414780244687,,13.853205700986269,13.623656557197796,,13.483318211523745,13.598615206203618,"rgba(38, 166, 154, 0.75)",0.6251103542215362,13.673055513334678,-0.24484558974436038,63.66799220474208,17.385753035701484,True,False,True,False,False,0.0,0.0,0.0,0.0,0.0,0,0.9945411122483794,0.9887410440122819,False,False,False,False,-0.11964894517483603,-0.11641426854548936,False,False,False,False,-85294.0,-60915.91645730315,False,False,False,False,3257.766539318186,False,False,False,False
2025-07-04 18:00:00+00:00,13.52,13.52,13.52,13.52,0.0,,,,,,,,,,13.553559665604205,13.324757884028484,13.571637084938544,,,,,,,,,,,,13.343474773956485,13.290297695461152,14.074413183904566,13.853205700986269,13.758854416637227,13.742810952219397,13.717619931284556,13.623656557197796,13.473465732679633,13.356553543668051,13.350414780244687,,13.853205700986269,13.623656557197796,,13.483318211523745,13.598615206203618,"rgba(38, 166, 154, 0.75)",0.6175207039604733,13.673055513334678,-0.24785486924252975,63.60142241230338,16.887854922088337,True,False,True,False,False,0.0,0.0,0.0,0.0,0.0,0,0.9965765148921603,0.9849366655255044,False,False,False,False,-0.11964894517483603,-0.1180316068601627,False,False,False,False,-85294.0,-61293.87124091085,False,False,False,False,3207.2585309566634,False,False,False,False
2025-07-04 19:00:00+00:00,13.52,13.52,13.52,13.52,0.0,,,,,,,,,,13.553559665604205,13.324757884028484,13.571637084938544,,,,,,,,,,,,13.343474773956485,13.290297695461152,14.074413183904566,13.853205700986269,13.758854416637227,13.742810952219397,13.717619931284556,13.623656557197796,13.473465732679633,13.356553543668051,13.350414780244687,,13.853205700986269,13.623656557197796,,13.483318211523745,13.598615206203618,"rgba(38, 166, 154, 0.75)",0.6081868785819842,13.673055513334678,-0.25165869032152427,63.55704255067758,16.44040562068207,True,False,True,False,False,0.0,0.0,0.0,0.0,0.0,0,0.9969104016477858,0.9838654308273252,False,False,False,False,-0.11964894517483603,-0.11884027601749936,False,False,False,False,-85294.0,-61665.9662604316,False,False,False,False,3157.5335924922188,False,False,False,False
2025-07-07 14:00:00+00:00,13.575,13.655,13.535,13.615,890.0,,,,,,,,,,13.556901472577792,13.328293735054997,13.571803307916527,,,,,,,,,,,,13.34813282115733,13.292989864153753,14.073561572854947,13.852838793439235,13.758641688740745,13.742622627799966,13.717469098541198,13.623630490818408,13.473597096984152,13.35677475928996,13.35064070906436,,13.852838793439235,13.623630490818408,,13.485666171849772,13.599172683894913,"rgba(38, 166, 154, 1.0)",0.5975260558230114,13.67356491298479,-0.09801231664136427,69.39959437018925,16.305275082493267,True,False,True,False,True,2.2129942420957853,0.0,0.0,0.0,0.0,0,0.9962495738152063,0.9761336515513122,False,False,False,False,-0.09298344309839103,-0.10591185955794519,False,False,False,False,-84404.0,-62018.49391530863,False,False,False,False,3122.378032918696,False,False,False,False
2025-07-07 15:00:00+00:00,13.615,13.645,13.585,13.635,600.0,,,,,,,,,,13.559798812009147,13.330797629208154,13.571988689642637,,,,,,,,,,,,13.351419697455206,13.294894592810804,14.073013441637329,13.852611691360222,13.758516831906785,13.742513924836837,13.717385158391393,13.623628922715483,13.473699311678907,13.356935829418946,13.350804908340944,,13.852611691360222,13.623628922715483,,13.487528376953312,13.599584028232078,"rgba(38, 166, 154, 1.0)",0.5838838817670887,13.67397724780535,-0.06675513577697718,73.94092437964545,20.381232883189128,True,False,True,False,True,2.798888106729329,0.0,0.0,0.0,0.0,0,1.0000000000000002,0.9761823749574681,False,False,False,False,-0.12040560743514624,-0.1131587334965457,False,False,False,False,-83804.0,-62356.25369956741,False,False,False,False,3083.271396749414,False,False,False,False
2025-07-07 16:00:00+00:00,13.635,13.705,13.575,13.665,500.0,,,,,,,,,,13.562980760015334,13.333040112994349,13.572224487190574,,,,,,,,,,,,13.35436340022208,13.296593245862772,14.072584607844913,13.852444593318962,13.758433199136523,13.742443444309407,13.717334777002275,13.623645350399112,13.473799714373758,13.357083410568464,13.350955045558292,,13.852444593318962,13.623645350399112,,13.489415120066752,13.599970980781507,"rgba(38, 166, 154, 1.0)",0.5712951699176063,13.674403501651117,-0.016459970513095716,77.80296346409528,23.701617505445626,True,False,True,False,True,3.677619434593705,0.0,0.0,0.0,0.0,0,0.9986329460013671,0.9798359535201635,False,False,False,False,-0.11400369106020712,-0.11358121227837642,False,False,False,False,-83304.0,-62681.024960039234,False,False,False,False,3043.220677419966,False,False,False,False
2025-07-07 17:00:00+00:00,13.665,13.675,13.625,13.645,900.0,,,,,,,,,,13.5681669142137,13.336997768479774,13.572645272525483,,,,,,,,,,,,13.35951755240396,13.299610028430298,14.071814885520542,13.852144504723485,13.75828297965235,13.742316844834527,13.717244275524841,13.623674865238954,13.47398014859264,13.35734868027128,13.351224911058338,,13.852144504723485,13.623674865238954,,13.492603318406319,13.600650879659202,"rgba(38, 166, 154, 1.0)",0.5580705983948694,13.675130861872162,-0.05399112936396498,77.53856111072258,23.701617505445626,True,False,True,False,True,3.0315707618286964,0.0,0.0,0.0,0.0,0,1.0006849315068493,0.9821917808219173,False,False,False,False,-0.11535478360852808,-0.11446799794345225,False,False,False,False,-84204.0,-63014.7144955425,False,False,False,False,3009.992449863067,False,False,False,False
2025-07-07 18:00:00+00:00,13.645,13.77,13.605,13.735,3903.0,,,,,,,,,,13.596355775224863,13.355909818393448,13.575705315487724,,,,,,,,,,,,13.383812166198968,13.314087803279493,14.0689382883964,13.851201717051689,13.757959759591397,13.742090741800222,13.717165598696216,13.624085728218075,13.475003813734242,13.358709882653525,13.352605183372866,,13.851201717051689,13.624085728218075,,13.509323636368677,13.604150971181191,"rgba(38, 166, 154, 1.0)",0.5442946340436058,13.679154957152013,0.10260075950613212,79.93087194897451,25.419876340373605,True,False,True,False,True,5.646551686701915,0.0,0.0,0.0,0.0,0,0.9952461799660443,0.9772495755517823,False,False,False,False,-0.10064685596527767,-0.10755742695436496,False,False,False,False,-80301.0,-63282.7189219682,False,False,False,False,3023.8375281597637,False,False,False,False
2025-07-07 19:00:00+00:00,13.735,13.735,13.705,13.71,5285.0,,,,,,,,,,13.62284923611111,13.379480681106383,13.580037253693387,,,,,,,,,,,,13.41287918594404,13.332731102991218,14.065253431503521,13.850057389313323,13.75763346351246,13.741892625794971,13.71716180672698,13.624727839734451,13.476455566467669,13.36060674318407,13.354527435628198,,13.850057389313323,13.624727839734451,,13.527455723636962,13.6085387809819,"rgba(38, 166, 154, 1.0)",0.529776189358133,13.68378766107804,0.049478137086002516,78.8484190120941,25.419876340373605,True,False,True,False,True,4.824434410237309,0.0,0.0,0.0,0.0,0,1.0027146250424162,0.9776043434000675,False,False,False,False,-0.09042290507341713,-0.09899016601389105,False,False,False,False,-85586.0,-63628.50622550357,False,False,False,False,3058.8943106689144,False,False,False,False
2025-07-08 14:00:00+00:00,13.72,13.805,13.675,13.795,5828.0,,,,,,,,,,13.649321051808144,13.404942571151803,13.585881448652623,,,,,,,,,,,,13.44322383493097,13.353409628376031,14.061753480748667,13.849205038833226,13.757639509375228,13.742032698485096,13.717503999056863,13.625741935063749,13.478310595042364,13.362917389797513,13.356864988827311,,13.849205038833226,13.625741935063749,,13.546715023870858,13.613509372594274,"rgba(38, 166, 154, 1.0)",0.5148391072037158,13.68901258968016,0.2058651117151854,80.19524707761789,25.640100833170266,True,False,True,False,True,7.2215685002689085,0.0,0.0,0.0,0.0,0,1.0013508949679164,0.9750084430935491,False,False,False,False,-0.0825652596923007,-0.09077771285309588,False,False,False,False,-79758.0,-63878.575896425995,False,False,False,False,3101.826181821334,False,False,False,False
2025-07-08 15:00:00+00:00,13.795,13.865,13.785,13.845,1200.0,,,,,,,,,,13.65637322203601,13.410767095864232,13.587529152374463,,,,,,,,,,,,13.450124578077812,13.358146761754615,14.061214502163228,13.84917154570005,13.75777094769549,13.742189664666416,13.717699035839145,13.626063261511252,13.47878875802901,13.36347744652238,13.357430245182313,,13.84917154570005,13.626063261511252,,13.551556490091569,13.614734249740154,"rgba(38, 166, 154, 1.0)",0.4994687538135379,13.690382315469236,0.3095642787466271,81.94724361423674,27.406810220418578,True,False,True,False,True,8.583352906693342,0.0,0.0,0.0,0.0,0,1.006734006734007,0.9713804713804709,False,False,False,False,-0.04927175581727676,-0.07002473433518633,False,False,False,False,-78558.0,-64106.163867024035,False,False,False,False,3072.340504583794,False,False,False,False
2025-07-08 16:00:00+00:00,13.845,13.885,13.825,13.885,2000.0,,,,,,,,,,13.669006549997981,13.420870590328748,13.590595094713503,,,,,,,,,,,,13.462055199286823,13.366378172595702,14.060451426901011,13.849221765346956,13.758087327579844,13.742547062098883,13.718117262699925,13.626683047352241,13.47965783587463,13.364474151588409,13.358435362665524,,13.849221765346956,13.626683047352241,,13.560157411680075,13.616918964908177,"rgba(38, 166, 154, 1.0)",0.4836552081394062,13.692862191361746,0.39726194488300254,83.69120677747239,29.167410627486248,True,False,True,False,True,9.655100332942958,0.0,0.0,0.0,0.0,0,1.00944032366824,0.9730276466621709,False,False,False,False,-0.037550891979559124,-0.05378781315737273,False,False,False,False,-76558.0,-64299.215590015905,False,False,False,False,3055.7150704042006,False,False,False,False
2025-07-08 17:00:00+00:00,13.885,13.92,13.855,13.865,3500.0,,,,,,,,,13.88,13.689223289896335,13.438072707030914,13.596085101155182,,,,,,,,,,,,13.482080481327346,13.380572110234688,14.059231625957057,13.849391711852126,13.758713575988843,13.743243532132315,13.718917635602793,13.627827753605409,13.481228185196638,13.366260873196078,13.360236574767962,,13.849391711852126,13.627827753605409,,13.650845274520607,13.620700369078294,"rgba(38, 166, 154, 1.0)",0.46468144663506666,13.709705648057925,0.3341952924237022,83.03406390519652,29.167410627486248,True,False,True,False,True,8.96382407602394,0.0,0.0,0.0,0.0,0,1.007409902324015,0.9727180868979449,False,False,False,True,-0.02486481609839501,-0.03932631462788387,False,False,False,False,-80058.0,-64543.537828930384,False,False,False,False,3062.6032088475463,False,False,False,False
2025-07-08 18:00:00+00:00,13.865,13.865,13.82,13.835,100.0,,,,,,,,,13.87888888888889,13.689634933202285,13.438502502245603,13.596217231304827,,,,,,,,,,,,13.482569790014765,13.380934575138133,14.059189292870382,13.849390230437129,13.75872550443906,13.743257537596305,13.718934737462575,13.627855143746043,13.481268388944667,13.366307779871365,13.360283908741136,,13.849390230437129,13.627855143746043,,13.650810888910401,13.620792444478324,"rgba(38, 166, 154, 0.75)",0.4439347204669251,13.709746065700255,0.2821449382648091,79.9925082874866,29.167410627486248,True,False,True,False,False,7.927342838050322,0.0,0.0,0.0,0.0,0,1.0070754716981134,0.9743935309973042,False,False,False,False,-0.04243314758743227,-0.040879731107658066,False,False,False,False,-80158.0,-64785.622513753166,False,False,False,False,3016.6713761522356,False,False,False,False
2025-07-08 19:00:00+00:00,13.835,13.855,13.815,13.825,5300.0,,,,,,,,,13.850767790262173,13.707588763276727,13.459589877482726,13.602788420694184,,,,,,,,,,,,13.506155011387586,13.39902516199549,14.056884376678454,13.849243289340372,13.75928842858876,13.743930624905431,13.719772356082304,13.629240141209252,13.48333716913004,13.368737107994887,13.362735964611806,,13.849243289340372,13.629240141209252,,13.655183712928952,13.625304511993125,"rgba(38, 166, 154, 0.75)",0.4224824747151671,13.712905371317984,0.26532373622737515,77.11236859866656,31.69865285870698,True,False,True,False,False,7.580606011377828,0.0,0.0,0.0,0.0,0,1.006060606060606,0.974410774410774,False,False,False,False,-0.0453634567844247,-0.043121593946041384,False,False,False,False,-85458.0,-65106.12449028412,False,False,False,False,3052.0718199328207,False,False,False,False
2025-07-09 14:00:00+00:00,13.735,13.805,13.7,13.795,700.0,,,,,,,,,13.844635416666666,13.708558889305932,13.461749869367738,13.603390275722886,,,,,,,,,,,,13.508459026128268,13.400963746663553,14.05649658727719,13.849152966784322,13.759295941523016,13.743953463787415,13.719818330445873,13.629363373172946,13.483557932910646,13.36901128258532,13.363013288595559,,13.849152966784322,13.629363373172946,,13.654583612765805,13.625735085443102,"rgba(38, 166, 154, 0.75)",0.39708938789898657,13.71297406446065,0.20656793668889686,72.70527353215985,27.638864585090403,True,False,True,False,False,6.53696309169813,0.0,0.0,0.0,0.0,0,0.9976533690915187,0.979215554810593,False,False,False,False,-0.07765945311723547,-0.06039052353163843,False,False,False,False,-86158.0,-65432.510157101424,False,False,False,False,3015.6055901664204,False,False,False,False
2025-07-09 15:00:00+00:00,13.795,13.855,13.78,13.855,0.0,,,,,,,,,13.844635416666666,13.708558889305932,13.461749869367738,13.603390275722886,,,,,,,,,,,,13.508459026128268,13.400963746663553,14.05649658727719,13.849152966784322,13.759295941523016,13.743953463787415,13.719818330445873,13.629363373172946,13.483557932910646,13.36901128258532,13.363013288595559,,13.849152966784322,13.629363373172946,,13.654583612765805,13.625735085443102,"rgba(38, 166, 154, 0.75)",0.3715240343613283,13.71297406446065,0.3822792670291227,72.05967796161973,27.082761276936765,True,False,True,False,False,8.258335428812448,0.0,0.0,0.0,0.0,0,1.0010026737967914,0.9759358288770049,False,False,False,False,-0.05220396090356529,-0.056297242217601864,False,False,False,False,-86158.0,-65753.83558102233,False,False,False,False,2968.8520151250805,False,False,False,False
2025-07-09 16:00:00+00:00,13.855,13.875,13.805,13.865,1197.0,,,,,,,,,13.845045382976755,13.712376573493056,13.466344513617903,13.60491894292115,,,,,,,,,,,,13.513522558964468,13.404961577129434,14.05602203833139,13.849151436601435,13.759450705513851,13.744132453256356,13.720033419369392,13.6296986225853,13.484043310163283,13.36957535276394,13.363582397436696,,13.849151436601435,13.6296986225853,,13.657171353252217,13.626743079283232,"rgba(38, 166, 154, 0.75)",0.34275300381124374,13.714012252357076,0.44051473207824643,71.96525242151493,26.854130006157106,True,False,True,False,False,8.542510035729922,0.0,0.0,0.0,0.0,0,1.0023458445040216,0.9798927613941015,False,False,False,False,-0.043409833921154314,-0.04985353806937809,False,False,False,False,-84961.0,-66051.6210758902,False,False,False,False,2941.381441247172,False,False,False,False
2025-07-09 17:00:00+00:00,13.865,13.885,13.825,13.845,3400.0,,,,,,,,,13.846631095771407,13.722404870301743,13.478927911660087,13.609216824881276,,,,,,,,,,,,13.527251019961394,13.41601959984856,14.054707283920242,13.849164704105805,13.759903758945077,13.744653686318953,13.720656228372418,13.63065973491317,13.485427524683978,13.371181445183252,13.365202723902062,,13.849164704105805,13.63065973491317,,13.664295175653628,13.629529791832265,"rgba(38, 166, 154, 0.5)",0.31539967494428933,13.716880415432502,0.40621343249681124,70.17977737189686,24.96575569048325,False,False,True,False,False,7.8228254582059265,0.0,0.0,0.0,0.0,0,1.00369623655914,0.9821908602150534,False,False,False,False,-0.037550891979559124,-0.04370221502446861,False,False,False,False,-88361.0,-66397.50291967485,False,False,False,False,2948.4918064991534,False,False,False,False
2025-07-09 18:00:00+00:00,13.855,13.855,13.785,13.785,1980.0,,,,,,,,,13.841943603057839,13.725862615587843,13.485075562635297,13.611216280638406,,,,,,,,,,,,13.533743209876546,13.421594797887002,14.053787648851598,13.849039661008902,13.760041924401591,13.744832931726906,13.720897145000905,13.631106623374365,13.48613402308681,13.372027927894445,13.366057764896807,,13.849039661008902,13.631106623374365,,13.666024515479847,13.630842150727803,"rgba(38, 166, 154, 0.5)",0.27593905189437795,13.717854961288278,0.24333286010355343,64.64912237735152,19.730871532373286,False,True,True,False,False,5.694806751047427,0.0,0.0,0.0,0.0,0,1.0030241935483872,0.9801747311827953,False,False,False,False,-0.05122646203652991,-0.047464338530499264,False,False,False,False,-90341.0,-66768.71992867214,False,False,False,False,2933.4764296542053,False,False,False,False
2025-07-09 19:00:00+00:00,13.785,13.8,13.775,13.785,410.0,,,,,,,,,13.840577259299451,13.726365077765458,13.486236584884933,13.61158034269789,,,,,,,,,,,,13.53494711789633,13.422665941500048,14.053581342852473,13.849000132930207,13.760057643817937,13.744857300835184,13.720934545456226,13.631187601334148,13.486270120204862,13.372194116090615,13.366225753115422,,13.849000132930207,13.631187601334148,,13.666189816161934,13.631083783275768,"rgba(38, 166, 154, 0.5)",0.24837740101172817,13.717997417887627,0.2697611853552215,60.962019047654614,16.398501904763833,False,True,True,False,False,5.694806751047427,0.0,0.0,0.0,0.0,0,1.0050488051161226,0.9798047795355095,False,False,False,False,-0.06394226221442006,-0.055703300372459665,False,False,False,False,-90341.0,-67134.18163520437,False,False,False,False,2894.352764078171,False,False,False,False
2025-07-10 14:00:00+00:00,13.575,13.655,13.575,13.605,300.0,,,,,,,,,13.836510629478298,13.725675715382813,13.486588906678652,13.611580473565146,,,,,,,,,,,,13.535213397350615,13.423070833154812,14.053331748751155,13.848890130025824,13.759993565910548,13.744800554344453,13.720889098851044,13.631180168723352,13.486311657323682,13.372264325624544,13.366297459499425,,13.848890130025824,13.631180168723352,,13.665088931276228,13.631112994505406,"rgba(239, 83, 80, 1.0)",0.23966722424725845,13.71775061048169,-0.47044651531228293,50.894062004521665,7.346910820995788,False,True,False,True,False,0.0,0.0,0.0,0.0,0.0,0,1.0056875209100036,0.9789227166276343,False,False,False,False,-0.13188192979463875,-0.0937926150835492,False,False,False,False,-90641.0,-67498.62843155778,False,False,False,False,2854.1302406040904,False,False,False,False
2025-07-10 15:00:00+00:00,13.605,13.625,13.515,13.525,500.0,,,,,,,,,13.828415195260828,13.72398300770273,13.486907681984661,13.61143787373964,,,,,,,,,,,13.555,13.535327198481628,13.423540205021657,14.05286309232717,13.84866327753042,13.759846138798707,13.744665874294254,13.72077418441642,13.63113185661902,13.486349557644193,13.372353573991512,13.366389298245267,,13.84866327753042,13.63113185661902,,13.662685939671965,13.624742021447522,"rgba(239, 83, 80, 1.0)",0.23146346003924767,13.712755016984483,-0.8111648246882944,42.381655699202895,0.07810540754346817,False,True,False,True,False,0.0,0.0,0.0,0.0,0.0,0,1.000999000999001,0.9763569763569759,False,False,False,False,-0.17176202336557253,-0.13277731922456087,False,False,False,False,-91141.0,-67865.17682796773,False,False,False,False,2817.6320973389106,False,False,False,False
2025-07-10 16:00:00+00:00,13.525,13.585,13.525,13.555,800.0,,,,,,,,,13.816388354319018,13.721343421523638,13.487411588947579,13.611211203095218,,,,,,,,,,,13.555,13.53550658232177,13.424284292499777,14.052115072806716,13.848301041082026,13.759610695983111,13.744450783322817,13.720590652104315,13.631054684579777,13.486410111238394,13.372496190189882,13.366536054445582,,13.848301041082026,13.631054684579777,,13.659088641971364,13.624696346714513,"rgba(239, 83, 80, 1.0)",0.2257937351009052,13.71187735666272,-0.6947817068202239,38.422859057669434,-2.996764987375741,False,True,False,True,False,0.0,0.0,0.0,0.0,0.0,0,0.9993238674780259,0.9844489519945905,False,False,False,False,-0.17806203218714428,-0.15541967570585258,False,False,False,False,-90341.0,-68213.63920272792,False,False,False,False,2786.3509795507102,False,False,False,False
2025-07-10 17:00:00+00:00,13.555,13.565,13.525,13.545,690.0,,,,,,,,,13.806468453673782,13.718999197251387,13.487776833068304,13.610982636161543,,,,,,,,,,,13.551532663316582,13.535580661577614,13.42487075318482,14.051458767076177,13.847978701447518,13.759398157384453,13.74425588717767,13.720423141762664,13.630979514044055,13.486454651020587,13.372612287748467,13.366655741826452,,13.847978701447518,13.630979514044055,,13.656056780038755,13.624350077297256,"rgba(239, 83, 80, 1.0)",0.22570735657221683,13.710947871535652,-0.7352346598528143,35.52728448967532,-5.3802843389355175,False,True,False,True,False,0.0,0.0,0.0,0.0,0.0,0,0.9996602106693852,0.9877675840978591,False,False,False,False,-0.18226979213850739,-0.16884473392217997,False,False,False,False,-91031.0,-68567.39673446857,False,False,False,False,2753.84941397628,False,False,False,False
2025-07-10 18:00:00+00:00,13.54,13.595,13.515,13.575,1300.0,,,,,,,,,13.790695924402371,13.71515496663847,13.488649338892271,13.610663960950196,,,,,,,,,,13.561666666666667,13.555536980749746,13.535958614284393,13.426111506474662,14.050267393270335,13.84740655797847,13.759029903809829,13.743920351980773,13.720138311546117,13.630865628927276,13.486562219574507,13.372851704791572,13.366901836758725,,13.84740655797847,13.630865628927276,,13.651291047720829,13.619785975139466,"rgba(239, 83, 80, 1.0)",0.22433234274176153,13.704847916024036,-0.5788194178202397,35.43361896318012,-5.500565221118784,False,True,False,True,False,0.0,0.0,0.0,0.0,0.0,0,0.9932272265492722,0.9857771757534707,False,False,False,False,-0.17806203218714428,-0.17345338305466212,False,False,False,False,-89731.0,-68895.51461455433,False,False,False,False,2731.3091129843997,False,False,False,False
2025-07-10 19:00:00+00:00,13.575,13.585,13.57,13.58,1056.0,,,,,,,,,13.780134303521246,13.712492213560381,13.489501405020889,13.61049514179049,,,,,,,,,,13.569136955291453,13.561076085289155,13.536451533544103,13.427224831006209,14.049336755019235,13.84697049221252,13.758756952560232,13.743673542409747,13.719931947430315,13.630795609118014,13.486668712415993,13.373062866592575,13.367118352269122,,13.84697049221252,13.630795609118014,,13.64815576597325,13.620784971935281,"rgba(239, 83, 80, 1.0)",0.2216593441857848,13.704715836435728,-0.562646419864875,35.68395381518405,-5.604863344182874,False,True,False,True,False,0.0,0.0,0.0,0.0,0.0,0,0.9965893587994545,0.9928376534788537,False,False,False,False,-0.16861710524714896,-0.17103524415090554,False,False,False,False,-88675.0,-69202.17330270076,False,False,False,False,2705.335328286967,False,False,False,False
2025-07-11 14:00:00+00:00,13.735,13.845,13.725,13.825,5500.0,,,,,,,,,13.783878539632662,13.720392452156643,13.504062829514185,13.615468353110133,,,,,,,,,,13.729597759674135,13.693608572008937,13.551411389578426,13.440842673890034,14.046784992526263,13.846563395028468,13.759065887198524,13.744094602424061,13.720521721786069,13.631950660785218,13.488541048391234,13.37532692733349,13.369406066405322,,13.846563395028468,13.631950660785218,,13.655950543603405,13.645978130540783,"rgba(239, 83, 80, 0.75)",0.2237809820515039,13.72227991590693,0.4590206153864703,45.29713913092225,-13.799949823615798,False,True,False,True,True,6.394095886285953,0.0,0.0,0.0,0.0,0,0.990838140481846,0.9955887343060735,False,False,False,False,-0.08268795535643353,-0.12686159975366954,False,False,False,False,-83175.0,-69418.80627475191,False,False,False,False,2748.6634627321305,False,False,False,False
2025-07-11 15:00:00+00:00,13.825,13.895,13.825,13.895,900.0,,,,,,,,,13.78673777729526,13.722636839704805,13.506877344766863,13.616573529529242,,,,,,,,,,13.744200548195524,13.708521310254978,13.554377295973497,13.443414177454727,14.046494155197882,13.84659773070598,13.759209534460785,13.744255209375174,13.720707545580387,13.632220792749882,13.488917310569313,13.37575894702161,13.369841718677513,,13.84659773070598,13.632220792749882,,13.658206372824042,13.648808944324404,"rgba(38, 166, 154, 0.5)",0.22670908453129282,13.724534217428538,0.7519142116597998,53.183044499417804,-6.585731346687453,False,True,True,False,True,8.274751413684456,0.0,0.0,0.0,0.0,0,0.9938858695652175,0.9887907608695647,False,False,False,False,-0.051991256707903694,-0.08942642823078661,False,False,False,False,-82275.0,-69618.1271077015,False,False,False,False,2720.0020136975236,False,False,False,False
2025-07-11 16:00:00+00:00,13.895,13.895,13.825,13.835,600.0,,,,,,,,,13.788117628307297,13.723900578399522,13.508628299858653,13.617247680040784,,,,,,,,,,13.751092347156904,13.716091133439097,13.5562015115411,13.44503225792246,14.046278680174344,13.846602348611144,13.759288100690709,13.744345284267972,13.72081479535197,13.632385528918514,13.489154655802453,13.37603494382015,13.370120175482528,,13.846602348611144,13.632385528918514,,13.659473546651563,13.650264751013795,"rgba(38, 166, 154, 0.5)",0.22868035049542587,13.72570521573439,0.47793692824428763,55.96943012060797,-4.117112864375116,False,True,True,False,True,6.324913514647012,0.0,0.0,0.0,0.0,0,0.9962635869565218,0.98539402173913,False,False,False,False,-0.051991256707903694,-0.07070884246934515,False,False,False,False,-82875.0,-69823.66002076038,False,False,False,False,2687.1337654231434,False,False,False,False
2025-07-11 17:00:00+00:00,13.835,13.87,13.83,13.87,640.0,,,,,,,,,13.78963708886041,13.725273258913425,13.510503427646219,13.617977772483622,,,,,,,,,,13.757851807389622,13.723597252349963,13.558155339477013,13.446765181813399,14.046055256474926,13.846612119171205,13.759376285569687,13.744445666304998,13.72093336560841,13.632564975586623,13.489410969094841,13.376332078866549,13.37041992188753,,13.846612119171205,13.632564975586623,,13.660847886975919,13.651732324584213,"rgba(38, 166, 154, 0.5)",0.23109527694662094,13.72690455780866,0.6192053947705345,58.67178500285861,-1.4849027198320144,False,True,True,False,True,7.268896212107027,0.0,0.0,0.0,0.0,0,0.9952153110047849,0.9924812030075185,False,False,False,False,-0.05607724282064211,-0.06339304264499362,False,False,False,False,-82235.0,-70016.0838964075,False,False,False,False,2655.395257432087,False,False,False,False
2025-07-11 18:00:00+00:00,13.87,13.895,13.835,13.895,210.0,,,,,,,,,13.790253469953807,13.72577949155544,13.511146662296882,13.618234690720422,,,,,,,,,,13.760262264027697,13.726204219962828,13.55882994866388,13.447355912608224,14.045989145851578,13.846621159184693,13.759410632502183,13.7444839396871,13.720977475266649,13.632628605792764,13.489499188517144,13.376433214479327,13.370521901011237,,13.846621159184693,13.632628605792764,,13.661353578631637,13.652247508273488,"rgba(38, 166, 154, 0.5)",0.23401589997572844,13.72733225303513,0.7164801493499385,61.075560958559024,1.0398705170731475,False,True,True,False,True,7.940741774344971,0.0,0.0,0.0,0.0,0,0.9955387783115994,0.9900480439258746,False,False,False,False,-0.049948922387652195,-0.05667098251632291,False,False,False,False,-82025.0,-70202.26864219963,False,False,False,False,2617.4821526656983,False,False,False,False
2025-07-11 19:00:00+00:00,13.895,13.9,13.885,13.9,11967.0,,,,,,,,13.895,13.820789443767762,13.753116377331999,13.54622120753987,13.633150343162862,,,,,,,,,,13.83298162930892,13.809802245857991,13.595204449146161,13.47998029853655,14.042735387033005,13.84748343682062,13.76166768906199,13.746957138424108,13.723771100591092,13.63649497175976,13.494717999843699,13.382358003050696,13.376493646019755,,13.84748343682062,13.63649497175976,,13.729655474360499,13.67158830734264,"rgba(38, 166, 154, 0.5)",0.23685166605223767,13.75620787628984,0.6070977929217793,62.805320614865906,3.0755200853798215,False,False,True,False,True,8.076218811512046,0.0,0.0,0.0,0.0,0,0.9955311103471985,0.9876246132691642,False,False,False,False,-0.038723064848781526,-0.047697023682552214,False,False,False,False,-70058.0,-70200.03191906476,False,False,False,False,2762.4359177406486,False,False,False,False
2025-07-14 14:00:00+00:00,13.825,13.845,13.775,13.785,401.0,,,,,,,,13.891973911168606,13.820604448626089,13.753377775390826,13.547000959144992,13.633454115401154,,,,,,,,,,13.832425356604944,13.809669434945448,13.595950323876796,13.480763984236726,14.042561436372486,13.847456089428713,13.761689987918826,13.746987244847782,13.723812980039991,13.63657649225028,13.494850317392915,13.382518473415713,13.376655802015426,,13.847456089428713,13.63657649225028,,13.729282241946333,13.671685994103541,"rgba(38, 166, 154, 0.5)",0.23619817225496442,13.756149428348996,0.12214561770554831,58.9994148738044,3.0755200853798215,False,True,True,False,True,4.315533819959477,0.0,0.0,0.0,0.0,0,0.9924554183813444,0.9883401920438952,False,False,False,False,-0.07244128295266822,-0.060069153317610216,False,False,False,False,-70459.0,-70204.0469280715,False,False,False,False,2725.824508163274,False,False,False,False
2025-07-14 15:00:00+00:00,13.785,13.825,13.665,13.69,4000.0,,,,,,,,13.851576246334309,13.812337278974425,13.752016335580219,13.552309954912694,13.635100594825415,,,,,,,,,,13.81650623416372,13.79804602529991,13.60049701881466,13.48659790512568,14.04030393253341,13.846741168753017,13.761496301908425,13.746876309371244,13.723828202584135,13.637017850588888,13.495842857168341,13.38382725556785,13.377982326816506,,13.846741168753017,13.637017850588888,,13.72066808212541,13.670427952976594,"rgba(38, 166, 154, 0.5)",0.23397899728646726,13.75281307960623,-0.2684560594527521,53.505125311847976,3.0755200853798215,False,True,True,False,False,1.4002250282141269,0.0,0.0,0.0,0.0,0,0.9816576086956522,0.9884510869565214,False,False,False,False,-0.09911964703183208,-0.07959440017472115,False,False,False,False,-74459.0,-70270.01519275256,False,False,False,False,2745.57916695144,False,False,False,False
2025-07-14 16:00:00+00:00,13.695,13.73,13.68,13.725,210.0,,,,,,,,13.849803957051513,13.811874283670235,13.751908653051887,13.552556788147449,13.635171532186549,,,,,,,,,,13.815684239346874,13.797415606681959,13.600699655987528,13.48687788782788,14.040180679032405,13.846699209601146,13.761481838792589,13.746866220772292,13.72382479766279,13.637037045426808,13.495891359755431,13.383892697427745,13.378048707630432,,13.846699209601146,13.637037045426808,,13.720263042821525,13.670353841995835,#000000,0.23150414936061273,13.752643774973313,-0.1194094146893792,51.12171421372669,10.564650625625319,False,True,False,False,False,2.4033641546933815,0.0,0.0,0.0,0.0,0,0.9807211710103536,1.012852552659764,False,False,False,False,-0.11560486744112158,-0.09759963380792136,False,False,False,False,-74249.0,-70331.70487968663,False,False,False,False,2706.2678620374645,False,False,False,False
2025-07-14 17:00:00+00:00,13.725,13.735,13.665,13.665,100.0,,,,,,,,13.84883579166167,13.81160431371692,13.751827962448225,13.55265686151669,13.635194975958747,,,,,,,,,,13.815210534146704,13.797037819491583,13.600775654979232,13.486997154336777,14.040117852963684,13.846675787200681,13.761471729976464,13.74685823548324,13.72382006652732,13.637043325648788,13.495911951805422,13.38392163329601,13.378078098103176,,13.846675787200681,13.637043325648788,,13.72002398106045,13.67030152645839,"rgba(239, 83, 80, 1.0)",0.23102176099680283,13.752539912781021,-0.37892496535091946,47.76997245566261,7.093496807756594,False,True,False,True,False,0.6008913140458105,0.0,0.0,0.0,0.0,0,0.9795845272206305,1.0028653295128938,False,False,False,False,-0.11766974333523408,-0.10763468857157772,False,False,False,False,-74349.0,-70393.98852496281,False,False,False,False,2665.860608362465,False,False,False,False
2025-07-14 18:00:00+00:00,13.665,13.715,13.66,13.685,290.0,,,,,,,,13.846064159987428,13.810817535630784,13.751589001715582,13.552942687073578,13.63526071739491,,,,,,,,,,13.813838718382769,13.795940314543044,13.60099112737423,13.487339373451064,14.03993492158108,13.846607186856287,13.761441762524615,13.746834431339286,13.723805709313513,13.63706093806285,13.495971126812037,13.384005056954878,13.37816284130444,,13.846607186856287,13.63706093806285,,13.719334820360455,13.670148731423085,"rgba(239, 83, 80, 1.0)",0.23019903256661306,13.752238930662577,-0.2920904137297753,46.34142741792278,5.358441581432018,False,True,False,True,False,1.185550727203605,0.0,0.0,0.0,0.0,0,0.9820466786355477,0.9996409335727107,False,False,False,False,-0.12283634520740762,-0.11523551688949267,False,False,False,False,-74059.0,-70450.81040829673,False,False,False,False,2629.0255601707986,False,False,False,False
2025-07-14 19:00:00+00:00,13.685,13.71,13.655,13.67,6820.0,,,,,,,,13.797975870186649,13.793727973116958,13.745772826226148,13.558931777169256,13.636516763371572,,,,,,,,,,13.786653134866938,13.77365041870461,13.605299885366382,13.494739464385136,14.035586602932113,13.84492750229299,13.760666090979544,13.74620321191592,13.723396187837666,13.637402578303297,13.497291897421734,13.385900127010258,13.380088962737009,,13.84492750229299,13.637402578303297,,13.706585042014115,13.667062004981046,"rgba(239, 83, 80, 1.0)",0.2297506482262247,13.746348376932776,-0.3323097345849457,44.90409634603093,3.507996529494747,False,True,False,True,False,0.7301025729232613,0.0,0.0,0.0,0.0,0,0.9757070340826687,1.0130529369108046,False,False,False,False,-0.12490479914249225,-0.12007015801599247,False,False,False,False,-80879.0,-70612.48776630763,False,False,False,False,2694.001908075127,False,False,False,False
2025-07-15 14:00:00+00:00,13.645,13.685,13.605,13.655,6532.0,,,,,,,,13.765737576956903,13.77774026564315,13.738886881385392,13.56284267239936,13.636837829218749,,,,,,,,,,13.764358683314416,13.75439716812494,13.607479740366498,13.500235236331898,14.031177252781472,13.84306579565421,13.759670832129537,13.745347007280955,13.722754260439988,13.637488557174388,13.498332412277323,13.387508563496857,13.381727465476683,,13.84306579565421,13.637488557174388,,13.696409045120712,13.664118690373012,"rgba(239, 83, 80, 1.0)",0.2276088592142297,13.741188973089432,-0.3786714339107086,43.43767034144369,1.5796641707986083,False,True,False,True,False,0.27093882487371346,0.0,0.0,0.0,0.0,0,0.9652777777777779,1.0215643274853798,False,False,False,False,-0.1404534007979319,-0.13026177940696218,False,False,False,False,-87411.0,-70872.9298164424,False,False,False,False,2753.5057544615593,False,False,False,False
2025-07-15 15:00:00+00:00,13.655,13.735,13.605,13.635,1590.0,,,,,,,,13.760385876945575,13.774627498237502,13.737524631022147,13.563848776414925,13.636979062928296,,,,,,,,,,13.760355921739956,13.750934113272569,13.608099141265965,13.50160034176152,14.03014673501765,13.842640946421696,13.759452752479211,13.745162104633845,13.722620435937635,13.637528391643018,13.49860026616774,13.3879120017039,13.382138126647266,,13.842640946421696,13.637528391643018,,13.694673169109688,13.663630098360922,"rgba(239, 83, 80, 1.0)",0.2246639733043802,13.740273259020668,-0.4685809543572954,41.76330927861715,-0.5485606055491772,False,True,False,True,False,0.0,0.0,0.0,0.0,0.0,0,0.9633162142333092,1.0190755685986792,False,False,False,False,-0.13008062887953073,-0.13017120414324646,False,False,False,False,-89001.0,-71153.98516812545,False,False,False,False,2735.466905555178,False,False,False,False
2025-07-15 16:00:00+00:00,13.635,13.655,13.585,13.585,1882.0,,,,,,,,13.751917514993687,13.76964991385023,13.734989381632134,13.56439671402984,13.636758003693117,,,,,,,,,,13.753853205448733,13.7450983589922,13.608102469611273,13.502680145069327,14.028771259711544,13.842004854471627,13.759068795211894,13.744818811937064,13.722340110937047,13.63746250272313,13.498817274184693,13.388299973064877,13.382534921134996,,13.842004854471627,13.63746250272313,,13.691542305639803,13.662604052499878,"rgba(239, 83, 80, 1.0)",0.22199186333601925,13.738606009524442,-0.6919443227157158,39.02414758443248,-3.611804111602318,False,True,False,True,False,0.0,0.0,0.0,0.0,0.0,0,0.9802055576703467,1.0152264940997333,False,False,False,False,-0.15085628778509644,-0.14051374596417143,False,False,False,False,-90883.0,-71459.86136706924,False,False,False,False,2722.234860507811,False,False,False,False
2025-07-15 17:00:00+00:00,13.585,13.615,13.58,13.605,2224.0,,,,,,,,13.742536557826153,13.763854104261714,13.731929913955042,13.56490751432657,13.636425823814882,,,,,,,,,,13.746450463704154,13.738405030559472,13.607968638984408,13.503829889331563,14.027125361598417,13.841230960063337,13.758592626591234,13.744390715543048,13.721986527720382,13.637362857087043,13.499053184020818,13.388739392977802,13.38298479168798,,13.841230960063337,13.637362857087043,,13.687930782836872,13.661393879989976,"rgba(239, 83, 80, 1.0)",0.2197690638862804,13.73665656344562,-0.5990677719487677,38.39325738169794,-4.681579585817829,False,True,False,True,False,0.0,0.0,0.0,0.0,0.0,0,0.9703161141094837,1.02621434078643,False,False,False,False,-0.16024661161763695,-0.1503801787909042,False,False,False,False,-88659.0,-71726.5146792077,False,False,False,False,2714.5102890270696,False,False,False,False
2025-07-15 18:00:00+00:00,13.605,13.615,13.585,13.605,2728.0,,,,,,,,13.732617781678023,13.757330930160556,13.728406458116435,13.565543225372917,13.636044746927942,,,,,,,,,,13.738381613891727,13.731082253631723,13.607843494085534,13.505227425846607,14.02513145793964,13.840294931509197,13.75801852544734,13.743875069805426,13.72156148481764,13.637246771499788,13.499345810365966,13.389280141527054,13.38353829443612,,13.840294931509197,13.637246771499788,,13.683988628451175,13.660063636523365,"rgba(239, 83, 80, 1.0)",0.2150243438973344,13.73449166194887,-0.6022186120967586,37.97266391320825,-5.618006802505747,False,True,False,True,False,0.0,0.0,0.0,0.0,0.0,0,0.960280373831776,1.0334890965732084,False,False,False,False,-0.15920188707661626,-0.15479103293376023,False,False,False,False,-88659.0,-71989.03383146804,False,False,False,False,2714.719431832851,False,False,False,False
2025-07-15 19:00:00+00:00,13.605,13.63,13.605,13.62,4891.0,,,,,,,,13.719807761353653,13.747981976035277,13.72331531846752,13.567130817254284,13.635703321246519,,,,,,,,,,13.727476241773617,13.721205035434316,13.608204127010906,13.508051767592967,14.02174188360639,13.838750863454065,13.757108281106214,13.743067106510903,13.720911796686503,13.637137134942341,13.499951080011616,13.390318340918501,13.384598970710881,,13.838750863454065,13.637137134942341,,13.678787838871452,13.658347894596861,"rgba(239, 83, 80, 1.0)",0.2105503941304296,13.731540813214076,-0.5297582731903175,38.71328293893339,-5.618006802505747,False,True,False,True,False,0.0,0.0,0.0,0.0,0.0,0,0.9583660644147686,1.033778476040848,False,False,False,False,-0.15189832459023972,-0.15334467876199998,False,False,False,False,-83768.0,-72171.65346198792,False,False,False,False,2748.4602158354423,False,False,False,False
2025-07-16 14:00:00+00:00,13.485,13.515,13.425,13.475,6479.0,,,,,,,,13.687726782934908,13.725376992394493,13.708787079527731,13.563473427037938,13.631618780241276,,,,,,,,,13.471666666666666,13.699999613174182,13.695258011020167,13.602256860174572,13.506886749560163,14.015736630888389,13.835399042043532,13.754665399462203,13.740772873461236,13.718850986382575,13.635876197376303,13.499761763574556,13.390803856941156,13.385116899627354,,13.835399042043532,13.635876197376303,,13.663396612427267,13.639503682168073,"rgba(239, 83, 80, 1.0)",0.20746372742773386,13.711797223034699,-1.1413909601001613,34.566715948400436,-9.685583027864972,False,True,False,True,False,0.0,0.0,0.0,0.0,0.0,0,0.9449003516998831,1.0394685423993746,False,False,False,False,-0.21404329289025706,-0.1836939858261285,False,False,True,False,-90247.0,-72451.89139280982,False,False,True,False,2806.2980419465207,False,False,True,False
2025-07-16 15:00:00+00:00,13.475,13.515,13.445,13.485,1137.0,,,,,,,,13.683155353066281,13.721927660351366,13.70650910357968,13.562927087616249,13.630966380445095,,,,,,,,,13.47315957633053,13.695960292019896,13.69143035394371,13.601342066870384,13.506745828930878,14.014715389044078,13.834833132358607,13.754256000742117,13.740389065923896,13.718507333417433,13.635670249936176,13.499740533832476,13.390898925948244,13.38521758437623,,13.834833132358607,13.635670249936176,,13.661097117011735,13.638776166691045,"rgba(239, 83, 80, 1.0)",0.20352782752387327,13.71056937440082,-1.1082974605738427,32.44542849711459,-11.920127146431213,False,True,False,True,False,0.0,0.0,0.0,0.0,0.0,0,0.9449433814916052,1.0355329949238576,False,False,False,False,-0.20978350273052793,-0.19673874427832821,False,False,False,False,-89110.0,-72710.1566425337,False,False,False,False,2780.4174521489003,False,False,False,False
2025-07-16 16:00:00+00:00,13.485,13.565,13.475,13.555,3084.0,,,,,,,,13.67455700745376,13.714893628073876,13.701878510210738,13.562370894727328,13.629808221768398,,,,,,,,,13.49002274143302,13.688109754522966,13.684024615091712,13.599937317225178,13.507117887969637,14.012222926785466,13.833523266277838,13.753354261136238,13.739553814492915,13.717775931626099,13.635294864832806,13.499841809281056,13.391297289022203,13.385630656914717,,13.833523266277838,13.635294864832806,,13.656701652446822,13.638407652615133,"rgba(239, 83, 80, 0.75)",0.19820246268961256,13.708854902886227,-0.7762512170555906,35.120388241830696,-11.920127146431213,False,True,False,True,True,0.0,0.0,0.0,0.0,0.0,0,0.943486973947896,1.0436873747494988,False,False,False,False,-0.1928175238892982,-0.19477813408381323,False,False,False,False,-86026.0,-72916.60382637038,False,False,False,False,2785.1241583171345,False,False,False,False
2025-07-16 17:00:00+00:00,13.555,13.595,13.525,13.59,7439.0,,,,,,,,13.6619659565513,13.703030329712258,13.693959518908661,13.56268484047212,13.62817166251623,,,,,,,,,13.522822279802268,13.675903329628602,13.67255741066198,13.598548933428924,13.50930369425442,14.006786580294039,13.830805186816145,13.751579888913021,13.737932811124459,13.716393616878586,13.634731300816306,13.5003745623822,13.392508870920208,13.38687655867522,,13.830805186816145,13.634731300816306,,13.64996246163211,13.638366073185455,"rgba(239, 83, 80, 0.75)",0.1924016772416929,13.70634792490985,-0.6047136728631235,38.643609301550704,-17.069193679663712,False,True,False,True,True,0.0,0.0,0.0,0.0,0.0,0,0.9520741039065648,1.0382601691502213,False,False,False,False,-0.1759604987046084,-0.1853693163942108,False,False,False,False,-78587.0,-73004.51694534138,False,False,False,False,2857.277272141675,False,False,False,False
2025-07-16 18:00:00+00:00,13.59,13.6,13.535,13.595,5986.0,,,,,,,,13.654430514561197,13.695219616630354,13.688553269526425,13.563132986005137,13.627062018991403,,,,,,,,,13.536182383419687,13.668284230733056,13.665378437307185,13.597761707864809,13.511136629483834,14.002573472139492,13.82871326151566,13.750228346368598,13.73670165410222,13.715349741029637,13.634330810306725,13.500837906564378,13.393508113639902,13.387903003576023,,13.82871326151566,13.634330810306725,,13.645679681142903,13.637777835575084,"rgba(239, 83, 80, 0.75)",0.18625820013392266,13.704250073479262,-0.5865517512824059,41.2439887012869,-14.56992390328054,False,True,False,True,True,0.0,0.0,0.0,0.0,0.0,0,0.9484368656110437,1.0450669914738122,False,False,False,False,-0.17281107455255812,-0.17909019547338445,False,False,False,False,-72601.0,-72998.26086866943,False,False,False,False,2905.7846012557575,False,False,False,False
2025-07-16 19:00:00+00:00,13.595,13.605,13.565,13.585,17906.0,,,,,,,,13.6399180732924,13.678020403954138,13.676005817323848,13.565046116010716,13.624515408795462,,,,,,,,,13.556979610287643,13.652729246634403,13.65067143869258,13.596521800861293,13.516696097800198,13.990686653249007,13.82285656544779,13.746495590245923,13.733314646646637,13.712500415061351,13.63333358922861,13.50233960750003,13.396566559035236,13.39104086794935,,13.82285656544779,13.63333358922861,,13.636701163875312,13.635909477760006,"rgba(239, 83, 80, 0.75)",0.18095723948638773,13.698958971029665,-0.6297563521255883,42.508200151300926,-13.264287253031156,False,True,False,True,True,0.0,0.0,0.0,0.0,0.0,0,0.9443990188062144,1.0478331970564185,False,False,False,False,-0.16547548783491603,-0.17228284165415025,False,False,False,False,-90507.0,-73269.71418853503,False,False,False,False,3138.3460803060557,False,False,False,False
2025-07-17 14:00:00+00:00,13.6,13.655,13.56,13.645,1400.0,,,,,,,,13.639597795542079,13.677321055999908,13.675480212543933,13.565419471202452,13.62449413485624,,,,,,,,,13.559011075038566,13.652258186665572,13.650238846016938,13.596698806837663,13.517300466638808,13.989863456541805,13.822476133640885,13.746272549881457,13.733117184488693,13.712342594533458,13.633312548350816,13.502503523452138,13.396845226323146,13.391325511490775,,13.822476133640885,13.633312548350816,,13.636462534028922,13.63596900785005,"rgba(239, 83, 80, 0.75)",0.17443920441244717,13.698818017229769,-0.308520194247854,46.46344124857964,-9.447158641156406,False,True,False,True,True,0.4152902999307244,0.0,0.0,0.0,0.0,0,0.9376026272577999,1.0517241379310343,False,False,False,False,-0.1560697706772982,-0.1641763061657242,False,False,False,False,-89107.0,-73515.25350344146,False,False,False,False,3111.3949782858067,False,False,False,False
2025-07-17 15:00:00+00:00,13.645,13.685,13.645,13.675,2400.0,,,,,,,,13.640368650288005,13.677139101412356,13.675367052169303,13.566604290088662,13.624845374132173,,,,,,,,,13.564735877462851,13.652645259785432,13.6506660141777,13.597612818563473,13.518800172390016,13.9886440420845,13.821982164046432,13.74603767500126,13.73292423112355,13.712214249607507,13.633407031116212,13.502898617769226,13.397424447289112,13.391914618261078,,13.821982164046432,13.633407031116212,,13.636864893618101,13.636564801334165,#000000,0.167886088580175,13.69914615307619,-0.14382462108919053,50.42682788643827,-5.73207866215273,False,False,False,False,True,1.3794292800918697,0.0,0.0,0.0,0.0,0,0.9413223140495869,1.0504132231404957,False,False,False,False,-0.13215288757059213,-0.14816459686815817,False,False,False,False,-86707.0,-73719.77670493849,False,False,False,False,3100.3655987774996,False,False,False,False
2025-07-17 16:00:00+00:00,13.675,13.725,13.665,13.725,400.0,,,,,,,,13.640656329052886,13.677232791644599,13.675445045412571,13.566869333461007,13.624952264425412,,,,,,,,,13.565949471134086,13.652854528073123,13.650878959194738,13.597840699498313,13.519107813575658,13.988464866981875,13.821919716773554,13.746017073732933,13.732910376330677,13.712210744805402,13.633439208490682,13.502978837979233,13.397533777359122,13.39202555096906,,13.821919716773554,13.633439208490682,,13.637031152799295,13.636723687492747,"rgba(38, 166, 154, 0.5)",0.1614774968284862,13.699270014925247,0.15934099537152058,55.02031911671514,-1.5104965546270748,False,False,True,False,True,2.9631094200892747,0.0,0.0,0.0,0.0,0,0.964469178082192,1.0560787671232876,False,False,False,False,-0.11973561852837825,-0.1339501076982682,False,False,False,False,-86307.0,-73914.92745369913,False,False,False,False,3058.4994654631196,False,False,False,False
2025-07-17 17:00:00+00:00,13.725,13.73,13.695,13.705,600.0,,,,,,,,13.641116238881642,13.677397245759758,13.675580930721317,13.567279322718989,13.625122048060618,,,,,,,,,13.5677950502872,13.653195112179489,13.651224487476703,13.598196578123046,13.519579734926522,13.988201261552923,13.82183017120982,13.745989972815776,13.732893338307731,13.712209134953804,13.633490788951152,13.503102024165953,13.397700291319905,13.392194458708117,,13.82183017120982,13.633490788951152,,13.637299157228465,13.63697160035558,"rgba(38, 166, 154, 1.0)",0.15507025434878124,13.699467750398043,0.035675762738573834,56.80945717099623,0.12293848251881201,True,False,True,False,True,2.2845391504685466,0.0,0.0,0.0,0.0,0,0.9601731601731603,1.0354978354978353,False,False,False,False,-0.11250938722380742,-0.12322974746103782,False,False,False,False,-86907.0,-74116.35493503712,False,False,False,False,3020.383194680746,False,False,False,False
2025-07-17 18:00:00+00:00,13.705,13.775,13.705,13.765,100.0,,,,,,,,13.641234624472759,13.677456532580019,13.675628581908208,13.567365717875917,13.62516302955919,,,,,,,,,13.568179739049526,13.653289521560222,13.651318986265998,13.598275932846013,13.519673949752885,13.98816342283961,13.821820371866622,13.745990266654456,13.732895251810326,13.71221351866054,13.633503682770854,13.503126342222698,13.397731430745134,13.392225986024792,,13.821820371866622,13.633503682770854,,13.637369697279217,13.637029171647834,"rgba(38, 166, 154, 1.0)",0.15126681278013598,13.699519216965161,0.4328826781722105,60.209973755804015,3.3512142254183885,True,False,True,False,True,4.17169473013497,0.0,0.0,0.0,0.0,0,0.9568627450980394,1.033986928104575,False,False,False,False,-0.10117718392349069,-0.11220346569226425,False,False,False,False,-86807.0,-74313.1091220908,False,False,False,False,2975.1059358484863,False,False,False,False
2025-07-17 19:00:00+00:00,13.765,13.78,13.765,13.775,11200.0,,,,,,,,13.655772933330711,13.685663092572353,13.682306109663546,13.577815006907798,13.630484504886416,,,,,,,,,13.607706329955905,13.665296904583288,13.663310357838576,13.608059726443013,13.530858930446197,13.984433745348422,13.821106969356997,13.74636895185971,13.733448861606057,13.713033078082246,13.635240159711,13.50609438886344,13.40143060794986,13.395967507290072,,13.821106969356997,13.635240159711,,13.646408329472163,13.643739751381057,"rgba(38, 166, 154, 1.0)",0.14723233462922664,13.70580989089196,0.46993827328950044,62.81124588583277,5.856475384838433,True,False,True,False,True,4.4829364723027965,0.0,0.0,0.0,0.0,0,0.9499780605528743,1.0412461605967527,False,False,False,False,-0.08781766156839109,-0.10001056363032768,False,False,False,False,-75607.0,-74333.16944577932,False,False,False,False,3102.6236732771918,False,False,False,False
2025-07-18 14:00:00+00:00,13.895,13.945,13.89,13.935,2593.0,,,,,,,13.923333333333336,13.662420985891648,13.690281420642176,13.686060441320754,13.581826186361505,13.632899424592827,,,,,,,,,13.621184045846782,13.671137156490493,13.669095091015684,13.612087040412503,13.534825079665724,13.98418914182935,13.821454009346981,13.74693455418435,13.734048808522907,13.713683921565817,13.636066084227405,13.507152765957164,13.402617912920036,13.397163452750663,,13.821454009346981,13.636066084227405,,13.69613696535704,13.646545647481135,"rgba(38, 166, 154, 1.0)",0.14537500435736647,13.72038195506978,1.476306369715654,68.31609412683041,11.027582600586513,True,False,True,False,True,9.203437524174024,0.0,0.0,0.0,0.0,0,0.9483814523184605,1.042432195975503,False,True,False,False,-0.028526272345077458,-0.06426841798770257,False,False,False,False,-73014.0,-74312.71720630987,False,True,False,False,3094.7225310558397,False,True,False,False
2025-07-18 15:00:00+00:00,13.935,13.94,13.745,13.815,3939.0,,,,,,,13.869060522555625,13.668637386347546,13.69438301754488,13.68946465073245,13.586184742136206,13.635379171207843,,,,,,,,,13.634107294743517,13.67652845754855,13.674464108862958,13.616298577450884,13.53933824507802,13.98327727597774,13.821514957125792,13.747352012292625,13.734523060269119,13.714243800101686,13.636921463229012,13.508404830931992,13.404101278959761,13.398660877394203,,13.821514957125792,13.636921463229012,,13.690518248420759,13.649266874283274,"rgba(38, 166, 154, 1.0)",0.14137235990163258,13.72037900982755,0.6693033223629242,65.90916422517644,11.027582600586513,True,False,True,False,True,5.099876341811658,0.0,0.0,0.0,0.0,0,0.9483215547703182,1.0454946996466432,False,False,False,False,-0.05914295294318027,-0.06170568546544142,False,False,False,False,-76953.0,-74353.65182326631,False,False,False,False,3107.812104217765,False,False,False,False
2025-07-18 16:00:00+00:00,13.815,13.815,13.745,13.755,2573.0,,,,,,,13.84153779974373,13.671028402377537,13.69580384745464,13.69068735475367,13.588260893838546,13.636471743790425,,,,,,,,,13.639371442877824,13.67855023387321,13.676496352935121,13.618206731518875,13.541610269664204,13.98244503564257,13.821348455993991,13.747428511803149,13.734638594926023,13.71441878335609,13.637302040065096,13.509063281094566,13.404926310249214,13.399495491734962,,13.821348455993991,13.637302040065096,,13.687298340326423,13.650378681123922,"rgba(38, 166, 154, 0.75)",0.13672613516094415,13.720030293019349,0.25576461251894694,61.97326573258543,11.027582600586513,True,False,True,False,False,3.156573302082574,0.0,0.0,0.0,0.0,0,0.933274802458297,1.0447761194029852,False,False,False,False,-0.08473930184746854,-0.07322249365645497,False,False,False,False,-79526.0,-74433.84326786683,False,False,False,False,3099.520443687257,False,False,False,False
2025-07-18 17:00:00+00:00,13.755,13.78,13.735,13.745,1255.0,,,,,,,13.830852799227797,13.671949622151269,13.696315142802511,13.691138583270675,13.58915723093564,13.636926915385674,,,,,,,,,13.641459632165784,13.679317431252656,13.677272003346149,13.619011373287723,13.542615385585314,13.982006373426982,13.821237826895004,13.74743755944321,13.73466691491934,13.714476537419662,13.637461668488188,13.509360913132415,13.405307333466945,13.399881240697944,,13.821237826895004,13.637461668488188,,13.686056715628927,13.650822299537664,"rgba(38, 166, 154, 0.75)",0.1317682240332537,13.71988774375782,0.19057899904488385,58.97039062466666,16.74340204951632,True,False,True,False,False,2.8354227692073444,0.0,0.0,0.0,0.0,0,0.9326628771316138,1.0476606908613906,False,False,False,False,-0.09397942386602247,-0.08360095876123871,False,False,False,False,-80781.0,-74532.24879859757,False,False,False,False,3070.923227506059,False,False,False,False
2025-07-18 18:00:00+00:00,13.745,13.77,13.725,13.765,850.0,,,,,,,13.82497487362474,13.67256193055752,13.696656307121218,13.691440521950037,13.589758803031936,13.637233190223105,,,,,,,,,13.642831009071113,13.6798281675353,13.677788509677349,13.619550928529462,13.543290738157186,13.981710224398626,13.821163103011967,13.747443671594445,13.73468604710519,13.714515556442903,13.63756953411259,13.5095620849473,13.405564923982512,13.400142027551361,,13.821163103011967,13.63756953411259,,13.685437604418091,13.65111760900838,"rgba(38, 166, 154, 0.75)",0.13019043570693864,13.719854291323852,0.3467667070242592,57.67627162206162,15.34589010870954,True,False,True,False,False,3.4355514547526127,0.0,0.0,0.0,0.0,0,0.9320557491289202,1.0483449477351916,False,False,False,False,-0.09809119326616943,-0.09084607601370406,False,False,False,False,-79931.0,-74615.95036761157,False,False,False,False,3036.4903092501513,False,False,False,False
2025-07-18 19:00:00+00:00,13.765,13.78,13.735,13.75,3821.0,,,,,,,13.807186703035947,13.675258882220147,13.698184489534777,13.692797983693664,13.592436484644919,13.638609793952151,,,,,,,,,13.648689210245756,13.682089780031442,13.680075650099875,13.621953359513777,13.546297607586736,13.98039801379377,13.82083742244219,13.74747872280156,13.734779213598229,13.71469748449641,13.638058897092769,13.510468483810522,13.406723701899166,13.401315113280166,,13.82083742244219,13.638058897092769,,13.684079056180268,13.652418761478023,"rgba(38, 166, 154, 0.75)",0.1289434543295141,13.720114981725995,0.23176840134617255,56.139742033390235,13.590057258990264,True,False,True,False,False,2.939515446957458,0.0,0.0,0.0,0.0,0,0.933188720173536,1.0472885032537962,False,False,False,False,-0.09397942386602247,-0.09241274993986326,False,False,False,False,-83752.0,-74757.59454795868,False,False,False,False,3048.6532501920096,False,False,False,False
2025-07-21 14:00:00+00:00,13.67,13.705,13.625,13.695,0.0,,,,,,,13.807186703035947,13.675258882220147,13.698184489534777,13.692797983693664,13.592436484644919,13.638609793952151,,,,,,,,,13.648689210245756,13.682089780031442,13.680075650099875,13.621953359513777,13.546297607586736,13.98039801379377,13.82083742244219,13.74747872280156,13.734779213598229,13.71469748449641,13.638058897092769,13.510468483810522,13.406723701899166,13.401315113280166,,13.82083742244219,13.638058897092769,,13.684079056180268,13.652418761478023,#000000,0.12874655597602902,13.720114981725995,-0.19507303737640264,52.789985719553805,10.136909880442822,True,False,False,False,False,1.1379632121788,0.0,0.0,0.0,0.0,0,0.9257510729613736,1.0493562231759657,False,False,False,False,-0.13215288757059213,-0.11228281875522769,False,False,False,False,-83752.0,-74897.04269450196,False,False,False,False,3001.3873083285675,False,False,False,False
2025-07-21 15:00:00+00:00,13.695,13.745,13.665,13.665,200.0,,,,,,,13.805669796248878,13.675286930434112,13.69817556589996,13.692796720414496,13.59252057944485,13.638642236503385,,,,,,,,,13.648806375689505,13.682104837674162,13.68009359382216,13.622018020232378,13.546405595938063,13.980310566217362,13.820804150261848,13.747465175035092,13.734768866520744,13.71469206858345,13.63807058767941,13.510503502553634,13.406773152233676,13.401365344896833,,13.820804150261848,13.63807058767941,,13.683848638157613,13.652441559809882,#000000,0.12818230261122568,13.72004785985435,-0.4294497659424202,49.409967150586475,6.734845920521622,False,False,False,False,False,0.1708636498181093,0.0,0.0,0.0,0.0,0,0.9296675191815859,1.045609548167093,False,False,False,False,-0.11560486744112229,-0.11394384309817499,False,False,False,False,-83952.0,-75037.42962947092,False,False,False,False,2957.9549469591325,False,False,False,False
2025-07-21 16:00:00+00:00,13.665,13.735,13.665,13.69,500.0,,,,,,,13.80220519992372,13.67537791035799,13.698170418883883,13.692807493727079,13.592740765171506,13.638730801244675,,,,,,,,,13.649130360221315,13.682161852109973,13.68015748729692,13.622190715687005,13.546684134687277,13.980095961835184,13.820724262467673,13.747434366774618,13.73474601876326,13.714681477703733,13.638102516319567,13.510593404831535,13.406898871379077,13.401493009531496,,13.820724262467673,13.638102516319567,,13.683338764884809,13.65250674568633,"rgba(239, 83, 80, 0.5)",0.12753547466219142,13.71990593607191,-0.23449111826434219,48.406947507904825,5.525024041100245,False,False,False,True,False,0.9704542770445386,0.0,0.0,0.0,0.0,0,0.9303120991876872,1.0547242411286877,False,False,False,False,-0.11766974333523408,-0.11580679321670453,False,False,False,False,-83452.0,-75167.88808482795,False,False,False,False,2919.847118324107,False,False,False,False
2025-07-21 17:00:00+00:00,13.69,13.755,13.685,13.745,1078.0,,,,,,,13.797467626469949,13.675859343594064,13.69839062789238,13.693019446258518,13.593356021001178,13.639024696241302,,,,,,,,,13.650269682412597,13.682548344346861,13.680554620927674,13.622717504734373,13.547407219356327,13.979685949139714,13.820596249658854,13.74740942344996,13.734737738939073,13.714698749508546,13.638208394289824,13.510819875432807,13.40719913190337,13.40179736772316,,13.820596249658854,13.638208394289824,,13.682852960242899,13.652760732273082,#000000,0.12604160617232607,13.719867129181173,0.19940138484481096,50.22747881642792,5.525024041100245,False,False,False,False,False,2.70467269903153,0.0,0.0,0.0,0.0,0,0.9306803594351735,1.0522036799315362,False,False,False,False,-0.10941605260265683,-0.11261142290968068,False,False,False,False,-82374.0,-75279.61075017946,False,False,False,False,2891.291349047764,False,False,False,False
2025-07-21 18:00:00+00:00,13.745,13.76,13.715,13.725,690.0,,,,,,,13.794938758405245,13.67619185567154,13.698553154294853,13.693172810441661,13.593761387928238,13.639222276200597,,,,,,,,,13.651027502313898,13.682818996789498,13.680831640816157,13.623067786160988,13.547879740502424,13.979429417419611,13.820518928356936,13.747397667790688,13.734736579240046,13.714713827535457,13.638279786261288,13.510967912795412,13.407394014422678,13.401994860655824,,13.820518928356936,13.638279786261288,,13.682640040490355,13.65293276150435,#000000,0.12471950511034063,13.719878787591409,0.04106184035977614,50.472919844809454,5.525024041100245,False,False,False,False,False,2.0350528384021693,0.0,0.0,0.0,0.0,0,0.9345955249569708,1.0529259896729777,False,False,False,False,-0.10220627153491915,-0.10740884722229992,False,False,False,False,-83064.0,-75400.29895560302,False,False,False,False,2857.1628010005115,False,False,False,False
2025-07-21 19:00:00+00:00,13.725,13.735,13.72,13.725,3500.0,,,,,,,13.783559534581013,13.677630880136842,13.69920115290729,13.693806903005258,13.595685448067815,13.640141775574582,,,,,,,,,13.654373099119594,13.683973134492982,13.682020299691512,13.624705557763772,13.550155218746255,13.97810132593528,13.820098990007457,13.747310216086653,13.734702918378826,13.714762685570692,13.638614992086348,13.511693381201678,13.408358826717224,13.402972940133814,,13.820098990007457,13.638614992086348,,13.681670949045467,13.653703113280866,#000000,0.1232328053901952,13.719898489771913,0.04139733906027777,50.636547197063805,5.525024041100245,False,False,False,False,False,2.0350528384021693,0.0,0.0,0.0,0.0,0,0.9335649153278335,1.0573165436387322,False,False,False,False,-0.10632480220951927,-0.1068668247159096,False,False,False,False,-83064.0,-75519.11602605878,False,False,False,False,2867.129269202054,False,False,False,False
2025-07-22 14:00:00+00:00,13.605,13.645,13.565,13.585,400.0,,,,,,,13.780097200803775,13.677373347406592,13.69893614366034,13.693600781176912,13.595689821773677,13.640091592898223,,,,,,,,,13.654091244394149,13.683716287648735,13.68177299960845,13.624657996537366,13.550225194475415,13.977873415341254,13.819985644318992,13.747238428474708,13.734637941495055,13.714708320930441,13.638597540502426,13.511726671226242,13.40842441381576,13.403040177166835,,13.819985644318992,13.638597540502426,,13.680964814619921,13.653621162566846,"rgba(239, 83, 80, 1.0)",0.12224281699273673,13.719597990463075,-1.1010707522477325,45.25372798059044,1.215115406688092,False,True,False,True,False,0.0,0.0,0.0,0.0,0.0,0,0.9257019438444927,1.0570194384449245,False,False,False,False,-0.15711346905167822,-0.1319901468837939,False,False,False,False,-83464.0,-75642.2925217788,False,False,False,False,2828.8792030128748,False,False,False,False
2025-07-22 15:00:00+00:00,13.585,13.655,13.565,13.585,400.0,,,,,,,13.776823095860667,13.677128272569089,13.698681257970403,13.693402728408627,13.595699677885701,13.640045526749587,,,,,,,,,13.653828891947121,13.683470944125904,13.681536977973543,13.624616607259663,13.55029980166716,13.977647777372933,13.819874117249897,13.747168315476575,13.734574613999827,13.714655562750737,13.638581547537848,13.51176121596673,13.40849110605123,13.403108514769954,,13.819874117249897,13.638581547537848,,13.680296759907348,13.653543999582082,"rgba(239, 83, 80, 1.0)",0.12123846652683794,13.719312443150368,-1.1078368689250573,41.66518183627486,-2.2663420793714693,False,True,False,True,False,0.0,0.0,0.0,0.0,0.0,0,0.920792079207921,1.056823073611709,False,False,False,False,-0.15502640947560867,-0.1435082781797013,False,False,False,False,-83464.0,-75763.55930438687,False,False,False,False,2791.2221611056984,False,False,False,False
2025-07-22 16:00:00+00:00,13.585,13.615,13.555,13.61,379.0,,,,,,,13.773687438001625,13.67687204167473,13.698420344122276,13.693198883842593,13.595695986301317,13.639992525599073,,,,,,,,13.593333333333335,13.653543396962567,13.683216287737604,13.68129142794182,13.624563338200613,13.550358856727671,13.977429501973125,13.819764518838488,13.747098144490698,13.734510908135233,13.714601936320074,13.638562989079675,13.511790891054133,13.408551530347617,13.403170505595591,,13.819764518838488,13.638562989079675,,13.679644536590269,13.649452504449213,"rgba(239, 83, 80, 1.0)",0.1199502524510746,13.71296548688936,-0.8584015855352849,40.759687949571116,-3.2554888794951395,False,True,False,True,False,0.0,0.0,0.0,0.0,0.0,0,0.9337401918047082,1.0597210113339146,False,False,False,False,-0.16547548783491603,-0.15449188300730865,False,False,False,False,-83085.0,-75877.07001284599,False,False,False,False,2753.8233679102614,False,False,False,False
2025-07-22 17:00:00+00:00,13.61,13.645,13.585,13.605,1051.0,,,,,,,13.766356781035203,13.676323772950914,13.697828578166035,13.692740906224282,13.595764779735024,13.639903679718273,,,,,,,,13.606807692307692,13.653002437725336,13.682660088806045,13.680758042923122,13.624502726278108,13.550591280133036,13.976854330035167,13.81948570989074,13.74692704977674,13.734357448836716,13.714475917847524,13.638532432609667,13.511891546212887,13.408735490045862,13.403358753225447,,13.81948570989074,13.638532432609667,,13.67815308297162,13.650196063110275,"rgba(239, 83, 80, 1.0)",0.11868529057221744,13.71300162224124,-0.9099832146050398,39.960129445820016,-4.268022324297235,False,True,False,True,False,0.0,0.0,0.0,0.0,0.0,0,0.927087936367654,1.0671674768007071,False,False,False,False,-0.14095914133908355,-0.1477255121731961,False,False,False,False,-84136.0,-76005.1154390034,False,False,False,False,2727.423005617079,False,False,False,False
2025-07-22 18:00:00+00:00,13.605,13.675,13.585,13.67,200.0,,,,,,,13.765306600082521,13.676271070463406,13.697757932649715,13.692688150228326,13.595803739376619,13.639905725562711,,,,,,,,13.611289366053171,13.652978727317313,13.682601999492862,13.68070356379481,13.624519552390405,13.550658138358529,13.976754555748176,13.819440810113756,13.746902151271595,13.734335815728409,13.714459347723553,13.638533470296734,13.511916749276006,13.408775915680927,13.403399977152649,,13.819440810113756,13.638533470296734,,13.677955536393883,13.650484676026592,"rgba(239, 83, 80, 0.75)",0.11695683349387681,13.713145024610062,-0.36889699661987896,43.141453729353316,-4.268022324297235,False,True,False,True,True,0.35423264487954853,0.0,0.0,0.0,0.0,0,0.9455626715462034,1.069533394327539,False,False,False,False,-0.05794634377811166,-0.10283592797565388,False,False,False,False,-83936.0,-76128.07488956148,False,False,False,False,2688.2381528168144,False,False,False,False
2025-07-22 19:00:00+00:00,13.665,13.685,13.665,13.67,5075.0,,,,,,,13.748931202638229,13.676156623423143,13.696980069405654,13.692177571243176,13.597382205569087,13.640404161341342,,,,,,,,13.658250310713399,13.654171081741406,13.682267148836809,13.680441017505927,13.62560181038965,13.552861918179334,13.974468624528544,13.818501877876004,13.746456188045189,13.73397013272289,13.71421771286777,13.638723294600176,13.51269831615523,13.409927680946323,13.404571518814853,,13.818501877876004,13.638723294600176,,13.675338638936772,13.6538085755949,"rgba(239, 83, 80, 0.75)",0.11516725009962275,13.714512202910758,-0.38650052746986135,45.26233658504218,-4.268022324297235,False,True,False,True,True,0.35423264487954853,0.0,0.0,0.0,0.0,0,0.9951876804619831,1.0356111645813282,False,False,False,False,0.05184869266710297,-0.025493617654275456,False,False,False,False,-83936.0,-76249.12799204889,False,False,False,False,2725.2422124630652,False,False,False,False
2025-07-23 14:00:00+00:00,13.585,13.635,13.565,13.595,1090.0,,,,,,,13.743384413507247,13.675510860738934,13.696309894064138,13.691648860380452,13.597386346539704,13.640269858005437,,,,,,,,13.64987192644858,13.653477286976349,13.68162089296394,13.679817585704066,13.625472576463142,13.553036688599434,13.973860980027151,13.818198412939267,13.746263589620012,13.733795724699997,13.7140716598254,13.638676030688307,13.512787278952342,13.410103684937654,13.404751968107007,,13.818198412939267,13.638676030688307,,13.674085038872652,13.653053752463512,"rgba(239, 83, 80, 0.75)",0.11391548945930187,13.713493991378531,-1.0401920927606971,43.22977562322248,-4.268022324297235,False,True,False,True,True,0.0,0.0,0.0,0.0,0.0,0,0.993203883495146,0.9966019417475728,False,False,False,False,0.016398942369318558,-0.004547337642478449,False,False,False,False,-85026.0,-76385.20352705588,False,False,False,False,2699.8896200217773,False,False,False,False
2025-07-23 15:00:00+00:00,13.595,13.625,13.555,13.625,700.0,,,,,,,13.7401097577078,13.675119440658284,13.695898766933711,13.691324468295127,13.597398280882185,13.640190879110708,,,,,,,13.601666666666667,13.64589974494801,13.653067137875793,13.681227489350933,13.67943835958296,13.625400340715506,13.553156427266613,13.973475238470312,13.81800691587745,13.746142947557363,13.73368670616889,13.713980754048483,13.638648239114408,13.51284653599726,13.410218540293362,13.404869668253184,,13.81800691587745,13.638648239114408,,13.67334026559797,13.6494832320117,"rgba(239, 83, 80, 0.75)",0.1123140304746252,13.706841818896436,-0.728687400412775,43.6169076367233,-4.268022324297235,False,True,False,True,True,0.0,0.0,0.0,0.0,0.0,0,0.9960803527682511,0.9906908378245957,False,False,False,False,0.03792352569559809,0.01668809402655982,False,False,False,False,-84326.0,-76508.31665066742,False,False,False,False,2668.8835794012844,False,False,False,False
2025-07-23 16:00:00+00:00,13.625,13.655,13.61,13.625,1576.0,,,,,,,13.734664731722628,13.674587336745583,13.695260510450524,13.690830732186614,13.597601658519208,13.640144152767313,,,,,,,13.621285881663738,13.643411610895972,13.652663211149507,13.680666217099315,13.67890408140874,13.625431550758398,13.553580065530955,13.972675647078054,13.817633314335854,13.745925188770935,13.733494451353208,13.713828119173758,13.638633642445665,13.51302212642284,13.410514820770745,13.405172225112059,,13.817633314335854,13.638633642445665,,13.672181520398643,13.65042763462311,"rgba(239, 83, 80, 0.75)",0.11067145599107651,13.707151207389552,-0.7422980628010909,43.87499564572384,-4.268022324297235,False,True,False,True,True,0.0,0.0,0.0,0.0,0.0,0,1.0354166666666667,0.9703124999999999,False,False,False,False,0.07595649383895141,0.046322293932755616,False,False,False,False,-84326.0,-76629.52104368032,False,False,False,False,2651.9396479376983,False,False,False,False
2025-07-23 17:00:00+00:00,13.625,13.665,13.615,13.645,2422.0,,,,,,,13.728096397604887,13.67400130826559,13.694474489476663,13.690229854316264,13.598020096161513,13.640154805961696,,,,,,,13.631792961543919,13.643073321059795,13.652375040123491,13.680020419697714,13.678295740193628,13.625599097813138,13.554320099066228,13.971495654097993,13.817097568436175,13.745625643294725,13.73323352952701,13.713627123900386,13.63864148928632,13.513317761384029,13.410992711351179,13.405659659107666,,13.817097568436175,13.63864148928632,,13.670829491964435,13.650947988742711,"rgba(239, 83, 80, 0.75)",0.11040568107859322,13.707010968973176,-0.5616646568126619,45.29990703168032,-4.268022324297235,False,True,False,True,True,0.0,0.0,0.0,0.0,0.0,0,1.0416666666666667,0.9477848101265823,False,False,False,False,0.08268788384872222,0.06450508889073892,False,False,False,False,-81904.0,-76711.29591122015,False,False,False,False,2648.3746921557185,False,False,False,False
2025-07-23 18:00:00+00:00,13.645,13.695,13.635,13.675,2977.0,,,,,,,13.723322600552741,13.673879946296493,13.694011587099531,13.68990578153845,13.598831316803214,13.640395088603725,,,,,,,13.645966340933766,13.64793428140487,13.652873025856048,13.679787290355867,13.678099629044308,13.626134386071213,13.555485404671744,13.970173077702764,13.81654293056743,13.745353648128532,13.733007652084993,13.713472584357659,13.638735609296935,13.513754397285648,13.411645003160263,13.406323428592119,,13.81654293056743,13.638735609296935,,13.670057720149027,13.652205543094635,#000000,0.11017075199256936,13.707600172608002,-0.29590587354981435,48.01932010628228,-6.681418602540603,False,False,False,False,True,0.6300112854509656,0.0,0.0,0.0,0.0,0,1.0536663124335814,0.9303931987247607,False,False,False,False,0.10518343042439134,0.08484425965756512,False,False,False,False,-78927.0,-76745.64791259659,False,False,False,False,2653.469658168808,False,False,False,False
2025-07-23 19:00:00+00:00,13.675,13.705,13.675,13.69,4860.0,,,,,,,13.719478506491969,13.674424395102907,13.693898877313872,13.689908004297608,13.600516710156946,13.6410761436616,,,,,,,13.663038824624383,13.657990326282999,13.654672717600906,13.680109376318127,13.67847015522996,13.62741419476675,13.55769302680026,13.968191791160242,13.81577738511502,13.745037463506135,13.73276467269454,13.713342565312454,13.638999531783627,13.514561125751342,13.412792090880284,13.407488878782315,,13.81577738511502,13.638999531783627,,13.669883772837485,13.654271507913085,#000000,0.1100914034660779,13.708899797923962,-0.17167369412077857,50.67703929499961,-4.041145910136429,False,False,False,False,True,1.151907433589038,0.0,0.0,0.0,0.0,0,1.0551391862955035,0.928800856531049,False,False,False,False,0.1277855628131999,0.1063149112353825,False,False,False,False,-74067.0,-76704.11848759509,False,False,False,False,2687.679430910377,False,False,False,False
2025-07-24 14:00:00+00:00,13.765,13.845,13.745,13.825,1418.0,,,,,,,13.722263301719984,13.675698583976196,13.694802231702557,13.690694800665947,13.60161373679591,13.641730182312036,,,,,,,13.67746589741752,13.667575562503833,13.656769179829135,13.681248111163265,13.679609260423213,13.62844646722199,13.55887160123723,13.96785577202788,13.815758395307942,13.745137231503577,13.732883549741347,13.713490459940017,13.639248508079953,13.514948494140219,13.41326310296417,13.407964804546785,,13.815758395307942,13.639248508079953,,13.671133806195437,13.656283524878004,"rgba(38, 166, 154, 1.0)",0.11075811645371196,13.710794508098203,1.0311252624950933,57.66218092358828,2.423043206158397,True,False,True,False,True,5.6230451148289795,0.0,0.0,0.0,0.0,0,1.0575386254661696,0.9168886521044216,False,False,False,False,0.22443721103694042,0.16537606113616146,False,False,False,False,-72649.0,-76641.24843352384,False,False,False,False,2667.9944784931618,False,False,False,False
2025-07-24 15:00:00+00:00,13.825,13.855,13.765,13.835,1206.0,,,,,,,13.724852188680092,13.67687261265319,13.695650619013445,13.691432623943504,13.602598091278184,13.642327436970234,,,,,,,13.688672845614265,13.675496355028898,13.658663025024948,13.682302982931887,13.680663358850769,13.629380603712018,13.559918991050582,13.967594385456303,13.815762248269474,13.745240663798313,13.733002982364644,13.713634140862954,13.639476660412916,13.515292243603353,13.413676410908517,13.40838224357898,,13.815762248269474,13.639476660412916,,13.672288928756442,13.6579475088418,"rgba(38, 166, 154, 1.0)",0.11171057359205498,13.716859203057771,1.0575614567485512,62.59093219431561,6.735075250642133,True,False,True,False,True,5.939091772930588,0.0,0.0,0.0,0.0,0,1.0554666666666668,0.9189333333333332,False,False,False,False,0.23854560749038237,0.20196083431327191,False,False,False,False,-71443.0,-76560.65543455449,False,False,False,False,2645.327897431252,False,False,False,False
2025-07-24 16:00:00+00:00,13.835,13.845,13.665,13.675,5319.0,,,,,,,13.725221980348302,13.678675320626803,13.696611476832425,13.692350014878935,13.605067420625693,13.643591422300691,,,,,,,13.698974346453104,13.685436576710407,13.66208785030606,13.68381390239688,13.682209115183436,13.631481979805889,13.562864990309317,13.965763774812022,13.815189044607965,13.74513594427385,13.732974372885158,13.713722452770801,13.63997314462614,13.516351568890487,13.415086067730046,13.409811273118523,,13.815189044607965,13.63997314462614,,13.673586272602138,13.660054775305005,"rgba(38, 166, 154, 0.75)",0.11177208953944484,13.714939679581605,-0.3573314209851015,57.638589876248425,6.735075250642133,True,False,True,False,False,0.33594359305694255,0.0,0.0,0.0,0.0,0,1.0446333687566418,0.9250797024442081,False,False,False,False,0.18722486101525845,0.19459284766426518,False,False,False,False,-76762.0,-76563.77705572419,False,False,False,False,2686.7801780912323,False,False,False,False
2025-07-24 17:00:00+00:00,13.67,13.695,13.655,13.67,4919.0,,,,,,,13.720580488928496,13.678507690246683,13.695995327521876,13.691922620026682,13.606285163937201,13.64399023285229,,,,,,,13.694008084944416,13.683642895878524,13.662576849183477,13.683505127882624,13.681950700293372,13.6322880740938,13.56462359745106,13.963709155998155,13.814334130923163,13.744727004673743,13.732638353751284,13.713499285404314,13.64014463998941,13.517070139571297,13.416151591328418,13.410895278044215,,13.814334130923163,13.64014463998941,,13.672880253918871,13.659735306838204,"rgba(38, 166, 154, 0.75)",0.11137037469800491,13.712655428768503,-0.38300516527998524,54.148466359169966,11.168221790973448,True,False,True,False,False,0.17000694332086752,0.0,0.0,0.0,0.0,0,1.0356762513312034,0.9398296059637911,False,False,False,False,0.11421016321091834,0.15440150543759176,False,False,False,False,-81681.0,-76643.11384555792,False,False,False,False,2721.3882373456318,False,False,False,False
2025-07-24 18:00:00+00:00,13.675,13.805,13.67,13.805,4142.0,,,,,,,13.723341647923611,13.680605535149374,13.697390761580916,13.693187031971659,13.608559874192267,13.645285470532421,,,,,,,13.703261563808297,13.692114292601916,13.666018030540773,13.685356866641339,13.683818346380116,13.634326307812845,13.567207959557125,13.962511062517605,13.814059794730138,13.744799899827001,13.73276754670953,13.713714634609028,13.640661221365255,13.51800288632258,13.417342069400943,13.412100318373579,,13.814059794730138,13.640661221365255,,13.67472838689171,13.66175392507488,"rgba(38, 166, 154, 0.75)",0.1107857684294338,13.715175681759252,0.8107929340938971,56.48304660322301,11.168221790973448,True,False,True,False,False,4.451224092166587,0.0,0.0,0.0,0.0,0,1.0354685018528322,0.9322392800423503,False,False,False,False,0.17111001955717803,0.16275576249738488,False,False,False,False,-77539.0,-76657.00355337873,False,False,False,False,2743.4132259139164,False,False,False,False
2025-07-24 19:00:00+00:00,13.805,13.835,13.805,13.825,15961.0,,,,,,,13.744240329897643,13.69333581175317,13.707022396164628,13.70176825500444,13.620056558473237,13.652560975504702,,,,,,,13.744797032967034,13.730913156331113,13.684665490711204,13.69698720415967,13.695456152321707,13.645180163175327,13.57954916123256,13.95938975251869,13.814204971748977,13.746188087406589,13.734356141818118,13.715607337837096,13.643618342915651,13.522430271047789,13.422665342191396,13.417476593739357,,13.814204971748977,13.643618342915651,,13.686497387799635,13.672092825132642,"rgba(38, 166, 154, 1.0)",0.10967655148644845,13.728341462578788,0.8813054031257929,58.58655189516381,11.168221790973448,True,False,True,False,True,5.0561625004929205,0.0,0.0,0.0,0.0,0,1.055407565263719,0.9243473628129991,False,False,False,False,0.2480029218343237,0.2053793421658543,False,False,False,False,-61578.0,-76423.22055255115,False,False,False,False,2948.3370518687393,False,False,False,False
2025-07-25 14:00:00+00:00,13.745,13.76,13.685,13.705,3120.0,,,,,,,13.743140401121712,13.69374025817683,13.70716632466449,13.701960261499462,13.621064734758406,13.653073735573987,,,,,,,13.742991875771288,13.73012526219386,13.685397777696286,13.697310045604477,13.69580050752088,13.64598069829739,13.580836905328097,13.958342803344506,13.813842441476297,13.746084236371923,13.73429456591146,13.715610956024829,13.643850882858395,13.522982276522441,13.423420045185877,13.418242341887098,,13.813842441476297,13.643850882858395,,13.68669095263248,13.672194601374695,"rgba(38, 166, 154, 1.0)",0.10804257585883356,13.728044825988903,-0.21329393348611586,55.34410712249435,11.168221790973448,True,False,True,False,True,1.0629710168063085,0.0,0.0,0.0,0.0,0,1.0535809018567641,0.9183023872679044,False,False,False,False,0.15736731455651623,0.18137332836118525,False,False,False,False,-64698.0,-76241.43418739532,False,False,False,False,2950.9984929250377,False,False,False,False
2025-07-25 15:00:00+00:00,13.705,13.715,13.645,13.655,2000.0,,,,,,,13.741358324814458,13.693497664578521,13.706829935453706,13.7017120459173,13.621400983678818,13.653168581740273,,,,,,,13.740173811405242,13.728123769579732,13.685199272350525,13.69704318559451,13.695551930550975,13.646163770011395,13.581380447856766,13.957552338961992,13.813504503829975,13.745916801381762,13.73415513112942,13.715514952246753,13.643907528784613,13.523252649383656,13.423827867968212,13.418657439787369,,13.813504503829975,13.643907528784613,,13.686327922697181,13.67187033755143,#000000,0.10703527245521975,13.727305183823068,-0.6755266947474636,51.64799662528761,9.260024756504599,False,False,False,False,False,0.0,0.0,0.0,0.0,0.0,0,1.0460317460317463,0.9206349206349206,False,False,False,False,0.11873039750364617,0.1500518629324157,False,False,False,False,-66698.0,-76093.47396743571,False,False,False,False,2936.254330244029,False,False,False,False
2025-07-25 16:00:00+00:00,13.655,13.685,13.655,13.665,1570.0,,,,,,,13.73995647070332,13.693282420775441,13.706545691402551,13.701498725208042,13.621644527002239,13.653229065843568,,,,,,,13.738012678035384,13.726558861937706,13.685010017987112,13.696810550382954,13.695333621121247,13.64628711713404,13.58178700692509,13.9569276724455,13.813234138234543,13.745780014890794,13.734040293475841,13.715434175899272,13.643946514202526,13.523459452686856,13.424142778115943,13.41897805967154,,13.813234138234543,13.643946514202526,,13.68602615015586,13.671608934571646,#000000,0.10608567844522994,13.726727521452412,-0.5818647941652358,49.56965601257917,7.166909570388334,False,True,False,False,False,0.0,0.0,0.0,0.0,0.0,0,1.0457481162540367,0.9391819160387513,False,False,False,False,0.10969457119212975,0.12987321706227273,False,False,False,False,-65128.0,-75923.46661910338,False,False,False,False,2915.072092565827,False,False,False,False
2025-07-25 17:00:00+00:00,13.665,13.695,13.615,13.635,4454.0,,,,,,,13.735224340391325,13.692217532605685,13.705351341474458,13.700551966095595,13.62203172824587,13.653174290171293,,,,,,,13.730961060894947,13.721151942146836,13.683878487302215,13.695721213191394,13.694287970362968,13.646318913135756,13.582658153998088,13.955048325494058,13.812367464112194,13.745295033803123,13.733618172469273,13.715109846980376,13.643966288067775,13.523962394046562,13.424958950714155,13.419810578092747,,13.812367464112194,13.643966288067775,,13.684758533164036,13.670569674675779,"rgba(239, 83, 80, 1.0)",0.10569908844124828,13.72471020084555,-0.8487320200061574,47.19296292054979,4.714539918268514,False,True,False,True,False,0.0,0.0,0.0,0.0,0.0,0,1.032866379310345,0.9423491379310345,False,False,False,False,0.09617374400627035,0.11302348053427154,False,False,False,False,-69582.0,-75825.14930717928,False,False,False,False,2938.9314399679074,False,False,False,False
2025-07-25 18:00:00+00:00,13.635,13.645,13.615,13.625,1290.0,,,,,,,13.733648965664326,13.691782174818002,13.704896379502719,13.700181400529026,13.622058096248267,13.653094053518087,,,,,,,13.728675878298295,13.719330280393738,13.683386562679502,13.695285472013364,13.693865708802749,13.646238331741486,13.582830675669348,13.954473068086173,13.812087752598144,13.745126682934865,13.733468201518289,13.714988538307269,13.643945905645165,13.524084001032067,13.425173162205574,13.42002956681114,,13.812087752598144,13.643945905645165,,13.684276845046739,13.670186861796072,"rgba(239, 83, 80, 1.0)",0.10432179080158435,13.724021345656945,-0.94919139037097,45.26948521995975,2.6341139093708463,False,True,False,True,False,0.0,0.0,0.0,0.0,0.0,0,1.0340909090909092,0.9442640692640694,False,False,False,False,0.07371425293099293,0.09336886673263223,False,False,False,False,-70872.0,-75748.35629466486,False,False,False,False,2913.366611441273,False,False,False,False
2025-07-25 19:00:00+00:00,13.625,13.635,13.59,13.59,611.0,,,,,,,13.732757141182304,13.691502962007313,13.704617657892967,13.699950638054723,13.622024356002731,13.6530205880147,,,,,,13.605,13.727385145329805,13.718277283690082,13.683059125817554,13.695009802892724,13.693597046361303,13.646151005998098,13.58287026617837,13.954181864756661,13.811938780355803,13.745031217083426,13.733381586032777,13.714915760138764,13.643921869770717,13.524128630861464,13.425262829882206,13.420121528328714,,13.811938780355803,13.643921869770717,,13.683978890525788,13.666131396675201,"rgba(239, 83, 80, 1.0)",0.10298088688235556,13.71720105983664,-1.2351909532683802,42.79662277577063,0.013505644707315412,False,True,False,True,False,0.0,0.0,0.0,0.0,0.0,0,1.0387554585152838,0.9437772925764193,False,False,False,False,0.05803799810518505,0.07570343241890864,False,False,False,False,-71483.0,-75682.2267397088,False,False,False,False,2877.6710050623387,False,False,False,False
2025-07-28 14:00:00+00:00,13.955,13.985,13.885,13.905,600.0,,,,,,,13.73405697231958,13.692238366447068,13.705219828345196,13.70048516325173,13.62261170022574,13.65342795626451,,,,,,13.763546655656482,13.729389861075889,13.720130191216015,13.684047513674226,13.69569732932757,13.694282004857726,13.646729658937895,13.583469199595031,13.954158005853063,13.812018592313096,13.745151538787821,13.733508368657619,13.715052179214535,13.64409211387908,13.52434563636276,13.42550740963395,13.42036789884286,,13.812018592313096,13.64409211387908,,13.684673331142305,13.675970244581507,#000000,0.10443766191005367,13.725844406797478,1.7154309080264378,50.80401700786396,-6.830372644420969,False,True,False,False,True,6.9117754396081885,0.0,0.0,0.0,0.0,0,1.0438225976768745,0.9197465681098207,False,False,False,False,0.34282815663882726,0.20926579452886795,False,False,False,False,-70883.0,-75607.82012358928,False,False,False,False,2842.3582763016825,False,False,False,False
2025-07-28 15:00:00+00:00,13.905,13.92,13.86,13.905,1385.0,,,,,,,13.736530298995463,13.693701834384276,13.70640931999233,13.701545801000782,13.623825180905943,13.65426028981902,,,,,,13.833678736517719,13.733179222424143,13.7236749359678,13.686018234348477,13.697063186142557,13.695644148381888,13.647913237482548,13.584723021352772,13.954046568540779,13.812153590057418,13.745382440888433,13.733754636811964,13.715321503958734,13.644442422721166,13.524808220778661,13.426037214265497,13.420901932446421,,13.812153590057418,13.644442422721166,,13.686045454182969,13.681102544299234,"rgba(38, 166, 154, 1.0)",0.10681928833489686,13.730733896071126,1.6314104563449208,56.142279829259515,-1.9877648604164477,True,False,True,False,True,6.9117754396081885,0.0,0.0,0.0,0.0,0,1.037467018469657,0.9271767810026386,False,False,False,False,0.2994312010013789,0.2543484977651234,False,False,False,False,-70883.0,-75534.56709841735,False,False,False,False,2819.763574343517,False,False,False,False
2025-07-28 16:00:00+00:00,13.905,13.925,13.9,13.925,12.0,,,,,,,13.736554280938439,13.693715776802737,13.70642073745578,13.701555963671149,13.62383648385392,13.65426812309851,,,,,,13.834060582822085,13.73321559138009,13.7237088253801,13.686036901895456,13.697076224922647,13.695657143463757,13.647924337912276,13.584734596206156,13.954045958470815,13.812155063189534,13.74538472763818,13.733757053531416,13.715324114897614,13.644445715706581,13.524812457967977,13.426042011244856,13.420906765419177,,13.812155063189534,13.644445715706581,,13.686058560970087,13.681134592473454,"rgba(38, 166, 154, 1.0)",0.10967511399877426,13.730766256813833,1.7709919425143077,60.10043002925384,1.5825528832352234,True,False,True,False,True,7.458488275838473,0.0,0.0,0.0,0.0,0,1.0386857445680975,0.9305776364599895,False,False,False,False,0.3209835206693811,0.28766600921725227,False,False,False,False,-70871.0,-75462.2637325504,False,False,False,False,2776.2323561366406,False,False,False,False
2025-07-28 17:00:00+00:00,13.92,13.935,13.895,13.925,200.0,,,,,,,13.736956731904598,13.693949629190042,13.70661235315836,13.70172651149495,13.624025809410238,13.65439943774082,,,,,,13.84006291547958,13.733825112772053,13.724276765348156,13.686349828581438,13.697294957853039,13.695875135015186,13.648110356696122,13.58492835970293,13.954036246801312,13.812180000720247,13.745423201914642,13.733797689721383,13.715367980708562,13.644500923019034,13.52488336461048,13.426122218637833,13.420987571843044,,13.812180000720247,13.644500923019034,,13.686278412149838,13.68164838996618,"rgba(38, 166, 154, 1.0)",0.11241405125220102,13.731288888714392,1.7231930450670943,62.73919682925006,4.049945317013268,True,False,True,False,True,7.458488275838473,0.0,0.0,0.0,0.0,0,1.0540540540540542,0.9302702702702703,False,False,False,False,0.3233957845091326,0.30553089686319246,False,False,False,False,-70871.0,-75391.0813491,False,False,False,False,2736.2907692197937,False,False,False,False
2025-07-28 18:00:00+00:00,13.925,13.99,13.9,13.985,0.0,,,,,,,13.736956731904598,13.693949629190042,13.70661235315836,13.70172651149495,13.624025809410238,13.65439943774082,,,,,,13.84006291547958,13.733825112772053,13.724276765348156,13.686349828581438,13.697294957853039,13.695875135015186,13.648110356696122,13.58492835970293,13.954036246801312,13.812180000720247,13.745423201914642,13.733797689721383,13.715367980708562,13.644500923019034,13.52488336461048,13.426122218637833,13.420987571843044,,13.812180000720247,13.644500923019034,,13.686278412149838,13.68164838996618,"rgba(38, 166, 154, 1.0)",0.1154225296914514,13.731288888714392,2.19810735359752,65.7835894677406,7.0277891577645875,True,False,True,False,True,9.111091803439493,0.0,0.0,0.0,0.0,0,1.0506192784060313,0.9100700053850297,False,False,False,False,0.34282815759742086,0.32417952723030663,False,False,False,False,-70871.0,-75321.00256849379,False,False,False,False,2693.8676565187116,False,False,False,False
2025-07-28 19:00:00+00:00,13.985,14.035,13.975,14.025,2477.0,,,,,,,13.744288210344104,13.697994182311549,13.709990752415097,13.704717363356576,13.627087843109747,13.656586316054803,,,,,,13.920491012298957,13.744711294600252,13.73430105331343,13.691688297205147,13.701097476214889,13.699658066336191,13.651181633186683,13.587976200430786,13.954229692768784,13.812758584485413,13.746154734120747,13.734553287371968,13.716158796741764,13.645415245791325,13.525967248447712,13.427301378375306,13.422173590795097,,13.812758584485413,13.645415245791325,,13.690110777931979,13.68916574073438,"rgba(38, 166, 154, 1.0)",0.1199522427491634,13.739255630110971,2.3821511239815636,68.59060470123919,9.861743649759255,True,False,True,False,True,10.189848734131576,0.0,0.0,0.0,0.0,0,1.0561858454889248,0.9113992436520801,False,False,False,False,0.342828164638727,0.3335038459345168,False,False,False,False,-68394.0,-75213.60717983496,False,False,False,False,2690.5053672703593,False,False,False,False
2025-07-29 14:00:00+00:00,14.115,14.135,14.1,14.105,300.0,,,,,,,13.745477233755407,13.698633562364334,13.710531035026769,13.705194365539514,13.627552589434965,13.656924677255263,,,,,,13.93084959713518,13.746452295113798,13.735895546456515,13.692524651115638,13.701700498167424,13.700257378566539,13.6516540038386,13.588430251820018,13.954294348457244,13.81286413189579,13.746276881064638,13.734677994095762,13.716287142648378,13.645556327756067,13.52612560428585,13.427468659314123,13.422341629029557,,13.81286413189579,13.645556327756067,,13.690718910562708,13.690215114162418,"rgba(38, 166, 154, 1.0)",0.1268254102484926,13.740404118284449,2.8747857468088513,71.81388364613628,13.12909026766333,True,False,True,False,True,12.285332645607514,0.0,0.0,0.0,0.0,0,1.056390977443609,0.9081632653061226,False,False,False,False,0.34282817541192556,0.33816601067322116,False,False,False,False,-68094.0,-75103.22567317086,False,False,False,False,2653.443268552989,False,False,False,False
2025-07-29 15:00:00+00:00,14.105,14.16,14.095,14.145,800.0,,,,,,,13.748781194651794,13.700410757754614,13.712035923925448,13.706523009684883,13.628838426370242,13.657863959510129,,,,,,13.956219524928215,13.75126432313935,13.740304540958295,13.6948440254137,13.703377678477464,13.70192405692523,13.652963315325112,13.589683215823118,13.954488156853193,13.813163940183816,13.746619935623867,13.735027687927396,13.716646212906369,13.645948198351995,13.526561837888448,13.427927339510346,13.422802290049747,,13.813163940183816,13.645948198351995,,13.692408878649516,13.692927428252098,"rgba(38, 166, 154, 1.0)",0.13503426325294657,13.74342179154148,2.973898614948437,74.55155590270641,15.968590344439832,True,False,True,False,True,13.303100117734854,0.0,0.0,0.0,0.0,0,1.061158798283262,0.9002145922746781,False,False,False,False,0.3428281762457352,0.3404970934594782,False,False,False,False,-67294.0,-74982.15240692014,False,False,False,False,2624.70771400178,False,False,False,False
2025-07-29 16:00:00+00:00,14.145,14.185,14.135,14.155,490.0,,,,,,,13.75090698035727,13.701554577940444,13.7130067731548,13.707380168809042,13.629661646063903,13.658467596626743,,,,,,13.970624727272725,13.754342040971675,13.743125791967383,13.696332937793107,13.704457888148594,13.7029973684,13.653803312980553,13.590482975175306,13.954623222113293,13.813361612988299,13.746843320761844,13.735254997260272,13.71687901513709,13.646200204025229,13.526839717627315,13.428217933176517,13.423094067494961,,13.813361612988299,13.646200204025229,,13.693496290492035,13.694557713723187,"rgba(38, 166, 154, 1.0)",0.14283068159053752,13.745265385630688,2.8686736617551505,76.52542050466478,18.15355691346511,True,False,True,False,True,13.557468120541941,0.0,0.0,0.0,0.0,0,1.0652642934196332,0.9023732470334412,False,False,False,False,0.3428281788380961,0.3416626361487871,False,False,False,False,-66804.0,-74855.35934634774,False,False,False,False,2591.6114703738453,False,False,False,False
2025-07-29 17:00:00+00:00,14.155,14.415,14.135,14.385,1150.0,,,,,,,13.757655838470106,13.705110388085615,13.7160476423942,13.710058846959356,13.632141131182339,13.66031141487729,,,,,,14.01949678089304,13.764059036674297,13.751990694290026,13.7009374105307,13.707822736216517,13.70633827331376,13.65635963282086,13.59285560892531,13.955177581260337,13.814030462437836,13.7475616457949,13.7359805195279,13.717613866002583,13.646967460772593,13.52764904539093,13.429042070535857,13.423920564425131,,13.814030462437836,13.646967460772593,,13.696887543661484,13.699870787636033,"rgba(38, 166, 154, 1.0)",0.16121573593643862,13.751240324256079,3.931127889363038,80.22576468787958,21.95384648092923,True,False,True,False,True,18.978200342581193,0.0,0.0,0.0,0.0,0,1.0669831223628694,0.8739451476793251,False,False,False,False,0.3428281851950641,0.3422454106719256,False,False,False,False,-65654.0,-74712.70261229583,False,False,False,False,2569.260904941693,False,False,False,False
2025-07-29 18:00:00+00:00,14.385,14.535,14.345,14.485,2076.0,,,,,,,13.772484285748437,13.712917859859402,13.722761921643798,13.71597266092046,13.637506354809874,13.664340362573673,,,,,,14.10900323400323,13.785142206217387,13.771236999428544,13.710987705444275,13.715223178006463,13.713683679047467,13.661922829999174,13.597945666218283,13.956574592292705,13.815579810296045,13.749182076834579,13.73761057528853,13.719254811686326,13.648645762048258,13.529372169046589,13.430766901596074,13.425648952843432,,13.815579810296045,13.648645762048258,,13.704330574259274,13.710457714723374,"rgba(38, 166, 154, 1.0)",0.18196987672702894,13.763441414631668,3.965263912613041,83.31940529992784,25.132964805970246,True,False,True,False,True,20.0,0.0,0.0,0.0,0.0,0,1.0848074921956297,0.8652445369406868,False,False,False,False,0.3428281944431234,0.3425368025575245,False,False,False,False,-63578.0,-74540.07156404319,False,False,False,False,2561.613449051124,False,False,False,False
2025-07-29 19:00:00+00:00,14.485,14.495,14.445,14.46,2048.0,,,,,,,13.786747210155477,13.720580958385245,13.729370794039133,13.721806081486145,13.64280566113889,13.66833319968508,,,,,,14.169295826817018,13.805058050216646,13.789525090526205,13.72079475269526,13.722494444418192,13.720901973266425,13.667415193141249,13.602976077042053,13.957977210406206,13.817128693588254,13.750799698216005,13.739237453882978,13.720892040748728,13.65031846613336,13.531087135526942,13.432482113025142,13.42736762227827,,13.817128693588254,13.65031846613336,,13.711607317481663,13.719161873054643,"rgba(38, 166, 154, 1.0)",0.19950777265902575,13.773905120462583,3.4389380944571375,84.15899334265154,26.270757400495242,True,False,True,False,True,20.0,0.0,0.0,0.0,0.0,0,1.0930353430353432,0.8695426195426197,False,False,False,False,0.3428281958653906,0.34268249921145755,False,False,False,False,-65626.0,-74401.86890413554,False,False,False,False,2553.650449841029,False,False,False,False
2025-07-30 14:00:00+00:00,14.47,14.485,14.41,14.485,1799.0,,,,,,,13.798682857687211,13.72712593853632,13.735028394131778,13.726810776588165,13.647367875803106,13.671778918386655,,,,,,14.20679057929452,13.821449366090722,13.804663516447656,13.729126656934431,13.728710349437176,13.727073759813338,13.67213857041427,13.60731332073052,13.959186882811542,13.818469291158463,13.752201463088594,13.74064751248677,13.72231150247171,13.651770212603378,13.53257772586489,13.433974423972925,13.428863003127535,,13.818469291158463,13.651770212603378,,13.717799126855539,13.725721655102848,"rgba(38, 166, 154, 1.0)",0.21621254557698327,13.782035607753595,3.251265509919779,84.92678834054693,27.468153249440178,True,False,True,False,True,20.0,0.0,0.0,0.0,0.0,0,1.0902021772939348,0.8709175738724728,False,False,False,False,0.3297107159043214,0.3361966075578895,False,False,False,False,-63827.0,-74237.91744825747,False,False,False,False,2541.9504428667497,False,False,False,False
2025-07-30 15:00:00+00:00,14.485,14.565,14.465,14.555,3900.0,,,,,,,13.825687458877425,13.74221080225159,13.74812560764807,13.73842044471185,13.657902476740638,13.679785500458985,,,,,,14.277051490363064,13.857828024244984,13.838432523301863,13.748189486280916,13.74305844390869,13.741320777369475,13.683058957679936,13.61730836227239,13.962144480509384,13.821663947207872,13.755512913783509,13.743974057714732,13.725653388714534,13.655164185500853,13.536029651022046,13.437409196090513,13.432303821656726,,13.821663947207872,13.655164185500853,,13.732022048448094,13.739770806330675,"rgba(38, 166, 154, 1.0)",0.23429935806400207,13.79974430096616,3.2234646534009377,85.98879865162336,28.997252477724942,True,False,True,False,True,20.0,0.0,0.0,0.0,0.0,0,1.095311695002576,0.8624420401854715,False,False,False,False,0.342828196210479,0.33951240188418425,False,False,False,False,-59927.0,-74016.0427591372,False,False,False,False,2563.005474760288,False,False,False,False
2025-07-30 16:00:00+00:00,14.555,14.58,14.535,14.565,1900.0,,,,,,,13.838693106255523,13.749643755800264,13.75460355555555,13.744177346369023,13.663127388547982,13.683775717145403,,,,,,14.304274610087095,13.875002231319138,13.854471670741836,13.757514605387522,13.75013804762947,13.748351624344217,13.688474408435798,13.622266106799241,13.963654220682844,13.823279201314758,13.757181655248955,13.745649543481381,13.727335303558213,13.6568677771667,13.537756093585783,13.439123094460948,13.434020534745184,,13.823279201314758,13.6568677771667,,13.739003478278958,13.746197689940532,"rgba(38, 166, 154, 1.0)",0.25116185872718333,13.807978560237931,3.0140780276051355,86.77295074611081,30.28158811673292,True,False,True,False,True,20.0,0.0,0.0,0.0,0.0,0,1.1001548786783686,0.865771812080537,False,False,False,False,0.34282819666431835,0.3411702992742513,False,False,False,False,-58027.0,-73768.15062333662,False,False,False,False,2552.7263201128417,False,False,False,False
2025-07-30 17:00:00+00:00,14.565,14.615,14.555,14.605,862.0,,,,,,14.591666666666669,13.844695281338051,13.75310164011484,13.757622750749338,13.746862991624234,13.665560935392305,13.685639104040028,,,,,,14.316294598091538,13.88286743735995,13.86183175235602,13.761839158231542,13.753433661956898,13.751624643553951,13.690997790634235,13.62457357876464,13.964372892493957,13.824041087118887,13.757966228820749,13.746436888766526,13.728125062275144,13.657665582196467,13.53856163913891,13.43992085746313,13.434819513546485,,13.824041087118887,13.657665582196467,14.591666666666669,13.863592767132209,13.749139551339354,"rgba(38, 166, 154, 1.0)",0.26856269085435774,13.853442990312397,2.7984416126332863,87.60503867219151,31.610239223873805,True,False,True,False,True,20.0,-1.0,14.615,14.555,0.0,0,1.099844800827729,0.8660113812726332,False,False,False,False,0.34282819655152336,0.3419992479128873,False,False,False,False,-57165.0,-73510.7374353779,False,True,False,False,2526.5135089483015,False,True,False,False
2025-07-30 18:00:00+00:00,14.605,14.605,14.515,14.555,3474.0,,,,,,14.564960024600245,13.866907754841183,13.766211590073322,13.769095394035872,13.757095879206306,13.674892180666339,13.69279850108904,,,,,,14.351207509826713,13.911477846326415,13.888772690664673,13.778140394596539,13.765940019560132,13.76404853100682,13.700654959739412,13.6334460484521,13.967099634746157,13.826963685177327,13.760987463295917,13.749470664118196,13.731171044960858,13.660752851612228,13.541693309878346,13.443032081433538,13.437935919874285,,13.826963685177327,13.660752851612228,14.564960024600245,13.870280189216043,13.759576156192333,"rgba(38, 166, 154, 1.0)",0.2823265951098494,13.865551970203025,2.4420229682177816,85.16444220657223,31.610239223873805,True,False,True,False,True,20.0,0.0,0.0,0.0,0.0,0,1.0901597114889234,0.8696548171045854,False,False,False,False,0.32842996341010217,0.33521460566149475,False,False,False,False,-60639.0,-73311.17561467437,False,False,False,False,2541.2032219878624,False,False,False,False
2025-07-30 19:00:00+00:00,14.555,14.605,14.535,14.59,4736.0,,,,,,14.571071428571429,13.895798824790003,13.783809338235962,13.784567497448048,13.77094720314033,13.687560941484515,13.702574328758361,,,,,,14.38825728660652,13.947791264187623,13.923229595236329,13.79981532639076,13.782756774118193,13.78075887571823,13.71375316632202,13.64550792767884,13.970890866788361,13.831009641060229,13.76516352862791,13.75366309948686,13.735378958404265,13.665012970257775,13.546008200547952,13.447315005235758,13.442225743363913,,13.831009641060229,13.665012970257775,14.571071428571429,13.885189937489809,13.772855190001856,"rgba(38, 166, 154, 0.75)",0.29637696655833595,13.883081858524914,2.3851993280184374,84.02010004085801,31.610239223873805,True,False,True,False,False,20.0,0.0,0.0,0.0,0.0,0,1.0919363122752954,0.8690292758089369,False,False,False,False,0.33417318961885784,0.3346938976401763,False,False,False,False,-55903.0,-73041.28141909803,False,False,False,False,2575.2310790113065,False,False,False,False
2025-07-31 14:00:00+00:00,14.425,14.5,14.36,14.365,2700.0,,,,,,14.53374617737003,13.90742307024618,13.791445696377941,13.791306945128053,13.77702988424494,13.693287872055128,13.706996593169169,,,,,,14.389976998730962,13.961691856522158,13.936697909490068,13.809088426581782,13.790068074914146,13.788030885655834,13.719623868480232,13.651029009671685,13.972436458292439,13.832780439851886,13.767035330393592,13.75554926398796,13.737282939538483,13.666978796394515,13.548052915317514,13.44938046431014,13.444296190817866,,13.832780439851886,13.666978796394515,14.53374617737003,13.885890891227348,13.777647048761837,"rgba(38, 166, 154, 0.75)",0.3025325981989177,13.887657609231187,1.5778213442471956,73.8059666449233,29.77983212360506,True,False,True,False,False,13.978627423903795,0.0,0.0,0.0,0.0,0,1.070528967254408,0.8730478589420655,False,False,False,False,0.25482492305446686,0.29475941034732156,False,False,False,False,-58603.0,-72817.43209477092,False,False,False,False,2577.1654808871003,False,False,False,False
2025-07-31 15:00:00+00:00,14.365,14.365,14.25,14.265,8114.0,,,,,,14.435651547152101,13.932047375264103,13.809234329862075,13.80709480732733,13.791424127579692,13.70728152265658,13.71783348480949,,,,,,14.370191796605605,13.989271994916365,13.964162387808493,13.830293562088151,13.807144251061464,13.805034684781823,13.733835288706262,13.664702086426951,13.975807960543012,13.836986889994517,13.771598381953442,13.76016554369402,13.74197091596375,13.67191760904894,13.553326050718159,13.454796460218981,13.449729302150969,,13.836986889994517,13.67191760904894,14.435651547152101,13.885795313521625,13.787113833334171,"rgba(38, 166, 154, 0.75)",0.3063002560346004,13.895785260513957,1.2054013413698748,64.36650341005108,21.43324937344029,True,False,True,False,False,10.761248138393618,0.0,0.0,0.0,0.0,0,1.0559440559440563,0.8896103896103897,False,False,False,False,0.1879703566742593,0.24136488351079044,False,False,False,False,-66717.0,-72722.85175221633,False,False,False,False,2663.0078765322614,False,False,False,False
2025-07-31 16:00:00+00:00,14.265,14.405,14.265,14.375,3923.0,,,,,,14.421264157811473,13.944505626120462,13.81831689936196,13.815200966655716,13.798831030211797,13.71442901804747,13.723417702181207,,,,,,14.368223094642268,14.00315103473871,13.977952833238778,13.84103403870004,13.815879176489462,13.81373244724481,13.741107707205824,13.671666484888625,13.97769072768819,13.839235018822077,13.77400588326679,13.762596460250334,13.744432531235523,13.674486506790167,13.556036370335736,13.457560285002037,13.452500911362606,,13.839235018822077,13.674486506790167,14.421264157811473,13.890852200055727,13.792428912464823,"rgba(38, 166, 154, 0.5)",0.3120094997399005,13.902126753887055,1.5155732325687035,60.88340131624911,18.715231160695723,False,False,True,False,False,13.266792026791588,0.0,0.0,0.0,0.0,0,1.0610724925521353,0.8872889771598811,False,False,False,False,0.1909601373430923,0.21616251042694137,False,False,False,False,-62794.0,-72568.91606613545,False,False,False,False,2682.5426381364123,False,False,False,False
2025-07-31 17:00:00+00:00,14.375,14.385,14.305,14.335,6033.0,,,,,,14.40517235216585,13.961980155778239,13.83153406395293,13.827053797669109,13.809711368405894,13.725002654498825,13.731725393809674,,,,,,14.364992303555823,14.022144606475452,13.996980795301146,13.8565030892177,13.828613834357055,13.826417755297111,13.751842555145702,13.68200124600079,13.980497880019772,13.842609224165564,13.777626771352171,13.766253784052106,13.748138012397149,13.678360529433673,13.560133801483635,13.46174587442688,13.456698561797719,,13.842609224165564,13.678360529433673,14.40517235216585,13.898882826611501,13.800091801439967,"rgba(38, 166, 154, 0.5)",0.3163538046708857,13.911413698000441,1.3389638301971174,57.49203529511702,15.839382231775716,False,True,True,False,False,12.007567489272212,0.0,0.0,0.0,0.0,0,1.0595893840761141,0.9028542814221333,False,False,False,False,0.19019795205078388,0.20318023123886264,False,False,False,False,-68827.0,-72510.90186355972,False,False,False,False,2734.4877135141423,False,False,False,False
2025-07-31 18:00:00+00:00,14.335,14.415,14.295,14.365,2906.0,,,,,,14.401015939904726,13.970205905178164,13.837865503122538,13.832753510562755,13.8149574697023,13.730103860335735,13.73575509820194,,,,,,14.36462368561414,14.03099151800537,14.005862930852185,13.863862573910996,13.834722522050612,13.83250370755343,13.757019856785181,13.686989320447493,13.981896333081151,13.844272145180387,13.779405513165237,13.768049573070623,13.749956185232275,13.680257060078207,13.562134020375563,13.463785816329134,13.45874420564356,,13.844272145180387,13.680257060078207,14.401015939904726,13.90323675528688,13.803828056904443,"rgba(38, 166, 154, 0.5)",0.3208168347226447,13.91607331092047,1.399323977083807,56.01650134132781,14.5074387349148,False,True,True,False,False,12.687887890903497,0.0,0.0,0.0,0.0,0,1.0483308420528152,0.9008470353761836,False,False,False,False,0.19634112156927466,0.19976067640406864,False,False,False,False,-65921.0,-72408.73284241925,False,False,False,False,2737.1468187309774,False,False,False,False
2025-07-31 19:00:00+00:00,14.365,14.365,14.335,14.355,9742.0,,,,,,14.389701263042284,13.99501921887033,13.857765360537288,13.850768413425268,13.831628082458927,13.746445987875065,13.748753342417347,,,,,,14.362595547200529,14.056987734247578,14.032188624150495,13.886720948354233,13.853963403607166,13.851681366155024,13.773563721276476,13.703026546729218,13.986428169754735,13.849698187161717,13.785222072097918,13.773923955835347,13.755907182783735,13.686476718220817,13.568711439237875,13.470506792667456,13.4654844388518,,13.849698187161717,13.686476718220817,14.389701263042284,13.9171545240895,13.815475696960714,"rgba(38, 166, 154, 0.5)",0.3241767119034863,13.930534536939604,1.3093644530109505,54.72132487076423,13.094040308098215,False,True,True,False,False,12.366947080233054,0.0,0.0,0.0,0.0,0,1.0457286432160806,0.9165829145728643,False,False,False,False,0.19326773576361472,0.19651420608384168,False,False,False,False,-75663.0,-72459.18659680035,False,False,False,False,2845.749193634373,False,False,False,False
2025-08-01 14:00:00+00:00,14.16,14.165,13.925,13.925,75.0,,,,,,14.389023415168957,13.995024214556324,13.857809248815276,13.850809623902995,13.831669530172528,13.746498311774056,13.748794968651543,,,,,,14.362165144779846,14.056955308656347,14.032172698541622,13.886763602792684,13.854006670155158,13.8517249551117,13.773613281064117,13.703082628229105,13.986429921895738,13.849710971883631,13.785239268401247,13.773941860601264,13.75592614737432,13.686499432675362,13.568739419032259,13.470537939056022,13.465515789971176,,13.849710971883631,13.686499432675362,14.389023415168957,13.917089901863097,13.815472061189507,"rgba(239, 83, 80, 1.0)",0.3227310541818819,13.93049816408614,-0.01703636515574036,45.86439254467222,4.712230545120121,False,True,False,True,False,0.2778246415900938,0.0,0.0,0.0,0.0,0,1.013068731848984,0.9201355275895451,False,False,False,False,0.010359084399891428,0.10343664524186655,False,False,False,False,-75738.0,-72510.02091312903,False,False,False,False,2802.7918417950805,False,False,False,False
2025-08-01 15:00:00+00:00,13.925,13.985,13.925,13.955,7751.0,,,,,,14.322163659008398,13.993055664839167,13.860713826705423,13.853609432547147,13.834643174510342,13.750769665509917,13.752199631620172,,,,,,14.317121512712184,14.050781340333442,14.027767717530848,13.889215359511967,13.856910616155467,13.854672747716227,13.777540576200202,13.707826674635731,13.986126434819875,13.850599180824467,13.786600985969374,13.77538020995078,13.757480283991104,13.688463760058871,13.57128260811088,13.473438046898282,13.468437814807617,,13.850599180824467,13.688463760058871,14.322163659008398,13.909593579248652,13.814096815895725,"rgba(239, 83, 80, 1.0)",0.321297510245731,13.925534151133771,0.0917089237438946,40.794345856195726,0.09935344586627082,False,True,False,True,False,1.0067223834199552,0.0,0.0,0.0,0.0,0,1.0140096618357493,0.9357487922705314,False,False,False,False,-0.04294119825840006,0.030247723491733245,False,False,False,False,-67987.0,-72439.89655788672,False,False,False,False,2879.508247348645,False,False,False,False
2025-08-01 16:00:00+00:00,13.955,14.025,13.895,13.975,2583.0,,,,,,14.304723750291434,13.992603236043916,13.861742192580259,13.854598085839422,13.835682241327518,13.752222274723934,13.753364108474253,,,,,,14.304601658246954,14.049084514592474,14.026596061937521,13.890112044561306,13.857936513477394,13.855712283760793,13.778883463866674,13.709430534596896,13.986058671521192,13.85091988796673,13.787076594410967,13.775880876347955,13.75801876774985,13.689136318241193,13.572144589063077,13.474416711307738,13.469423691097957,,13.85091988796673,13.689136318241193,14.304723750291434,13.907847984182963,13.813849010749802,"rgba(239, 83, 80, 1.0)",0.3200288556809902,13.92434573374706,0.15828030927133777,38.003047581834835,-2.4924267675428595,False,True,False,True,False,1.494497469461745,0.0,0.0,0.0,0.0,0,1.022727272727273,0.9298839458413926,False,False,False,False,-0.03997646505882529,-0.004864370783546021,False,False,False,False,-65404.0,-72330.81289032259,False,False,False,False,2874.911220257968,False,False,False,False
2025-08-01 17:00:00+00:00,13.975,14.01,13.93,13.935,300.0,,,,,,14.302770384155089,13.99253917017189,13.861852691480987,13.854704910454792,13.835795683907191,13.752384464729134,13.753494295606568,,,,,,14.30317760383109,14.048876498498636,14.02644838808926,13.8902056668161,13.8580470635879,13.855824463659538,13.779032644076942,13.709610692241196,13.986048346754025,13.850954849752933,13.787129605554144,13.775936810645172,13.758079119762266,13.689212337256068,13.572242763656659,13.474528583593083,13.469536404120499,,13.850954849752933,13.689212337256068,14.302770384155089,13.907648800072236,13.813817167170324,"rgba(239, 83, 80, 1.0)",0.31645955294265377,13.924206335375468,0.034107564534443795,35.556449736412524,-4.946854295438712,False,True,False,True,False,0.47904946340882404,0.0,0.0,0.0,0.0,0,1.0251694094869317,0.9273959341723137,False,False,False,False,-0.034049053004763664,-0.019456711894154842,False,False,False,False,-65704.0,-72228.07160520132,False,False,False,False,2834.990116067922,False,False,False,False
2025-08-01 18:00:00+00:00,13.935,13.955,13.905,13.925,1600.0,,,,,,14.291837716016714,13.991905331893676,13.862255847271648,13.855107081245187,13.836249923301585,13.753119806359495,13.754084561724829,,,,,,14.29513233262237,14.047420674159564,14.025329279420568,13.890482699532864,13.858457423969853,13.856244748590465,13.779691677334158,13.710451781529779,13.985933945905815,13.851088941069264,13.787362333217274,13.776185577633314,13.758352255503272,13.689571933247741,13.572724900454821,13.475087419875793,13.470099822574587,,13.851088941069264,13.689571933247741,14.291837716016714,13.906365752544732,13.813506926273028,"rgba(239, 83, 80, 1.0)",0.3128933560372735,13.923256444598655,0.005572363131730831,33.77191554302179,-6.9378139049993806,False,True,False,True,False,0.22430800574599274,0.0,0.0,0.0,0.0,0,1.0188588007736947,0.9318181818181818,False,False,False,False,-0.05777723399707004,-0.03861697294561244,False,False,False,False,-67304.0,-72151.72940977184,False,False,False,False,2815.8429824854734,False,False,False,False
2025-08-01 19:00:00+00:00,13.925,13.925,13.89,13.925,3379.0,,,,,,14.269854039900533,13.99030068780447,13.862901722675444,13.855771085679182,13.837040814054344,13.75452150204936,13.755211936462711,,,,,,14.278576897740589,14.04408576230433,14.022694952026264,13.890828037062715,13.859125802916813,13.856935125404412,13.780925991728875,13.712086136580735,13.98563130004672,13.851315907894053,13.787799283069498,13.776656750217665,13.758875565015508,13.690280324884549,13.573696066195984,13.47622419262884,13.471246355409852,,13.851315907894053,13.690280324884549,14.269854039900533,13.903657398375149,13.812763791242787,"rgba(239, 83, 80, 1.0)",0.31034000534725564,13.921175234508391,0.01232443586294894,32.5822260807613,-8.512257509461733,False,True,False,True,False,0.22430800574599274,0.0,0.0,0.0,0.0,0,1.0139759036144582,0.934457831325301,False,False,False,False,-0.0711512384052122,-0.054884105675412326,False,False,False,False,-67304.0,-72076.5708142715,False,False,False,False,2824.574099036086,False,False,False,False
2025-08-04 14:00:00+00:00,13.665,13.9,13.645,13.885,4465.0,,,,,,14.237077061017724,13.985562885845614,13.862032310702954,13.855091598840298,13.836679104403084,13.75515554770608,13.755719707190847,,,,,,14.253183397863031,14.036637389393668,14.016283373841027,13.889245501717461,13.858347676938957,13.856196909972837,13.781276544896794,13.713117431238835,13.984669147523462,13.85111778932638,13.78790057509672,13.776807433617812,13.759102660399105,13.69077906471182,13.574583036302743,13.477364331804017,13.472400311325632,,13.85111778932638,13.69077906471182,14.237077061017724,13.898188316529515,13.810530151527665,"rgba(239, 83, 80, 1.0)",0.30819940602455687,13.91662304773821,-0.10260580364548103,31.07789007704261,-10.468623220208826,False,True,False,True,False,0.0,0.0,0.0,0.0,0.0,0,0.9882684185828253,0.9361801970905677,False,False,False,False,-0.15210397199123327,-0.1034940388333228,False,False,False,False,-71769.0,-72071.80227451536,False,False,False,False,2850.0070587409527,False,False,False,False
2025-08-04 15:00:00+00:00,13.885,13.905,13.835,13.865,500.0,,,,,,14.234157151228162,13.985218940767563,13.862043885592515,13.85511357550973,13.83672644901524,13.75530020825665,13.755836460903646,,,,,,14.250861975365236,14.036039824841705,14.015785627775532,13.88919975206009,13.858365357488964,13.85621824828897,13.78139393032304,13.713300288158642,13.98459782320366,13.851127028731861,13.787941649184946,13.776853728214821,13.759156967542532,13.690861856187988,13.57470645540419,13.477513827188996,13.472551288005707,,13.851127028731861,13.690861856187988,14.234157151228162,13.897770953039075,13.81038091929217,"rgba(239, 83, 80, 1.0)",0.30609282876251065,13.916275816490804,-0.16751720939724404,29.717414497619682,-12.320489722297587,False,True,False,True,False,0.0,0.0,0.0,0.0,0.0,0,1.0060606060606065,0.9361305361305361,False,False,False,False,-0.0935002402368112,-0.098497139535067,False,False,False,False,-72269.0,-72074.85960359263,False,False,False,False,2813.5728407759766,False,False,False,False
2025-08-04 16:00:00+00:00,13.865,13.875,13.78,13.785,400.0,,,,,,14.231508086387695,13.984816443135722,13.861972406160765,13.855058176538442,13.836698491566471,13.755359488641012,13.755884109916371,,,,,,14.248760770471396,14.035409039948071,14.015242204625775,13.889067205357794,13.858301660943946,13.856158012648313,13.781428346299732,13.713394477020415,13.984513863951769,13.851110808905654,13.787952018237542,13.77686848360562,13.759178507235216,13.69090752476466,13.574786635664436,13.477616522008802,13.472655213566117,,13.851110808905654,13.69090752476466,14.231508086387695,13.897328171763784,13.810197135015015,"rgba(239, 83, 80, 1.0)",0.304095513089386,13.9159007702039,-0.43045939374127595,27.4899035295048,-14.958223615310416,False,True,False,True,False,0.0,0.0,0.0,0.0,0.0,0,1.0009242144177453,0.9394639556377078,False,False,False,False,-0.11894343201507161,-0.10872028577506931,False,False,False,False,-72669.0,-72084.07108260671,False,False,False,False,2776.1531068104573,False,False,False,False
2025-08-04 17:00:00+00:00,13.785,13.815,13.775,13.785,100.0,,,,,,14.230816979086464,13.984703436520617,13.861946623393287,13.855037169834658,13.836685041039914,13.755368758148583,13.755891521842702,,,,,,14.248212636855293,14.035236570552508,14.015092274678109,13.889024681656117,13.85827810593715,13.856135374653507,13.781431103606277,13.713412897516946,13.984490231904202,13.851104431716223,13.787952397431107,13.77686997985877,13.759181736112838,13.690916916946776,13.574804852426997,13.47764052959098,13.472679533301454,,13.851104431716223,13.690916916946776,14.230816979086464,13.897207075695174,13.810144956161487,"rgba(239, 83, 80, 1.0)",0.3028628417302406,13.915797654959823,-0.4318709228658823,26.00489621742821,-16.85934778232143,False,True,False,True,False,0.0,0.0,0.0,0.0,0.0,0,1.0004604051565382,0.9452117863720073,False,False,False,False,-0.13850221552250883,-0.12361125064878907,False,False,False,False,-72669.0,-72093.13974799265,False,False,False,False,2734.6623609684348,False,False,False,False
2025-08-04 18:00:00+00:00,13.785,13.815,13.745,13.765,0.0,,,,,,14.230816979086464,13.984703436520617,13.861946623393287,13.855037169834658,13.836685041039914,13.755368758148583,13.755891521842702,,,,,,14.248212636855293,14.035236570552508,14.015092274678109,13.889024681656117,13.85827810593715,13.856135374653507,13.781431103606277,13.713412897516946,13.984490231904202,13.851104431716223,13.787952397431107,13.77686997985877,13.759181736112838,13.690916916946776,13.574804852426997,13.47764052959098,13.472679533301454,,13.851104431716223,13.690916916946776,14.230816979086464,13.897207075695174,13.810144956161487,"rgba(239, 83, 80, 1.0)",0.3020817113967283,13.915797654959823,-0.49919491737047755,24.674200085069966,-18.60871932861189,False,True,False,True,False,0.0,0.0,0.0,0.0,0.0,0,0.9977127172918576,0.9455626715462031,False,False,False,False,-0.1475640881802193,-0.13558766941450417,False,False,False,False,-72669.0,-72102.06781391524,False,False,False,False,2692.2644949069086,False,False,False,False
2025-08-04 19:00:00+00:00,13.765,13.78,13.725,13.755,29992.0,,,,,,14.077875349317383,13.950164500699318,13.851184227190476,13.845842868338552,13.829832062275438,13.75522398713705,13.755741890649727,,,,,,14.117307474077535,13.985884539576729,13.971261184808013,13.873314275934662,13.848218423500155,13.846343367008282,13.779331199477712,13.716044827083401,13.9762956842897,13.848056658722477,13.786923985499351,13.776177236423399,13.759012453269278,13.69261442341697,13.579191770227046,13.483819775391503,13.478953047717201,,13.848056658722477,13.69261442341697,14.077875349317383,13.86655212651542,13.79522060743667,"rgba(239, 83, 80, 1.0)",0.3018466736845551,13.887993227153936,-0.44059861760451324,23.608393139336325,-20.104581068141513,False,True,False,True,False,0.0,0.0,0.0,0.0,0.0,0,0.9959035047792447,0.949021392808375,False,False,False,False,-0.16424133640396127,-0.14991450290923272,False,False,False,False,-102661.0,-72575.84970827315,False,False,False,False,3115.5162081641656,False,False,False,False
2025-08-05 14:00:00+00:00,13.66,13.695,13.595,13.645,0.0,,,,,,14.077875349317383,13.950164500699318,13.851184227190476,13.845842868338552,13.829832062275438,13.75522398713705,13.755741890649727,,,,,,14.117307474077535,13.985884539576729,13.971261184808013,13.873314275934662,13.848218423500155,13.846343367008282,13.779331199477712,13.716044827083401,13.9762956842897,13.848056658722477,13.786923985499351,13.776177236423399,13.759012453269278,13.69261442341697,13.579191770227046,13.483819775391503,13.478953047717201,,13.848056658722477,13.69261442341697,14.077875349317383,13.86655212651542,13.79522060743667,"rgba(239, 83, 80, 1.0)",0.30249030957603135,13.887993227153936,-0.8033091291238872,21.240122066658948,-22.762741133281466,False,True,False,True,False,0.0,0.0,0.0,0.0,0.0,0,0.9842978914311353,0.9519964109466127,False,False,False,False,-0.23040493595065434,-0.19015971942994353,False,False,False,False,-102661.0,-73042.28614690457,False,False,False,False,3067.213631293403,False,False,False,False
2025-08-05 15:00:00+00:00,13.645,13.675,13.615,13.635,100.0,,,,,,14.077409985597695,13.950011027588873,13.85111502855236,13.845781343538436,13.829780494288658,13.755197063528199,13.755719647780499,,,,,,14.116888344509748,13.985683732263036,13.971077271611271,13.873224885712595,13.848152428939162,13.846278384708105,13.779296904064365,13.716028480630147,13.976256136249662,13.848035209567227,13.786909599455948,13.77616403757011,13.759001129374315,13.692609803939346,13.579196888418462,13.483831570669807,13.478965173955078,,13.848035209567227,13.692609803939346,14.077409985597695,13.866430655839244,13.795152940096376,"rgba(239, 83, 80, 1.0)",0.3037282895515163,13.887879089811474,-0.832583261127483,19.53400698350783,-24.723659135295907,False,True,False,True,False,0.0,0.0,0.0,0.0,0.0,0,0.9861668897813478,0.9540383757251225,False,False,False,False,-0.23040493595065434,-0.21028232769029892,False,False,False,False,-102761.0,-73503.04140044094,False,False,False,False,3021.210319180327,False,False,False,False
2025-08-05 16:00:00+00:00,13.635,13.695,13.56,13.605,200.0,,,,,,14.076436099430456,13.949683002751673,13.850962465797727,13.845645355257078,13.82966557377947,13.755132985446258,13.755666742031183,,,,,,14.116014179780617,13.985257569665784,13.970685907297167,13.873029603123802,13.848006729824627,13.846134794752931,13.779217574517112,13.715986289874374,13.976171948078752,13.847987822131984,13.786876545104677,13.776133396382644,13.758974307270115,13.692596639137935,13.57920357282885,13.483851918292764,13.47898619207255,,13.847987822131984,13.692596639137935,14.076436099430456,13.866170317784833,13.795006764125686,"rgba(239, 83, 80, 1.0)",0.30539979704651393,13.887634954845797,-0.9254588823539729,18.007394021531354,-26.49037802439511,False,True,False,True,False,0.0,0.0,0.0,0.0,0.0,0,0.9812583668005357,0.9629629629629627,False,False,False,False,-0.2413508834678606,-0.22581660557907976,False,False,False,False,-102961.0,-73959.7539368682,False,False,False,False,2977.4706243093146,False,False,False,False
2025-08-05 17:00:00+00:00,13.605,13.655,13.565,13.61,200.0,,,,,,14.075445105433685,13.9493456994239,13.850803507522002,13.845503511306402,13.829545303979325,13.75506423071579,13.755609980867476,,,,,,14.115125523563655,13.984820758908215,13.970284279446803,13.872826915618024,13.847854834712368,13.845985045221582,13.779133346440759,13.715939744538458,13.97608543711035,13.847938376743961,13.786841523860437,13.776100805486568,13.758945566255445,13.692581666349433,13.57920861710689,13.483870765760674,13.479005713869904,,13.847938376743961,13.692581666349433,14.075445105433685,13.865902477035513,13.79485581888197,"rgba(239, 83, 80, 1.0)",0.3073465045740551,13.887383928087166,-0.902512063612329,17.36945613238097,-27.438279036151943,False,True,False,True,False,0.0,0.0,0.0,0.0,0.0,0,0.9773030707610147,0.9657320872274142,False,False,False,False,-0.25235386583247904,-0.2390852357057794,False,False,False,False,-102761.0,-74406.28488358343,False,False,False,False,2934.4090642425035,False,False,False,False
2025-08-05 18:00:00+00:00,13.615,13.625,13.565,13.565,0.0,,,,,,14.075445105433685,13.9493456994239,13.850803507522002,13.845503511306402,13.829545303979325,13.75506423071579,13.755609980867476,,,,,,14.115125523563655,13.984820758908215,13.970284279446803,13.872826915618024,13.847854834712368,13.845985045221582,13.779133346440759,13.715939744538458,13.97608543711035,13.847938376743961,13.786841523860437,13.776100805486568,13.758945566255445,13.692581666349433,13.57920861710689,13.483870765760674,13.479005713869904,,13.847938376743961,13.692581666349433,14.075445105433685,13.865902477035513,13.79485581888197,"rgba(239, 83, 80, 1.0)",0.3096949676261931,13.887383928087166,-1.0409724463985777,16.303383496654707,-28.80381140003239,False,True,False,True,False,0.0,0.0,0.0,0.0,0.0,0,0.9780564263322886,0.9735781459919389,False,False,False,False,-0.2618327608205561,-0.25045899826316775,False,False,False,False,-102761.0,-74845.89286988447,False,False,False,False,2888.914350068201,False,False,False,False
2025-08-05 19:00:00+00:00,13.565,13.595,13.565,13.585,1210.0,,,,,,14.06917868442673,13.947150015710779,13.849733634047,13.844546176067807,13.828726928023253,13.754568675708068,13.755200879088987,,,,,,14.109517144106649,13.982001450640649,13.967683781103329,13.871475808431,13.846831011285479,13.84497480386923,13.778540482889934,13.715583934305847,13.975522475561581,13.847604100200687,13.786596041147542,13.775870315470744,13.758738887170638,13.692460156933755,13.579211050512685,13.48395908513834,13.479098177739091,,13.847604100200687,13.692460156933755,14.06917868442673,13.864157856153232,13.79386286508866,"rgba(239, 83, 80, 1.0)",0.3114087143729333,13.885750715460258,-0.9657748854776346,17.20504649151337,-28.80381140003239,False,True,False,True,False,0.0,0.0,0.0,0.0,0.0,0,0.9735307312696279,0.9735307312696275,False,False,False,False,-0.2713578861037581,-0.26090844218346293,False,False,False,False,-101551.0,-75259.92553856842,False,False,False,False,2862.884670222182,False,False,False,False
2025-08-06 14:00:00+00:00,13.825,13.855,13.645,13.735,1687.0,,,,,,14.063542508313407,13.945480834491718,13.849156369592531,13.844045114180316,13.828343296621716,13.754530700216991,13.75516753881395,,,,,,14.104251341553917,13.979713016701579,13.96562543034407,13.870662801641524,13.8462878567514,13.844444884322533,13.778400670447203,13.715692212805953,13.975064649235371,13.847424826812876,13.786526769640616,13.775819378491564,13.75871659176347,13.692540283273381,13.579439563127087,13.484287352089192,13.479431660035315,,13.847424826812876,13.692540283273381,14.063542508313407,13.862895194604375,13.793195840531592,"rgba(239, 83, 80, 0.75)",0.3114783407506412,13.884533834626126,-0.4800777937424483,26.506626016086916,-28.6451046264863,False,True,False,True,True,0.0,0.0,0.0,0.0,0.0,0,0.9773333333333336,0.9626666666666663,False,False,False,False,-0.1657618130088724,-0.21333512759616768,False,False,False,False,-99864.0,-75641.3840573503,False,False,False,False,2844.653900141218,False,False,False,False
2025-08-06 15:00:00+00:00,13.74,13.765,13.545,13.555,3829.0,,,,,,14.046767515028932,13.939523775205757,13.846345625351582,13.841533249160728,13.826216051904854,13.753344563559981,13.754184487590743,,,,,,14.088930621540126,13.97203442121319,13.958557531653945,13.867082175352152,13.843601039021081,13.841796574966079,13.776931675209411,13.714913171491002,13.973478775690227,13.846533070959552,13.785905972054488,13.775244216556198,13.758213651679345,13.692295804745156,13.57957125520252,13.484678348163452,13.479835392578602,,13.846533070959552,13.692295804745156,14.046767515028932,13.858273609686082,13.790564923416264,"rgba(239, 83, 80, 0.75)",0.31364827951585994,13.880159630379755,-1.0367014634407161,28.149047174551264,-27.31677678691787,False,True,False,True,True,0.0,0.0,0.0,0.0,0.0,0,0.960227272727273,0.9680944055944053,False,False,False,False,-0.22417454078880686,-0.21875483419248726,False,False,False,False,-103693.0,-76076.29283165495,False,False,False,False,2859.91507998399,False,False,False,False
2025-08-06 16:00:00+00:00,13.555,13.685,13.505,13.63,3400.0,,,,,,14.03241562041415,13.934173816716068,13.843744601871025,13.839200950584035,13.82422766599008,13.752190960640178,13.753226191658966,,,,,,14.07570821472635,13.965206731412216,13.952251842013721,13.863798831649781,13.841110917058463,13.839340525367716,13.775526350499518,13.714122604647974,13.972022932500952,13.845694683313539,13.785308645908067,13.774687549167956,13.757721424707016,13.692034322002435,13.579646081911243,13.484985863422365,13.48015426276739,,13.845694683313539,13.692034322002435,14.03241562041415,13.854168543982071,13.788195399004513,"rgba(239, 83, 80, 0.75)",0.31471565888268366,13.876258375604616,-0.7824789414002835,32.08784286021902,-23.75424743545151,False,True,False,True,True,0.0,0.0,0.0,0.0,0.0,0,0.9595300261096609,0.9812880765883374,False,False,False,False,-0.2618327608205551,-0.2402937975065212,False,False,False,False,-100293.0,-76451.74565597037,False,False,False,False,2868.288489596641,False,False,False,False
2025-08-06 17:00:00+00:00,13.63,13.635,13.53,13.53,300.0,,,,,,14.031074540220539,13.933650998959894,13.843477948233907,13.838960904929484,13.824020677962492,13.752061147814088,13.75311836436963,,,,,,14.074475701678878,13.964547929595831,13.95164051400246,13.86346679359529,13.840855108000909,13.83908790900729,13.77537314162992,13.714026569379426,13.971880443910775,13.845608143082007,13.785243883279634,13.774626471210775,13.757666208573005,13.692000102958621,13.579642513960279,13.485003656902483,13.480173080339894,,13.845608143082007,13.692000102958621,14.031074540220539,13.853766368927149,13.787959892418087,"rgba(239, 83, 80, 0.75)",0.3167101155588704,13.875876989596645,-1.0920932821684792,32.61837401668765,-23.283896236691813,False,True,False,True,True,0.0,0.0,0.0,0.0,0.0,0,0.9522362136343901,0.9908814589665652,False,False,False,False,-0.2697670671777088,-0.255030432342115,False,False,False,False,-100593.0,-76826.0286690561,False,False,False,False,2828.470063401344,False,False,False,False
2025-08-06 18:00:00+00:00,13.53,13.555,13.385,13.395,1200.0,,,,,,14.02442474068891,13.930898513716711,13.841958987049036,13.837586167121271,13.822813970826235,13.751211743299178,13.752413943546056,,,,,,14.068457242110126,13.961149285245734,13.94846139365607,13.86161495210841,13.839393529615077,13.837641710423169,13.77441422734141,13.713335335316053,13.971143684717322,13.845114709872325,13.78484427647324,13.774242862712313,13.757308293896203,13.69173425322326,13.579511439936612,13.484968104601101,13.480141904450264,,13.845114709872325,13.69173425322326,14.02442474068891,13.851615438035342,13.786675129746982,"rgba(239, 83, 80, 0.75)",0.320853422794482,13.873854696736675,-1.4924406682842184,30.807394746486175,-23.283896236691813,False,True,False,True,True,0.0,0.0,0.0,0.0,0.0,0,0.9367741935483874,0.999569892473118,False,False,False,False,-0.34282825441539394,-0.29892934337875443,False,False,False,False,-101793.0,-77213.11349589245,False,False,False,False,2803.222465519152,False,False,False,False
2025-08-06 19:00:00+00:00,13.39,13.395,13.3,13.385,4561.0,,,,,,13.99695568426968,13.918932098027863,13.835075885196822,13.831334798883805,13.817280463988464,13.747141334160661,13.74903344798083,,,,,,14.04361466902437,13.946565330170278,13.934753599354437,13.853317436081563,13.832759085070444,13.831071183697267,13.769892299349678,13.709918097617047,13.967912710187933,13.842854215364953,13.782956212155609,13.772418617450118,13.755587140603858,13.690382693585187,13.578702220253668,13.484547395891761,13.479738518138983,,13.842854215364953,13.690382693585187,13.99695568426968,13.842250530358305,13.780999495529244,"rgba(239, 83, 80, 1.0)",0.32532683496687637,13.865059878638139,-1.4756233640763663,29.456771191195415,-23.283896236691813,False,True,False,True,False,0.0,0.0,0.0,0.0,0.0,0,0.9270699270699274,1.016302016302016,False,False,False,False,-0.34282825441539394,-0.32087879889707416,False,False,False,False,-106354.0,-77664.91018587862,False,False,False,False,2830.474830394824,False,False,False,False
2025-08-07 14:00:00+00:00,13.48,13.5,13.41,13.415,1564.0,,,,,,13.989193569049446,13.915526201318357,13.833158657601283,13.829593593725145,13.815746782094424,13.746055330391943,13.74812815631005,,,,,,14.036462666686923,13.942399745737674,13.930846139685078,13.850995625565737,13.830911891661179,13.829242949572329,13.768668764901564,13.70903141348348,13.966960420417365,13.84221420095609,13.782436903757738,13.771919903000763,13.755121507789132,13.690035701935374,13.578529210509673,13.484497951152036,13.479694734930305,,13.84221420095609,13.690035701935374,13.989193569049446,13.83962889864152,13.779409984220145,"rgba(239, 83, 80, 1.0)",0.32946669984434224,13.862577342703696,-1.3584903813197415,29.793409977421973,-23.283896236691813,False,True,False,True,False,0.0,0.0,0.0,0.0,0.0,0,0.9377398720682305,1.0029850746268656,False,False,False,False,-0.2797424239514504,-0.3003106114242623,False,False,False,False,-104790.0,-78085.45421400454,False,False,False,False,2810.839561706532,False,False,False,False
2025-08-07 15:00:00+00:00,13.415,13.465,13.385,13.41,5236.0,,,,,,13.96374747414377,13.90396382023607,13.826526108542527,13.823556577067032,13.810410022964822,13.742220272873839,13.744924273363063,,,,,,14.012879715545163,13.92835852959898,13.917643752766134,13.843008151375612,13.824515558264212,13.822910061275957,13.764371092723161,13.705868004604264,13.963666781672648,13.839971224425465,13.780599980769793,13.770152362041705,13.753465593486176,13.688780320767743,13.577861977180095,13.484249927291843,13.479465788613972,,13.839971224425465,13.688780320767743,13.96374747414377,13.830764078455875,13.773986401317819,"rgba(239, 83, 80, 1.0)",0.3334751229967135,13.854167066991243,-1.331934637282135,29.92226309860463,-23.283896236691813,False,True,False,True,False,0.0,0.0,0.0,0.0,0.0,0,0.9362515937101575,1.0050998725031872,False,False,False,False,-0.2971111175969786,-0.29871086451062046,False,False,False,False,-110026.0,-78580.65647425252,False,False,False,False,2848.438948346741,False,False,False,False
2025-08-07 16:00:00+00:00,13.41,13.49,13.41,13.445,3186.0,,,,,,13.950098261683898,13.897585345777093,13.82286762309599,13.820221333787156,13.807463174279599,13.740131891301946,13.743172553999404,,,,,,14.00003738980598,13.920634097681699,13.910377805314607,13.838607143482141,13.820985900214788,13.819415944948359,13.762018426830478,13.704164240644769,13.961785446645264,13.838709335471945,13.779578443661945,13.76917183793783,13.752550920176132,13.68810206561289,13.577531097903037,13.484166082939984,13.479393304170397,,13.838709335471945,13.68810206561289,13.950098261683898,13.825934311989299,13.771013499026015,"rgba(239, 83, 80, 1.0)",0.33675703006368374,13.849556085494195,-1.2013292949450503,31.613961129035772,-23.2349469864359,False,True,False,True,False,0.0,0.0,0.0,0.0,0.0,0,0.9479522184300345,1.0004266211604094,False,False,False,False,-0.2826255459393842,-0.29066820522500236,False,False,False,False,-106840.0,-79018.78583124085,False,False,False,False,2853.672453023536,False,False,False,False
2025-08-07 17:00:00+00:00,13.445,13.465,13.37,13.425,2182.0,,,,,,13.940655250768767,13.893049900043234,13.820216122928299,13.817799684797727,13.805315429632094,13.738581436867467,13.741870596134666,,,,,,13.991139334542572,13.915176872889313,13.90523273724517,13.835434478303004,13.81842560187434,13.816880435499385,13.760283539805458,13.702882533428705,13.960434215579596,13.83778739952747,13.778822905281672,13.768444745798512,13.751869595182072,13.687585120186395,13.577255979341533,13.484063659493652,13.479298748856321,,13.83778739952747,13.687585120186395,13.940655250768767,13.82249834588175,13.768883406049127,"rgba(239, 83, 80, 0.75)",0.33910985756169193,13.846276251680598,-1.242300223030105,32.24629622139375,-22.293615436342346,False,True,False,True,True,0.0,0.0,0.0,0.0,0.0,0,0.9378194207836459,1.006814310051107,False,False,False,False,-0.30148026161377883,-0.2960742334193906,False,False,False,False,-109022.0,-79483.95194238439,False,False,False,False,2843.2589266200703,False,False,False,False
2025-08-07 18:00:00+00:00,13.425,13.44,13.365,13.38,1380.0,,,,,,13.934576262748578,13.89007641634869,13.818453500224276,13.816187884731368,13.803882006026651,13.737532242705614,13.740989041682862,,,,,,13.985411136951262,13.911615290346907,13.901869320633523,13.833333379425257,13.816722609520143,13.815193441859744,13.75911542611822,13.702006760164302,13.959543735478189,13.83717165106083,13.778313525894081,13.76795357859587,13.75140778055555,13.687228757823817,13.577054894056692,13.4839738379486,13.479213956468303,,13.83717165106083,13.687228757823817,13.934576262748578,13.820242479209721,13.767478181347133,"rgba(239, 83, 80, 0.75)",0.3422632278190758,13.844124140840131,-1.3560444217088723,31.58354561496587,-22.293615436342346,False,True,False,True,True,0.0,0.0,0.0,0.0,0.0,0,0.9352916134525333,1.0106428267347807,False,False,False,False,-0.31025236871935635,-0.3031633010693735,False,False,False,False,-110402.0,-79963.301524673,False,False,False,False,2820.572741711232,False,False,False,False
2025-08-07 19:00:00+00:00,13.38,13.385,13.345,13.355,5006.0,,,,,,13.912322426208137,13.878875074810576,13.811686548215832,13.809988083592865,13.798348082264033,13.73341424518385,13.737523936912758,,,,,,13.964401980837549,13.898287107414543,13.889253427757016,13.82530993408839,13.810178935283593,13.808708825315941,13.754557796871985,13.698530812890702,13.956147546998249,13.834784996206686,13.776317323395073,13.76602436426309,13.749586771177118,13.685796666933207,13.57619628094512,13.483528019803467,13.478786611734535,,13.834784996206686,13.685796666933207,13.912322426208137,13.811736913884008,13.762141023642133,"rgba(239, 83, 80, 0.75)",0.3461150930798498,13.836010544247486,-1.389741602908126,30.564804028945744,-22.293615436342346,False,True,False,True,True,0.0,0.0,0.0,0.0,0.0,0,0.9317697228144993,1.0162046908315563,False,False,False,False,-0.3323900075785634,-0.31777665432396845,False,False,False,False,-115408.0,-80512.8317335928,False,False,False,False,2854.455334862996,False,False,False,False
2025-08-08 14:00:00+00:00,13.485,13.485,13.175,13.305,4602.0,,,,,,13.891958038028738,13.868224065505318,13.805102782319272,13.803940621218516,13.792926629447567,13.729308536954424,13.734060748636008,,,,,13.321666666666667,13.945098025139336,13.885720298983394,13.877323879335936,13.817555224696234,13.803805338043311,13.80239005758597,13.750041962200397,13.695025376247596,13.952851508939553,13.832428273112086,13.774323615890054,13.764093087696002,13.747756594579357,13.684330118827887,13.575266927274454,13.482987449841453,13.478263247812512,,13.832428273112086,13.684330118827887,13.891958038028738,13.803645917444262,13.732829314048457,"rgba(239, 83, 80, 1.0)",0.3508676247391678,13.805423684679344,-1.4262463943527275,28.80138751031378,-22.293615436342346,False,True,False,True,False,0.0,0.0,0.0,0.0,0.0,0,0.9222732971165903,1.005014625992478,False,False,False,False,-0.34282825441539394,-0.3303024543696812,False,False,False,False,-120010.0,-81125.19093152159,False,False,False,False,2881.5490506015544,False,False,False,False
2025-08-08 15:00:00+00:00,13.305,13.455,13.3,13.435,628.0,,,,,,13.889638656485666,13.866997221554772,13.804355297616956,13.803253499395082,13.792312574592211,13.728856518236265,13.733677757231886,,,,,13.330672402804336,13.942859442501764,13.884270142784292,13.875949215862185,13.816672732068392,13.803081748992035,13.801673022010592,13.749539630297805,13.694647144358635,13.952457507241933,13.832155324489658,13.774097758490376,13.763875297827203,13.747551804784896,13.684172103599558,13.575177982286755,13.482948127509802,13.478226174611228,,13.832155324489658,13.684172103599558,13.889638656485666,13.802727360730406,13.732779309028968,"rgba(239, 83, 80, 0.5)",0.35363953246057533,13.805002097917324,-1.04626905069945,33.855467605978575,-20.2055949852138,False,False,False,True,True,0.0,0.0,0.0,0.0,0.0,0,0.9342703596527494,1.0028937577511368,False,False,False,False,-0.31504520290833643,-0.32267382863900884,False,False,False,False,-119382.0,-81718.31975428869,False,False,False,False,2846.6103056309876,False,False,False,False
2025-08-08 16:00:00+00:00,13.435,13.455,13.385,13.405,700.0,,,,,,13.887174025389571,13.865690234438471,13.803562654622576,13.802524738713947,13.791661969969049,13.728381848285363,13.73327504710257,,,,,13.340626756604834,13.940468681927781,13.88272422442679,13.874484443496167,13.815736160659265,13.802314472745207,13.800912803848208,13.749010389946944,13.694252546286036,13.952033455665216,13.831864276221799,13.773858537919255,13.763644947378385,13.74733572936256,13.68400739477424,13.575089115476421,13.482913643376452,13.478194170664292,,13.831864276221799,13.68400739477424,13.887174025389571,13.801752931217363,13.732748430598882,"rgba(239, 83, 80, 0.5)",0.35685655886310813,13.804572824472974,-1.1197015006420337,36.33134185196783,-17.9781126274589,False,False,False,True,True,0.0,0.0,0.0,0.0,0.0,0,0.9481388540359684,1.0016729401923878,False,False,False,False,-0.29058083604353085,-0.3066273323412698,False,False,False,False,-120082.0,-82313.10549453228,False,False,False,False,2813.329525698724,False,False,False,False
2025-08-08 17:00:00+00:00,13.405,13.475,13.355,13.385,1200.0,,,,,,13.882919736384178,13.863417858013884,13.802176542587302,13.801249704871637,13.790522379872888,13.727545600625229,13.732565433268546,,,,,13.351460963066854,13.936343186477819,13.880041485717493,13.871940765957957,13.814100918009508,13.800972398152679,13.799582913452237,13.748079959460181,13.693554545844549,13.951294557431082,13.831354333831092,13.773437779136062,13.763239461744266,13.746954840719567,13.683715026387848,13.57492749973936,13.482845916528305,13.478130712187388,,13.831354333831092,13.683715026387848,13.882919736384178,13.800056750803382,13.73233207021357,"rgba(239, 83, 80, 0.5)",0.3597353506712092,13.803501860696745,-1.163360397903311,37.38016719192207,-17.020762450793,False,False,False,True,True,0.0,0.0,0.0,0.0,0.0,0,0.9506895110739659,0.9974926870037609,False,False,False,False,-0.2934409821973498,-0.3000341572693098,False,False,False,False,-121282.0,-82917.2744015938,False,False,False,False,2788.3166648351776,False,False,False,False
2025-08-08 18:00:00+00:00,13.38,13.405,13.335,13.335,641.0,,,,,,13.880458944091954,13.862090557266026,13.801353538392398,13.800492152562084,13.7898430439758,13.72703630177668,13.732133813984344,,,,,13.352027838545018,13.933974157315344,13.878481197909133,13.87045861020571,13.813133716708492,13.800175164023091,13.798792600975167,13.747517689953188,13.69312299960704,13.95086703335227,13.831052678181466,13.77318499898349,13.762995073852974,13.746724011185048,13.683532996975044,13.574817621854512,13.482788128780255,13.478075257767438,,13.831052678181466,13.683532996975044,13.880458944091954,13.799058336007041,13.731762320898593,"rgba(239, 83, 80, 0.5)",0.36374519593746235,13.802584720746577,-1.28547325426936,36.63819879310729,-17.020762450793,False,False,False,True,True,0.0,0.0,0.0,0.0,0.0,1,0.9482254697286014,1.0,False,False,False,False,-0.3193998318171127,-0.3097169945432112,False,False,False,False,-121923.0,-83522.01433335202,False,False,False,False,2755.0249335974227,False,False,False,False
2025-08-08 19:00:00+00:00,13.335,13.355,13.315,13.32,18400.0,,,,,,13.81513394863063,13.82476837715336,13.777532700337911,13.77847365783931,13.769990599092752,13.711913864554703,13.719247019776818,,,,,13.33654076394992,13.870396111635534,13.835117225041428,13.829113719767395,13.785392885302311,13.77706178281836,13.77586906201416,13.730915153872754,13.680182527862085,13.938277891956723,13.822045350406087,13.765571146064225,13.755620988442766,13.739737979377036,13.677945472521092,13.571303738193821,13.48077938617143,13.476133485087875,,13.822045350406087,13.677945472521092,13.81513394863063,13.771008595340783,13.713778037249167,"rgba(239, 83, 80, 0.5)",0.3679548787457615,13.775207478865406,-1.2371285316750247,35.72586194165185,-17.020762450793,False,False,False,True,True,0.0,0.0,0.0,0.0,0.0,1,0.9465553235908143,1.0025052192066803,False,False,False,False,-0.33988028960251726,-0.32479864207286424,False,False,False,False,-140323.0,-84402.64977004424,False,False,False,False,2997.5826865649046,False,False,False,False
2025-08-11 14:00:00+00:00,13.415,13.475,13.325,13.335,0.0,,,,,,13.81513394863063,13.82476837715336,13.777532700337911,13.77847365783931,13.769990599092752,13.711913864554703,13.719247019776818,,,,,13.33654076394992,13.870396111635534,13.835117225041428,13.829113719767395,13.785392885302311,13.77706178281836,13.77586906201416,13.730915153872754,13.680182527862085,13.938277891956723,13.822045350406087,13.765571146064225,13.755620988442766,13.739737979377036,13.677945472521092,13.571303738193821,13.48077938617143,13.476133485087875,,13.822045350406087,13.677945472521092,13.81513394863063,13.771008595340783,13.713778037249167,"rgba(239, 83, 80, 0.5)",0.37194158216117185,13.775207478865406,-1.1835392975089618,35.96710769719146,-17.020762450793,False,False,False,True,True,0.0,0.0,0.0,0.0,0.0,1,0.9481327800829876,0.9946058091286307,False,False,False,False,-0.3020497079022038,-0.31342417498753405,False,False,False,False,-140323.0,-85269.63194415208,False,False,False,False,2951.1085363856037,False,False,False,False
2025-08-11 15:00:00+00:00,13.335,13.435,13.325,13.355,800.0,,,,,,13.812857524794618,13.823390765282147,13.776642860340166,13.777647595091352,13.769244324746287,13.711351342321642,13.718763407852647,,,,,13.337582650501155,13.8681239310155,13.833529583049643,13.827597262048808,13.784362607158199,13.776197158941951,13.775011531440738,13.730295118513405,13.679705247429855,13.937778809682413,13.821693609191989,13.76527713867912,13.755336898750178,13.739469896092334,13.677735152672128,13.571179233099148,13.480717050872894,13.47607395741849,,13.821693609191989,13.677735152672128,13.812857524794618,13.769985402918408,13.713203713142109,"rgba(239, 83, 80, 0.5)",0.3756765908343453,13.774281667749577,-1.116070785295373,37.28604196555861,-16.576190318727413,True,False,False,True,True,0.0,0.0,0.0,0.0,0.0,1,0.9440098806093044,0.9971181556195965,False,False,False,False,-0.31359623420254035,-0.3135102045950372,False,False,False,False,-139523.0,-86110.76943339003,False,False,False,False,2917.758016441641,False,False,False,False
2025-08-11 16:00:00+00:00,13.355,13.425,13.35,13.415,318.0,,,,,,13.812010032124144,13.82287566602516,13.776312000226344,13.777340329030231,13.768967061220598,13.711144674649498,13.718585364765488,,,,,13.338271159319383,13.867271672171283,13.832935509114934,13.82703015894036,13.78397921771796,13.775875671149722,13.7746927378249,13.73006638812114,13.67953130244157,13.93758941867543,13.821561703291858,13.765167807686808,13.755231440473352,13.73937067726589,13.67765845289992,13.571135981504833,13.480697968301877,13.476055975349304,,13.821561703291858,13.67765845289992,13.812010032124144,13.769605018291639,13.713006846791696,"rgba(239, 83, 80, 0.5)",0.37844998003356073,13.773951396472322,-0.9484777788612676,41.28468940736879,-12.71541729674496,True,False,False,True,True,0.0,0.0,0.0,0.0,0.0,1,0.9443747386030952,1.0083647009619408,False,False,False,False,-0.3092569420222647,-0.31138357330865096,False,False,False,False,-139205.0,-86933.93579876384,False,False,False,False,2877.451690605336,False,False,False,False
2025-08-11 17:00:00+00:00,13.41,13.435,13.375,13.395,110.0,,,,,,13.811721196608543,13.822699863277572,13.776199191387196,13.777235551893163,13.768872535257394,13.711074384630423,13.71852477919785,,,,,13.338525676119566,13.86698070706669,13.832732738637157,13.826836613554386,13.783848484942686,13.775766056051598,13.774584045229341,13.729988526012972,13.679472245247332,13.93752454219872,13.821516631227784,13.76513051682599,13.755195484113134,13.739336870199532,13.67763240320454,13.571121453873072,13.480691762073134,13.476050148666786,,13.821516631227784,13.67763240320454,13.811721196608543,13.769475357464591,13.712940828069133,"rgba(239, 83, 80, 0.5)",0.38180079471743106,13.773839720770251,-0.9922444531594784,43.04382980622433,-11.060426298300172,True,False,False,True,True,0.0,0.0,0.0,0.0,0.0,1,0.9380493930514863,1.0117203850983676,False,False,False,False,-0.29917535925977984,-0.30527946628421543,False,False,False,False,-139315.0,-87746.04532126362,False,False,False,False,2834.545462844013,False,False,False,False
2025-08-11 18:00:00+00:00,13.395,13.435,13.385,13.4,671.0,,,,,,13.80998944435241,13.821643334014583,13.775521692878808,13.77660616699276,13.768304815786374,13.710653223694658,13.718161532190075,,,,,13.340154554090963,13.865232652683925,13.831514255189777,13.825673629702353,13.783063354976273,13.775107710383466,13.773931260973487,13.72952158650421,13.679119013344348,13.937132825054842,13.821245172803868,13.76490633513558,13.754979408412247,13.739133845030704,13.677476483597905,13.5710355024516,13.48065631915545,13.476017013489033,,13.821245172803868,13.677476483597905,13.80998944435241,13.768697172844242,13.71255005127667,"rgba(239, 83, 80, 0.5)",0.3849583808088479,13.773173961676036,-0.9693878099028492,44.48885500194393,-9.662388994234426,True,False,False,True,True,0.0,0.0,0.0,0.0,0.0,1,0.9387840670859541,1.0117400419287212,False,False,False,False,-0.29630580373142046,-0.30079263500781794,False,False,False,False,-138644.0,-88535.16089767814,False,False,False,False,2801.002122334803,False,False,False,False
2025-08-11 19:00:00+00:00,13.4,13.435,13.4,13.405,821.0,,,,,,13.807925294896906,13.820378548638024,13.77471103489826,13.775852812551562,13.767625361372744,13.71015076257836,13.717727719477063,,,,,13.342234086739817,13.863142635833592,13.830056077253815,13.824281893900775,13.782124082795438,13.774319898854593,13.773150134342988,13.72896385499026,13.678698604932542,13.936660339974988,13.82091884683006,13.76463751689574,13.754720447033625,13.738890745454949,13.67729064296214,13.570934719467528,13.480616902465767,13.475980407289562,,13.82091884683006,13.67729064296214,13.807925294896906,13.76776736205899,13.712090102112121,"rgba(239, 83, 80, 0.5)",0.38759122146272856,13.772384127642004,-0.9478649342354447,45.74872264892646,-8.39253060276149,True,False,False,True,True,0.0,0.0,0.0,0.0,0.0,1,0.9395973154362418,1.0096476510067114,False,False,False,False,-0.2920103283417661,-0.296401481674792,False,False,False,False,-137823.0,-89299.31344190017,False,False,False,False,2770.3044150117826,False,False,False,False
2025-08-12 14:00:00+00:00,13.32,13.355,13.315,13.335,0.0,,,,,,13.807925294896906,13.820378548638024,13.77471103489826,13.775852812551562,13.767625361372744,13.71015076257836,13.717727719477063,,,,,13.342234086739817,13.863142635833592,13.830056077253815,13.824281893900775,13.782124082795438,13.774319898854593,13.773150134342988,13.72896385499026,13.678698604932542,13.936660339974988,13.82091884683006,13.76463751689574,13.754720447033625,13.738890745454949,13.67729064296214,13.570934719467528,13.480616902465767,13.475980407289562,,13.82091884683006,13.67729064296214,13.807925294896906,13.76776736205899,13.712090102112121,"rgba(239, 83, 80, 0.5)",0.39122069299903545,13.772384127642004,-1.1179984481114391,43.20553750467359,-8.39253060276149,True,False,False,True,False,0.0,0.0,0.0,0.0,0.0,1,0.9355648535564856,1.0142259414225943,False,False,False,False,-0.33988028960251726,-0.3181408856386546,False,False,False,False,-137823.0,-90051.6186598552,False,False,False,False,2727.353958965088,False,False,False,False
2025-08-12 15:00:00+00:00,13.335,13.385,13.275,13.295,597.0,,,,,,13.806079632997399,13.819250250966224,13.77396946429834,13.77516391795652,13.767000875401898,13.709669856738042,13.71731483261211,,,,,13.3417502034726,13.861316531171399,13.82876184444275,13.82304317157492,13.781268900961892,13.773598989615436,13.772434844038397,13.728437831474038,13.678284591255487,13.936255029671129,13.820626651072168,13.764389509890888,13.754480053739977,13.73866268324468,13.677107093474852,13.57081738795312,13.48054784070523,13.475913490844622,,13.820626651072168,13.677107093474852,13.806079632997399,13.766921261567218,13.711538702700201,"rgba(239, 83, 80, 0.5)",0.3957581958084562,13.771555028335664,-1.2041570670751507,39.99705184993145,-5.574857570359654,True,False,False,True,False,0.0,0.0,0.0,0.0,0.0,1,0.9286010792860111,1.012038190120382,False,False,False,False,-0.34282825441539394,-0.33048457002702425,False,False,False,False,-138420.0,-90801.51604497373,False,False,False,False,2694.325215415242,False,False,False,False
2025-08-12 16:00:00+00:00,13.295,13.305,13.245,13.275,0.0,,,,,,13.806079632997399,13.819250250966224,13.77396946429834,13.77516391795652,13.767000875401898,13.709669856738042,13.71731483261211,,,,,13.3417502034726,13.861316531171399,13.82876184444275,13.82304317157492,13.781268900961892,13.773598989615436,13.772434844038397,13.728437831474038,13.678284591255487,13.936255029671129,13.820626651072168,13.764389509890888,13.754480053739977,13.73866268324468,13.677107093474852,13.57081738795312,13.48054784070523,13.475913490844622,,13.820626651072168,13.677107093474852,13.806079632997399,13.766921261567218,13.711538702700201,"rgba(239, 83, 80, 0.5)",0.40046285157990646,13.771555028335664,-1.239952785574627,37.1553910377245,-8.178555591646564,True,False,False,True,False,0.0,0.0,0.0,0.0,0.0,1,0.9328046744574293,1.018781302170284,False,False,False,False,-0.34282825441539394,-0.3366564122212091,False,False,False,False,-138420.0,-91539.78711404391,False,False,False,False,2652.5527314553156,False,False,False,False
2025-08-12 17:00:00+00:00,13.275,13.325,13.275,13.285,700.0,,,,,,13.803830502187799,13.817872406197596,13.773058643434217,13.774317684192319,13.766232889448807,13.709073950517173,13.71680354761662,,,,,13.340666158738573,13.859099557076707,13.827183641258284,13.821531645000224,13.780219845019532,13.77271342613151,13.771556057203654,13.72778777269997,13.67776896836684,13.935762547789524,13.820268580135295,13.764083871995961,13.754183461095481,13.73838076148909,13.676878133865882,13.570667250919474,13.480455301438019,13.4758234943669,,13.820268580135295,13.676878133865882,13.803830502187799,13.765884231942076,13.710835026366162,"rgba(239, 83, 80, 0.5)",0.40469983315411634,13.770516077876493,-1.1996942872264562,36.04004313518664,-9.216714652566964,True,False,False,True,False,0.0,0.0,0.0,0.0,0.0,1,0.9439764111204723,1.01558550968829,False,False,False,False,-0.32875826420636184,-0.3327073382137855,False,False,False,False,-137720.0,-92255.75940684944,False,False,False,False,2622.280596083915,False,False,False,False
2025-08-12 18:00:00+00:00,13.285,13.295,13.255,13.28,0.0,,,,,,13.803830502187799,13.817872406197596,13.773058643434217,13.774317684192319,13.766232889448807,13.709073950517173,13.71680354761662,,,,,13.340666158738573,13.859099557076707,13.827183641258284,13.821531645000224,13.780219845019532,13.77271342613151,13.771556057203654,13.72778777269997,13.67776896836684,13.935762547789524,13.820268580135295,13.764083871995961,13.754183461095481,13.73838076148909,13.676878133865882,13.570667250919474,13.480455301438019,13.4758234943669,,13.820268580135295,13.676878133865882,13.803830502187799,13.765884231942076,13.710835026366162,"rgba(239, 83, 80, 0.5)",0.40872105512306983,13.770516077876493,-1.2001243188433124,35.084335353734026,-10.217180485729003,True,False,False,True,False,0.0,0.0,0.0,0.0,0.0,1,0.94097807757167,1.010118043844857,False,False,False,False,-0.34282825441539294,-0.3377677963145892,False,False,False,False,-137720.0,-92960.63135403006,False,False,False,False,2581.625082966335,False,False,False,False
2025-08-12 19:00:00+00:00,13.28,13.285,13.26,13.27,700.0,,,,,,13.801498846214834,13.81644062063112,13.772106993017095,13.773433377985643,13.7654294949298,13.708446271221769,13.716265284253284,,,,,13.339102456185792,13.856808885571251,13.825545955712036,13.819962146079433,13.779125075729386,13.771788039252929,13.770637630073676,13.727104718568135,13.677223383361486,13.93525291560052,13.819895112251332,13.76376344850687,13.753872199239973,13.738084380239066,13.676635475454956,13.570504583008532,13.480351223072814,13.475721985850862,,13.819895112251332,13.676635475454956,13.801498846214834,13.764802984036223,13.710076645208837,"rgba(239, 83, 80, 0.5)",0.4128480295405441,13.769412833785475,-1.2096771646004199,33.997891171245236,-11.411564769484421,True,False,False,True,False,0.0,0.0,0.0,0.0,0.0,0,0.9424460431654681,1.0114261531950912,False,False,False,False,-0.34282825441539394,-0.34029802536499154,False,False,False,False,-138420.0,-93665.42776714587,False,False,False,False,2552.4526010598797,False,False,False,False
2025-08-13 14:00:00+00:00,13.215,13.23,13.08,13.095,2309.0,,,,,,13.792003459346507,13.810598956496344,13.768143046405191,13.769749844660218,13.762069443354426,13.705744680489303,13.713956024891031,,,,,13.32490621642518,13.847642415709222,13.818895539196262,13.813573224264458,13.774583470746304,13.767932118433894,13.766808657547868,13.724194273784839,13.674831110151484,13.933232311358154,13.818360595025196,13.762416741493265,13.752558133154812,13.736823728844248,13.675567676262293,13.569724447923507,13.479784296286184,13.475164090261519,,13.818360595025196,13.675567676262293,13.792003459346507,13.76032363652043,13.706499947048263,"rgba(239, 83, 80, 1.0)",0.42009964497929075,13.764489178028516,-1.593643760545235,28.558900255511713,-16.55936002082605,False,True,False,True,False,0.0,0.0,0.0,0.0,0.0,0,0.9301255230125527,1.0108786610878664,False,False,False,False,-0.34282825441539394,-0.3415631398901927,False,False,False,False,-140729.0,-94395.09555370174,False,False,False,False,2548.6781421287187,False,False,False,False
2025-08-13 15:00:00+00:00,13.1,13.145,13.04,13.045,418.0,,,,,,13.790163291095096,13.809461739204576,13.76736508825146,13.769026686402931,13.761408766945538,13.70520862043659,13.713498014733613,,,,13.076666666666666,13.321819376270517,13.845874035378449,13.817603755070998,13.812331019862777,13.773693775706672,13.76717519037876,13.766056878682605,13.723618588407449,13.674353736171495,13.932840958484219,13.818059884479403,13.76215095329848,13.752298429154134,13.73657400947009,13.675354010511708,13.569564607569415,13.479664533724904,13.475046003306893,,13.818059884479403,13.675354010511708,13.790163291095096,13.759447458152831,13.672670863820823,"rgba(239, 83, 80, 1.0)",0.42816419347791207,13.726442760183948,-1.5915454177723114,24.196217843668748,-20.494678555220393,False,True,False,True,False,0.0,0.0,0.0,0.0,0.0,0,0.9275000000000003,1.0175000000000003,True,False,False,False,-0.34282825441539394,-0.3421956971527933,False,False,False,False,-141147.0,-95119.93128155133,False,False,False,False,2515.644372483312,False,False,False,False
2025-08-13 16:00:00+00:00,13.045,13.12,13.04,13.095,900.0,,,,,,13.78627906881856,13.807052817668946,13.765716124331972,13.76749343737235,13.760007831964844,13.704072781178274,13.712526974845986,,,13.084999999999997,13.082357106727363,13.31564416437298,13.842134872055288,13.814868718880449,13.809700718185276,13.771808653540067,13.765570655369677,13.764463262000518,13.722398463902994,13.673342774242206,13.932007735042317,13.817420516821155,13.761586329382247,13.751746823309123,13.736043758622134,13.674900878089217,13.569226617840815,13.479412240321182,13.474797300057784,,13.817420516821155,13.674900878089217,13.78627906881856,13.757592719454419,13.64222157943814,"rgba(239, 83, 80, 1.0)",0.43470298444420524,13.68235830400926,-1.351171547074223,24.76149539165297,-20.494678555220393,False,True,False,True,False,0.0,0.0,0.0,0.0,0.0,0,0.9316666666666669,1.0175000000000003,True,False,False,False,-0.34282825441539394,-0.34251197578409365,False,False,False,False,-140247.0,-95819.57575780633,False,False,False,False,2490.5956225223304,False,False,False,False
2025-08-13 17:00:00+00:00,13.095,13.19,13.095,13.165,1000.0,,,,,,13.782408546291059,13.804634221307706,13.764067324883793,13.765959353168562,13.758607266621354,13.702947604948504,13.71156294807244,,,13.11921052631579,13.111538682772505,13.310980102304194,13.83837610899013,13.812122155988758,13.807060521288573,13.769923230785713,13.763966098337233,13.762869856779437,13.721185919705803,13.672347195721503,13.931154749529792,13.81677434564351,13.76102023758615,13.75119464244858,13.735514323640098,13.67445360045537,13.568901963137927,13.47917842839841,13.474567352950265,,13.81677434564351,13.67445360045537,13.782408546291059,13.75574103789906,13.644117002138987,"rgba(239, 83, 80, 0.5)",0.4397575294235436,13.683625129480157,-1.1793433762464471,29.15502980347067,-20.494678555220393,False,False,False,True,True,0.0,0.0,0.0,0.0,0.0,0,0.9360635185959051,1.0158796489761808,False,False,False,False,-0.3123696994275109,-0.3274408376058023,False,False,False,False,-139247.0,-96492.8691569101,False,False,False,False,2467.4856128708216,False,False,False,False
2025-08-13 18:00:00+00:00,13.165,13.185,13.145,13.155,700.0,,,,,,13.779776547479873,13.802981755009482,13.762940237829852,13.764910275551227,13.757649411797063,13.70217925761595,13.710904071767732,,,13.130641025641024,13.12316545173404,13.308094021814169,13.835813356488618,13.810246663893157,13.805257514926087,13.768634933746448,13.762869125086615,13.761780520402725,13.720357465176425,13.671668056698088,13.93056766711463,13.816330671078491,13.760632150735168,13.750816207596033,13.735151661109722,13.67414791420764,13.568681324819405,13.4790207511426,13.474412362506397,,13.816330671078491,13.67414791420764,13.779776547479873,13.754477365293026,13.644414442295874,"rgba(239, 83, 80, 0.5)",0.44470935948597756,13.683493713547715,-1.188402497664051,31.761964272172797,-24.1845903724401,False,False,False,True,True,0.0,0.0,0.0,0.0,0.0,0,0.9417679095098452,1.0096355257645582,False,False,False,False,-0.30154324251227205,-0.3144920400590372,False,False,False,False,-139947.0,-97166.57661184174,False,False,False,False,2440.0827351518938,False,False,False,False
2025-08-13 19:00:00+00:00,13.155,13.215,13.155,13.185,17242.0,,,,,,13.723532547591494,13.766189937697611,13.737479118492484,13.74112951035933,13.73587669740631,13.684707355129117,13.69582802680145,,,13.177877062124113,13.17578891082593,13.268391323867784,13.780284514625322,13.768785582883039,13.765324427765952,13.739696550104483,13.738058141860956,13.737138388701528,13.701519668466645,13.656232089608528,13.916814964233918,13.805971779052749,13.751595478378254,13.74200899426382,13.726718902564604,13.667069464121052,13.563628451933768,13.475467738608284,13.47092386503163,,13.805971779052749,13.667069464121052,13.723532547591494,13.726391884782544,13.63146481495112,"rgba(239, 83, 80, 0.5)",0.4487639480630044,13.661142708325244,-1.0610092686375843,35.16266178189007,-21.028295217446633,True,False,False,True,True,0.0,0.0,0.0,0.0,0.0,0,0.9431438127090304,1.0037625418060203,False,False,False,False,-0.2919770705076675,-0.30323455528335236,False,False,False,False,-122705.0,-97562.52116049535,False,False,False,False,2669.569824529384,False,False,False,False
2025-08-14 14:00:00+00:00,13.325,13.34,13.265,13.315,3900.0,,,,,,13.714802747096378,13.760084023544993,13.733228486496733,13.73713664327446,13.732216945861914,13.681840481273928,13.69332087518171,,,13.199032797012325,13.196915700883002,13.270993862998417,13.771317136046529,13.761956627449495,13.758741065842257,13.734893863989686,13.733908929559373,13.733018243425088,13.69840181465029,13.653742075472735,13.914279805731255,13.804125528849326,13.750021163579527,13.740481622985122,13.725267578577768,13.665893635929644,13.562865281642559,13.475007603403137,13.470477242901264,,13.804125528849326,13.665893635929644,13.714802747096378,13.721804314675731,13.63106707904644,"rgba(239, 83, 80, 0.5)",0.4507275599886777,13.659214570546354,-0.7636865395029336,42.815893316235545,-14.049166063585474,True,False,False,True,True,0.0,0.0,0.0,0.0,0.0,0,0.9458005792304514,0.9950351675630952,False,False,False,False,-0.23675169904298557,-0.269993127163169,False,False,False,False,-118805.0,-97891.86191769697,False,False,False,False,2688.6462613583853,False,False,False,False
2025-08-14 15:00:00+00:00,13.315,13.395,13.31,13.355,1700.0,,,,,,13.711532975404353,13.757741695996172,13.731601628985862,13.735605242322244,13.73081393609621,13.680758135745862,13.692368780131565,,,13.209342949977728,13.207198375870071,13.273364066353976,13.767895674937362,13.759341339909266,13.756220334540311,13.733058088526631,13.732320008382835,13.73144075052565,13.697218180032795,13.652812202033596,13.913265685168309,13.803400115041862,13.749410270904216,13.73989045389737,13.724708261644544,13.665449765040941,13.562594371288215,13.474863199943591,13.470338565586069,,13.803400115041862,13.665449765040941,13.711532975404353,13.720060342097467,13.631206632980266,#000000,0.4516496290128013,13.658770052467066,-0.6725789925501202,49.14511765239274,-8.509687309361126,True,False,False,False,True,0.0,0.0,0.0,0.0,0.0,0,0.9481268011527381,0.9917661589131335,False,False,False,False,-0.213692741502987,-0.241842934333078,False,False,False,False,-117105.0,-98189.74002750011,False,False,False,False,2673.318412345077,False,False,False,False
2025-08-14 16:00:00+00:00,13.355,13.385,13.345,13.355,2323.0,,,,,,13.707261155145348,13.754649315031664,13.729449454626192,13.73357746958898,13.728955435055083,13.679327972185835,13.691108126306993,,,13.222087340176481,13.219930513666633,13.276705984576953,13.763402093928368,13.755893533827477,13.752896292186039,13.730632358909041,13.730217397143855,13.729353271250607,13.695652723581073,13.651585924902518,13.911906369321795,13.802430909090905,13.748596039163608,13.739102903683333,13.723963774922286,13.664861402805208,13.56224000789575,13.47467992270852,13.47016305582129,,13.802430909090905,13.664861402805208,13.707261155145348,13.717761275420012,13.631315090978086,"rgba(38, 166, 154, 1.0)",0.4520543896161,13.658109869224607,-0.6705163718950221,53.36460054316421,-4.911397681633673,True,False,True,False,True,0.0,0.0,0.0,0.0,0.0,0,0.9591326105087575,0.991659716430359,False,False,False,False,-0.2079637143753492,-0.2249033243542136,False,False,False,False,-117105.0,-98482.999872035,False,False,False,False,2667.8871191304247,False,False,False,False
2025-08-14 17:00:00+00:00,13.355,13.37,13.31,13.365,2800.0,,,,,,13.702055422606222,13.750861224689125,13.726795561446867,13.731075774056208,13.726659611654801,13.67754944536878,13.68954034441771,,,13.2336524892306,13.2315345512055,13.279830892282124,13.757940765524458,13.751678504679802,13.748829354750304,13.727646172687278,13.72762398214262,13.726778153517381,13.693710566660474,13.650054158278195,13.91023732513692,13.80123315748983,13.747585485287004,13.738124607522398,13.723037589336979,13.664124195614024,13.561786254433517,13.474433828715961,13.46992635405564,,13.80123315748983,13.664124195614024,13.702055422606222,13.714933912034244,13.630988419427553,"rgba(38, 166, 154, 1.0)",0.45129720935452794,13.656844904102305,-0.6466800548572396,56.52212997581995,-2.1361449515997535,True,False,True,False,True,0.0,0.0,0.0,0.0,0.0,0,0.9545075125208684,0.9929048414023376,False,False,False,False,-0.21943562003976513,-0.22216947219698935,False,False,False,False,-114305.0,-98728.30219960035,False,False,False,False,2669.935380849333,False,False,False,False
2025-08-14 18:00:00+00:00,13.365,13.405,13.35,13.4,1635.0,,,,,13.385000000000002,13.699392815624075,13.748880269477572,13.725411389870686,13.729768442787071,13.72546046888371,13.676634409856932,13.688729153701368,,,13.241337370600412,13.23922711386351,13.282443541239333,13.755097261536692,13.749477407819425,13.746706125134443,13.72609041149909,13.726270666289793,13.72543463748219,13.692705833485944,13.649274681171127,13.909330585615503,13.800593060787474,13.747051726921804,13.737609138108775,13.722551588386798,13.663745103886487,13.56156754565174,13.474332225987492,13.469830113523338,,13.800593060787474,13.663745103886487,13.699392815624075,13.672409618775177,13.63103380694957,"rgba(38, 166, 154, 1.0)",0.4494731851224915,13.633335378077723,-0.5191308086913643,59.819970858107126,0.9335857498775226,True,False,True,False,True,0.0,0.0,0.0,0.0,0.0,0,0.955211385516953,0.9941398074508165,False,False,False,False,-0.2022481138631318,-0.21220879303006057,False,False,False,False,-112670.0,-98944.45255309492,False,False,False,False,2653.889871068723,False,False,False,False
2025-08-14 19:00:00+00:00,13.4,13.405,13.39,13.395,3003.0,,,,13.396666666666665,13.392553902544199,13.69479436233101,13.745412067853671,13.72298421252769,13.72747321326819,13.723354520060198,13.675035233213187,13.687307244186995,,,13.254587771875501,13.25249992981668,13.287427877396418,13.750147127356568,13.745629975015978,13.742993991851801,13.72336593675038,13.723896713052008,13.723077953780876,13.690946704738009,13.647917574586593,13.90771018490841,13.799455371222832,13.746106916268056,13.736697482578213,13.721693309045751,13.66308053313491,13.561193699797858,13.474170505762112,13.469678148278796,,13.799455371222832,13.66308053313491,13.69479436233101,13.640620158072423,13.631113885360886,"rgba(38, 166, 154, 1.0)",0.44731710742448455,13.618501692466243,-0.4996493287571713,61.68114912459654,2.8181110783288403,True,False,True,False,True,0.0,0.0,0.0,0.0,0.0,0,0.9541631623212786,0.9966358284272502,False,False,False,False,-0.19313003582907845,-0.2026694144295695,False,False,False,False,-115673.0,-99203.80987785313,False,False,False,False,2659.3024312071925,False,False,False,False
2025-08-15 14:00:00+00:00,13.245,13.315,13.2,13.285,1999.0,,,,13.344713447954149,13.354637888604287,13.69050864744049,13.74229444992817,13.720752500601439,13.725369251606823,13.721415629172448,13.673488376720092,13.685948431423245,,,13.255236815224986,13.253252702463229,13.286841836470527,13.74574285722966,13.74217815832958,13.739655006954916,13.720865411302837,13.721715014763408,13.72091045800855,13.68927505981875,13.646558995832809,13.906364256847997,13.798458313010732,13.745247878401099,13.735862339039072,13.720896970094916,13.662425007114209,13.560749889567488,13.473883283628046,13.469397845035889,,13.798458313010732,13.662425007114209,13.69050864744049,13.62879206927235,13.629775904956933,"rgba(38, 166, 154, 0.75)",0.4417483487276628,13.61205091806966,-0.7403557229169988,56.951066374130065,2.8181110783288403,True,False,True,False,False,0.0,0.0,0.0,0.0,0.0,0,0.9438435940099837,0.9979201331114811,False,False,False,False,-0.2577175817035262,-0.23019349806654787,False,False,False,False,-117672.0,-99490.13840687866,False,False,False,False,2649.065184211732,False,False,False,False
2025-08-15 15:00:00+00:00,13.285,13.315,13.245,13.245,1631.0,,,,13.325932207648624,13.337612885018546,13.687088449464547,13.739789490170665,13.718954360254004,13.723672978358495,13.719851580076908,13.672240073799113,13.684850632846107,,,13.25578687370707,13.253879349146093,13.28642516011484,13.742220679235727,13.739408178796635,13.736974661873566,13.718852819459856,13.719956777119407,13.719163605971817,13.687926218949553,13.645462504443657,13.90527313340086,13.79765010652902,13.74455169266836,13.735185546779658,13.720251669207778,13.661894007799114,13.560390817474552,13.473651405325276,13.469171591625155,,13.79765010652902,13.661894007799114,13.687088449464547,13.623332517515223,13.628703839981398,#000000,0.4336268790910952,13.608693390833594,-0.8387242774154474,52.20273239611849,11.351753732001143,True,False,False,False,False,0.0,0.0,0.0,0.0,0.0,0,0.9452282157676353,0.9983402489626559,False,False,False,False,-0.24720801356289449,-0.23870075581472117,False,False,False,False,-119303.0,-99797.31455560922,False,False,False,False,2633.281227867364,False,False,False,False
2025-08-15 16:00:00+00:00,13.245,13.26,13.215,13.255,588.0,,,,13.31920625028851,13.331353131586871,13.685796163675267,13.73884535191103,13.718273833567736,13.723031123897906,13.719259287835703,13.671764187893393,13.684432604071564,,,13.255601117847508,13.25372369621058,13.286078235390764,13.74089727510602,13.738364908879783,13.735964668097946,13.718091613375112,13.719291342166073,13.718502402615298,13.687413212058177,13.645042658934496,13.904865277879656,13.797345606869415,13.744288055650227,13.734928993111769,13.720006634954034,13.661690787269958,13.56025052032341,13.473557774784902,13.469080010822926,,13.797345606869415,13.661690787269958,13.685796163675267,13.621329103858663,13.628249239617404,#000000,0.4252493492164589,13.607403206906502,-0.828697815895122,49.56343753109678,8.727188239934065,True,False,False,False,False,0.0,0.0,0.0,0.0,0.0,0,0.9429166666666671,1.0070833333333336,False,False,False,False,-0.26710634640561925,-0.2529035511101702,False,False,False,False,-118715.0,-100090.61200435946,False,False,False,False,2601.5714413888004,False,False,False,False
2025-08-15 17:00:00+00:00,13.255,13.275,13.225,13.225,3802.0,,,,13.292461671051438,13.30441459946279,13.677587775584877,13.732805946941863,13.713904854098944,13.71890767447955,13.71545150255032,13.668700552375778,13.681738484937235,,,13.254375409696996,13.252673288879722,13.283880718741594,13.73247867342021,13.731701276658812,13.729510756399295,13.713210812646007,13.715018185939755,13.714256188829962,13.68411213827645,13.642337786674664,13.902233559333357,13.795378863621691,13.74258440470873,13.733270956758115,13.718422785709683,13.660376298459614,13.559341594234333,13.472949824162185,13.468485280057227,,13.795378863621691,13.660376298459614,13.677587775584877,13.6117747846092,13.625329940160421,"rgba(239, 83, 80, 0.5)",0.41573891668553176,13.600614982359735,-0.9034876632534588,46.547874761766984,5.656058517874726,True,False,False,True,False,0.0,0.0,0.0,0.0,0.0,0,0.9367194004995841,1.0083263946711076,False,False,False,False,-0.2612330779148077,-0.25706831451248896,False,False,False,False,-122517.0,-100438.30794227635,False,False,False,False,2620.1827368711442,False,False,False,False
2025-08-15 18:00:00+00:00,13.225,13.225,13.155,13.225,476.0,,,,13.288703220569905,13.300690827876759,13.676489087734616,13.731999408760972,13.713317651337071,13.718353547970837,13.714939163243194,13.668284425027126,13.681373047590263,,,13.25380126928915,13.25212295335887,13.283374550534184,13.73136037319973,13.73081250821967,13.728649315829355,13.712555546286252,13.714443824168653,13.713685349735307,13.683665240865105,13.641968144346976,13.901885683248,13.795115896083558,13.742354958198362,13.73304733364382,13.718208655648045,13.660196641008657,13.559213881839737,13.472860809948832,13.468397948088155,,13.795115896083558,13.660196641008657,13.676489087734616,13.610461153345637,13.624886044177023,"rgba(239, 83, 80, 0.5)",0.40313467671186515,13.599639328908506,-0.9293155626408048,44.53749958221378,3.446830656285627,True,False,False,True,False,0.0,0.0,0.0,0.0,0.0,0,0.9292845257903498,1.0158069883527456,False,False,False,False,-0.2895936882992802,-0.2733310014058846,False,False,False,False,-122517.0,-100780.61324549688,False,False,False,False,2586.93959366384,False,False,False,False
2025-08-15 19:00:00+00:00,13.225,13.245,13.175,13.235,5943.0,,,,13.264726139968658,13.275034247173735,13.663653651247099,13.722442015305349,13.70633316317444,13.711753731564263,13.708832368411244,13.66333405840834,13.67701375819789,,,13.249555148194405,13.248111532827272,13.278731818345602,13.71821173360474,13.720303515461016,13.718458771546658,13.70477580741996,13.70760906638601,13.70689237781638,13.678345049242727,13.637577453440738,13.897673945506504,13.791943831374436,13.739594353259319,13.730358165143745,13.715635823666027,13.658046457237495,13.55770096954888,13.471822338808797,13.467380207716275,,13.791943831374436,13.658046457237495,13.663653651247099,13.59923590371678,13.619936418327347,"rgba(239, 83, 80, 0.5)",0.38884365416886985,13.590357593809893,-0.9138829707005225,43.884330568730206,2.3753395846845606,True,False,False,True,False,0.0,0.0,0.0,0.0,0.0,0,0.928660306926587,1.0145167980091252,False,False,False,False,-0.28009179522584365,-0.2767113983158641,False,False,False,False,-116574.0,-101025.471954869,False,False,False,False,2638.9715379481213,False,False,False,False
2025-08-18 14:00:00+00:00,13.125,13.215,13.095,13.195,200.0,,,,13.263633374900804,13.273927218965609,13.663187100764683,13.722095273704225,13.706077808760988,13.711512456951212,13.70860878425986,13.663150851694073,13.6768526457205,,13.168333333333335,13.249229231036741,13.247794070831674,13.27846725459418,13.717737865946232,13.719922866058655,13.718089324289537,13.704491780060355,13.707359159308055,13.706643948357545,13.678148893153795,13.637413842297919,13.897522744682197,13.791828436311574,13.739493093493381,13.730259365483407,13.715541041593607,13.657966274194532,13.55764282208394,13.471780674194942,13.467339254424553,,13.791828436311574,13.657966274194532,13.663187100764683,13.598782835080216,13.598238346463338,"rgba(239, 83, 80, 0.5)",0.3721616668953404,13.566523968267001,-0.9982865010422497,41.53428866139903,-0.3470646097468659,False,False,False,True,False,0.0,0.0,0.0,0.0,0.0,0,0.9200000000000005,1.0189690721649487,False,False,False,False,-0.30634639382381657,-0.29152889606984034,False,False,False,False,-116774.0,-101269.63518037491,False,False,False,False,2601.1580257318715,False,False,False,False
2025-08-18 15:00:00+00:00,13.195,13.245,13.185,13.245,1025.0,,,,13.261512026570953,13.271456999310413,13.661081992082169,13.72050616382958,13.70491042061236,13.710407929719013,13.707585692928877,13.662321325553489,13.676120377031339,,13.21574829931973,13.248740997765413,13.247338500536218,13.277818549118942,13.715571227967823,13.718179820643213,13.716398034589881,13.703194196929491,13.70621627608801,13.705507985193902,13.677257434458472,13.6366782015451,13.89680896623992,13.791291395064508,13.739026131648798,13.729804569004152,13.715106048153372,13.657603259297309,13.557388425838537,13.471607164415397,13.46716928825676,,13.791291395064508,13.657603259297309,13.661081992082169,13.597322547515354,13.599735941527374,"rgba(239, 83, 80, 0.5)",0.3550599492586841,13.567599194260591,-0.9085766922857231,43.32495198825613,-0.3470646097468659,True,False,False,True,False,0.0,0.0,0.0,0.0,0.0,0,0.9227608874281024,1.0168447000821697,False,False,False,False,-0.2777240659074397,-0.28462648098864,False,False,False,False,-115749.0,-101494.12145664816,False,False,False,False,2576.721467193393,False,False,False,False
2025-08-18 16:00:00+00:00,13.245,13.265,13.225,13.255,800.0,,,,13.260970445711544,13.270580355732475,13.659540144815201,13.719330997965368,13.704047325929416,13.709590610303717,13.706828648708417,13.661710497437289,13.67557997320848,,13.228621399176957,13.248734685582672,13.247353780679015,13.277541958834611,13.713973191509982,13.716891864263525,13.715148341593384,13.702235497653012,13.705371095462446,13.704667968929426,13.676599866623484,13.636138303147423,13.89627223530418,13.790890189091227,13.738678779400297,13.729466555392817,13.714783214747829,13.657335612390286,13.557204062138586,13.471484708857451,13.467049562980622,,13.790890189091227,13.657335612390286,13.659540144815201,13.596464333312435,13.599830613036152,"rgba(239, 83, 80, 0.5)",0.3345824747837878,13.567430508032226,-0.9337922084356703,45.131688839193544,-0.3470646097468659,True,False,False,True,True,0.0,0.0,0.0,0.0,0.0,0,0.9244186046511632,1.0203488372093024,False,False,False,False,-0.2635802497346536,-0.2741033653616468,False,False,False,False,-114949.0,-101702.72422476215,False,False,False,False,2549.1753979345804,False,False,False,False
2025-08-18 17:00:00+00:00,13.255,13.375,13.25,13.305,326.0,,,,13.261777985483082,13.271180075913136,13.659008869348455,13.718916272998507,13.703744016502712,13.709302797779088,13.706562264270081,13.661499156720888,13.67539187819235,,13.23990571388062,13.249118823687803,13.247743444442323,13.27766556085101,13.71341094868905,13.716437852681924,13.714708023154122,13.701898904334836,13.70507392813995,13.704372684877045,13.67637098612103,13.63595364098467,13.896074564079864,13.790745430655097,13.738555157683734,13.729346587627512,13.714669163318975,13.657243075776432,13.557143983903305,13.471448625857056,13.467014557608243,,13.790745430655097,13.657243075776432,13.659008869348455,13.596375924134255,13.600233412302604,#000000,0.32059582761585664,13.567854534634511,-0.8198938101885358,49.12194695817267,-0.3470646097468659,True,False,False,False,True,0.0,0.0,0.0,0.0,0.0,0,0.938178780284044,1.0108604845446951,False,False,False,False,-0.23212084009414025,-0.25311210272789353,False,False,False,False,-114623.0,-101903.03857786661,False,False,False,False,2514.7075623076876,False,False,False,False
2025-08-18 18:00:00+00:00,13.305,13.345,13.305,13.315,100.0,,,,13.262079039528142,13.271414591849377,13.658851661820082,13.71879284989333,13.703653824363933,13.709217171884506,13.706483024764424,13.66143652921754,13.675336060128354,,13.24324153406773,13.24925808969855,13.247884221083833,13.277716899239278,13.713243773791033,13.716302780115832,13.71457703600268,13.701798840849737,13.704985551242562,13.704284872417324,13.676303068540328,13.635899064008616,13.896015161950618,13.7907021208691,13.738518283138397,13.72931082488199,13.714635199351951,13.657215653555753,13.55712643052679,13.471438360279723,13.467004620513942,,13.7907021208691,13.657215653555753,13.658851661820082,13.5963627503833,13.600355351720273,"rgba(38, 166, 154, 1.0)",0.3088369201427421,13.56798875982929,-0.8191661790706944,52.288149986799446,-4.87818610312172,True,False,True,False,True,0.0,0.0,0.0,0.0,0.0,0,0.9426298157453942,1.002931323283082,False,False,False,False,-0.2263459647107054,-0.23972903371929946,False,False,False,False,-114523.0,-102098.69689448884,False,False,False,False,2477.2702357602816,False,False,False,False
2025-08-18 19:00:00+00:00,13.315,13.32,13.285,13.305,345.0,,,,13.262782307210859,13.271918042030512,13.65828099046662,13.718347997910236,13.703328069608524,13.708908091897793,13.706196886533542,13.66120899251647,13.675133647501166,,13.250656294706726,13.249613861449076,13.248246146763531,13.277819599549115,13.71264116210792,13.715815872722946,13.714104744911886,13.70143739570625,13.704666395655835,13.70396772719317,13.676056849508166,13.635699941860972,13.895803780245288,13.790546925500623,13.738385523144903,13.729181944783047,13.714512604168377,13.657115914158394,13.55706117777755,13.471398620908607,13.46696602473186,,13.790546925500623,13.657115914158394,13.65828099046662,13.596233891741747,13.600557071788295,"rgba(38, 166, 154, 1.0)",0.29190494256779304,13.5681866783088,-0.9016177526616459,53.6507959728156,-3.3275118488963926,True,False,True,False,True,0.0,0.0,0.0,0.0,0.0,0,0.9417435037720039,1.0020955574182733,False,False,False,False,-0.23675169904298557,-0.23824036638114252,False,False,False,False,-114868.0,-102296.67058604714,False,False,False,False,2444.2117824926804,False,False,False,False
2025-08-19 14:00:00+00:00,13.185,13.235,13.165,13.205,794.0,,,,13.260475069735008,13.269457213864506,13.656600354775957,13.717077885690049,13.702390329554762,13.708020680932814,13.70537409593681,13.660537972355655,13.674541487490481,,13.239821262766949,13.24889868875864,13.247556787822303,13.277123370218122,13.710918173929416,13.714424504240442,13.712753895528996,13.700396234005892,13.70374821539826,13.703054998043296,13.67533719210693,13.635102674932424,13.895234486873713,13.79011567333845,13.738008960871184,13.728814887908934,13.714161041106376,13.656820679283976,13.55685100608358,13.471251952060745,13.466822121906237,,13.79011567333845,13.656820679283976,13.656600354775957,13.594941676704003,13.599391276532614,#000000,0.27596427174417004,13.566511838403533,-1.309995080590249,48.9016722048866,-3.3275118488963926,True,False,False,False,False,0.0,0.0,0.0,0.0,0.0,1,0.935550935550936,1.0024948024948026,False,False,False,False,-0.284836480949008,-0.26153842366507524,False,False,False,False,-115662.0,-102503.8849955658,False,False,False,False,2418.627103694344,False,False,False,False
2025-08-19 15:00:00+00:00,13.205,13.235,13.155,13.155,100.0,,,,13.26010213578144,13.269071609493276,13.656380297743986,13.716912174493475,13.70226776740846,13.707904730644618,13.705266553177152,13.660449922529654,13.67446386329632,,13.238245257452576,13.248772625565636,13.247434201550384,13.277013582987337,13.710693506416325,13.714242988478334,13.712577630268836,13.70026016665355,13.703628216237496,13.702935703864366,13.675242889471297,13.635024103316765,13.895160788015684,13.790059559765881,13.73795980525382,13.728766942751287,13.714115071228882,13.656781890504698,13.556823064220318,13.471232121649141,13.466802642996868,,13.790059559765881,13.656781890504698,13.656380297743986,13.59475767272982,13.599227274221406,"rgba(239, 83, 80, 0.5)",0.2574491465572836,13.56627402834707,-1.597496180689652,43.83343039948393,1.1601372445005893,False,False,False,True,False,0.0,0.0,0.0,0.0,0.0,1,0.9340796019900504,1.0033167495854063,False,False,False,False,-0.287213502893866,-0.2743759632794706,False,False,False,False,-115762.0,-102709.43716617717,False,False,False,False,2382.679396660323,False,False,False,False
2025-08-19 16:00:00+00:00,13.155,13.195,13.145,13.145,300.0,,,,13.258724259674011,13.26767474458462,13.65569358652249,13.716397102856432,13.701886314724861,13.707543977445498,13.704931876390376,13.660174941132944,13.674221692247144,,13.232487468671682,13.248285383104612,13.246958156028365,13.27661696104164,13.709995209245733,13.713678760856125,13.712029641909815,13.699836666404563,13.703254768155581,13.702564429994132,13.67494874276754,13.63477816033627,13.894933587741859,13.78988574922453,13.737807090611115,13.72861790142059,13.713972030788572,13.656660665307516,13.556734796093226,13.471168538830952,13.466740124485021,,13.78988574922453,13.656660665307516,13.65569358652249,13.59413872173093,13.598664515858069,"rgba(239, 83, 80, 1.0)",0.23707228912355124,13.565458363564849,-1.7735449601438895,40.10014826515702,-2.31819243753246,False,True,False,True,False,0.0,0.0,0.0,0.0,0.0,1,0.9407592824363794,1.004171881518565,False,False,False,False,-0.2991467349187316,-0.2867613490991011,False,False,False,False,-116062.0,-102916.45364422094,False,False,False,False,2350.389793611326,False,False,False,False
2025-08-19 17:00:00+00:00,13.145,13.155,13.115,13.135,0.0,,,,13.258724259674011,13.26767474458462,13.65569358652249,13.716397102856432,13.701886314724861,13.707543977445498,13.704931876390376,13.660174941132944,13.674221692247144,,13.232487468671682,13.248285383104612,13.246958156028365,13.27661696104164,13.709995209245733,13.713678760856125,13.712029641909815,13.699836666404563,13.703254768155581,13.702564429994132,13.67494874276754,13.63477816033627,13.894933587741859,13.78988574922453,13.737807090611115,13.72861790142059,13.713972030788572,13.656660665307516,13.556734796093226,13.471168538830952,13.466740124485021,,13.78988574922453,13.656660665307516,13.65569358652249,13.59413872173093,13.598664515858069,"rgba(239, 83, 80, 1.0)",0.23245821091075716,13.565458363564849,-1.8517666546530638,37.23835577430957,-5.033902481719515,False,True,False,True,False,0.0,0.0,0.0,0.0,0.0,0,0.9347007115948103,1.0108832147341984,False,False,False,False,-0.31599422447929965,-0.30137778678920035,False,False,False,False,-116062.0,-103120.26056446557,False,False,False,False,2313.9496417723904,False,False,False,False
2025-08-19 18:00:00+00:00,13.135,13.175,13.115,13.165,0.0,,,,13.258724259674011,13.26767474458462,13.65569358652249,13.716397102856432,13.701886314724861,13.707543977445498,13.704931876390376,13.660174941132944,13.674221692247144,,13.232487468671682,13.248285383104612,13.246958156028365,13.27661696104164,13.709995209245733,13.713678760856125,13.712029641909815,13.699836666404563,13.703254768155581,13.702564429994132,13.67494874276754,13.63477816033627,13.894933587741859,13.78988574922453,13.737807090611115,13.72861790142059,13.713972030788572,13.656660665307516,13.556734796093226,13.471168538830952,13.466740124485021,,13.78988574922453,13.656660665307516,13.65569358652249,13.59413872173093,13.598664515858069,"rgba(239, 83, 80, 1.0)",0.22584270616501662,13.565458363564849,-1.7731737737513942,37.69800163394171,-5.033902481719515,False,True,False,True,False,0.0,0.0,0.0,0.0,0.0,0,0.934645999162129,1.0083787180561374,False,False,False,False,-0.31116329327493375,-0.30627054003206705,False,False,False,False,-116062.0,-103320.9076874971,False,False,False,False,2278.0744535278573,False,False,False,False
2025-08-19 19:00:00+00:00,13.165,13.185,13.145,13.165,852.0,,,,13.25514083348292,13.264017447775135,13.653766770365252,13.7149482551069,13.700812584943783,13.706528272174605,13.703989455634582,13.659400855510054,13.673539636724925,,13.220612350268485,13.246982998066708,13.245686283438365,13.275537520289674,13.708033693388476,13.712092257551436,13.710488672582757,13.698644976315132,13.70220348690157,13.701519264984524,13.674120613566936,13.63408598515178,13.894292035504737,13.789395267544869,13.737376328758254,13.728197537002734,13.713568648859672,13.656319025443194,13.5564864427783,13.470990049226996,13.466564649995346,,13.789395267544869,13.656319025443194,13.653766770365252,13.592460456857573,13.597295147029522,"rgba(239, 83, 80, 1.0)",0.2178160849130679,13.563417001404488,-1.829144076129642,38.00443220702981,-5.033902481719515,False,True,False,True,False,0.0,0.0,0.0,0.0,0.0,0,0.9353212935741291,1.009239815203696,False,False,False,False,-0.30154324251227205,-0.3039068912721695,False,False,False,False,-116062.0,-103518.44400241962,False,False,False,False,2255.964772077813,False,False,False,False
2025-08-20 14:00:00+00:00,13.305,13.365,13.255,13.265,1200.0,,,,13.257177581899736,13.265497564924297,13.651793491463277,13.713399825677806,13.699672707312667,13.70544601504857,13.702986473285806,13.658600291215686,13.672826870149471,,13.235386461436613,13.24801777290903,13.246741084690976,13.275799057100304,13.705950496589233,13.710400525704424,13.70884670609777,13.697382211191695,13.701086389299748,13.700409095012354,13.673255449610279,13.63338376325177,13.893551080993735,13.788849310753008,13.736908267571893,13.727742954384073,13.713135910555662,13.655965752215511,13.556253160893055,13.470845663030145,13.46642424103957,,13.788849310753008,13.655965752215511,13.651793491463277,13.591933424553035,13.597444540682423,"rgba(239, 83, 80, 0.5)",0.20922798892920888,13.563493992223602,-1.4266446556755625,44.43616423704965,-5.033902481719515,False,False,False,True,True,0.0,0.0,0.0,0.0,0.0,0,0.9353233830845777,0.9987562189054726,False,False,False,False,-0.23327763088261547,-0.2685922610773925,False,False,False,False,-114862.0,-103694.31308765341,False,False,False,False,2239.593225223893,False,False,False,False
2025-08-20 15:00:00+00:00,13.265,13.39,13.235,13.385,100.0,,,,13.25751462856174,13.265779769221623,13.651649119993893,13.71328410397552,13.699587757254363,13.705365213263212,13.702911626769747,13.658541363118296,13.672774131029811,,13.237035439053514,13.248176687461156,13.246901088929215,13.275867142436345,13.705795350309284,13.71027424592086,13.708724178496492,13.697288196996471,13.701003097741904,13.700326334677998,13.673191453020705,13.633332565497547,13.893493710034171,13.788807702771543,13.73687298067739,13.727708758872192,13.713103478872886,13.655939738586582,13.556236836992815,13.470836490034943,13.46641539214837,,13.788807702771543,13.655939738586582,13.651649119993893,13.591934190354245,13.59749194616821,"rgba(38, 166, 154, 1.0)",0.19974991120658026,13.563555716764935,-0.8938963511241486,52.869114869378635,-5.045210078224606,True,False,True,False,True,0.0,0.0,0.0,0.0,0.0,0,0.9340163934426234,0.9946721311475408,False,False,False,False,-0.23212084009414025,-0.25035655058576634,False,False,False,False,-114762.0,-103865.90513280606,False,False,False,False,2206.4212372359257,False,False,False,False
2025-08-20 16:00:00+00:00,13.385,13.41,13.345,13.375,143.0,,,,13.25823274469311,13.266404989091297,13.651469086796876,13.71313630790456,13.69947972909745,13.705262257151382,13.70281633307528,13.658467600802014,13.672707714749544,,13.240212410501195,13.24850522407185,13.247230425651487,13.276028120881822,13.70559773435335,13.710113131824835,13.708567926421955,13.697168744436484,13.700897126271322,13.700221062982568,13.673110852811902,13.633269250673633,13.893417582047816,13.788753479275838,13.736827573571647,13.727664870592616,13.713062038273252,13.655907206061606,13.556217749786242,13.470827284861711,13.466406640736695,,13.788753479275838,13.655907206061606,13.651469086796876,13.59199741815128,13.597619354099514,"rgba(38, 166, 154, 1.0)",0.18952104164243813,13.563732472126233,-0.995839145303492,57.87330692328971,-0.6240954002744417,True,False,True,False,True,0.0,0.0,0.0,0.0,0.0,0,0.9496076001652215,0.9921520033044197,False,False,False,False,-0.20224811386313105,-0.22630233222444868,False,False,False,False,-114905.0,-104037.05389043698,False,False,False,False,2174.4302103020354,False,False,False,False
2025-08-20 17:00:00+00:00,13.375,13.375,13.325,13.34,100.0,,,,13.258603894741265,13.266720210509785,13.651329600612613,13.713023822824653,13.699397211307566,13.705183728499792,13.702743600635252,13.658410552810098,13.672656582685763,,13.241879665883584,13.248680427888928,13.247406590486309,13.27610692160669,13.705447091346086,13.709990428764348,13.708448877996897,13.69707745002279,13.700816208507128,13.700140665126412,13.673048813707064,13.633219818878203,13.893361269152015,13.78871280936487,13.736793182799126,13.727631563380308,13.7130304810301,13.655882016899719,13.55620217472471,13.470818798171436,13.466398476354378,,13.78871280936487,13.655882016899719,13.651329600612613,13.592007689402976,13.597671130099574,"rgba(38, 166, 154, 1.0)",0.1800484919666613,13.56380270280128,-1.243013481294361,59.065904436018386,0.4159689335089496,True,False,True,False,True,0.0,0.0,0.0,0.0,0.0,0,0.9477828429341073,0.9958557811852465,False,False,False,False,-0.21484019540505875,-0.22057126381475373,False,False,False,False,-115005.0,-104207.09956655423,False,False,False,False,2142.2685016151822,False,False,False,False
2025-08-20 18:00:00+00:00,13.34,13.395,13.32,13.385,0.0,,,,13.258603894741265,13.266720210509785,13.651329600612613,13.713023822824653,13.699397211307566,13.705183728499792,13.702743600635252,13.658410552810098,13.672656582685763,,13.241879665883584,13.248680427888928,13.247406590486309,13.27610692160669,13.705447091346086,13.709990428764348,13.708448877996897,13.69707745002279,13.700816208507128,13.700140665126412,13.673048813707064,13.633219818878203,13.893361269152015,13.78871280936487,13.736793182799126,13.727631563380308,13.7130304810301,13.655882016899719,13.55620217472471,13.470818798171436,13.466398476354378,,13.78871280936487,13.655882016899719,13.651329600612613,13.592007689402976,13.597671130099574,"rgba(38, 166, 154, 1.0)",0.1705385745378879,13.56380270280128,-1.0484589969500162,61.40948845450873,2.773570735725656,True,False,True,False,True,0.0,0.0,0.0,0.0,0.0,0,0.948261589403974,0.9908940397350994,False,False,False,False,-0.21139949239690248,-0.2159853781058281,False,False,False,False,-115005.0,-104374.5088755999,False,False,False,False,2109.0550364738615,False,False,False,False
2025-08-20 19:00:00+00:00,13.385,13.405,13.385,13.39,1550.0,,,,13.266833024654877,13.273985512611686,13.64951246129984,13.711510062808548,13.698291669579664,13.704128784158634,13.7017672866863,13.657660939703602,13.671979244727085,,13.271464188195761,13.2525745523386,13.25130669310572,13.278099431236662,13.703429810076614,13.708342003918276,13.706850327556769,13.695856090970016,13.69973134372524,13.699063065084086,13.67222727625862,13.632580225018812,13.892564281596131,13.788149829775422,13.736324571341045,13.727179194156076,13.712604254831122,13.655550953732558,13.5560147574903,13.470736791997203,13.46632133853348,,13.788149829775422,13.655550953732558,13.64951246129984,13.592852109581138,13.598903380044689,"rgba(38, 166, 154, 1.0)",0.16333346203343962,13.565624728238665,-1.075252590940054,63.139589642385886,4.685069895151287,True,False,True,False,True,0.0,0.0,0.0,0.0,0.0,0,0.950996677740864,0.9925249169435216,False,False,False,False,-0.19426803253334862,-0.20512670531958838,False,False,False,False,-113455.0,-104515.29168373013,False,False,False,False,2100.3875165285303,False,False,False,False
2025-08-21 14:00:00+00:00,13.35,13.455,13.335,13.435,76.0,,,,13.267255529800028,13.274362448316603,13.64942919937253,13.711439690102422,13.69824032393103,13.704079729009228,13.70172189463128,13.657626373091812,13.671947901072727,,13.272762659676282,13.252779878468301,13.25151220058204,13.278207878628512,13.703336320788798,13.708265446938816,13.706776094138382,13.695799414344666,13.699680941695187,13.699013005363451,13.672189278354683,13.632550912707972,13.892526441017454,13.788123314024796,13.736302630563635,13.72715804013966,13.712584365721831,13.65553566978687,13.55600642538441,13.470733553866852,13.466318336920397,,13.788123314024796,13.65553566978687,13.64942919937253,13.592900343258629,13.598960133767285,"rgba(38, 166, 154, 1.0)",0.15584116422972985,13.56571288108464,-0.8387570879023428,65.74734452056775,7.486324777195371,True,False,True,False,True,0.0,0.0,0.0,0.0,0.0,0,0.9469759734879871,0.9908864954432478,False,False,False,False,-0.19426803253334862,-0.1996973689264685,False,False,False,False,-113379.0,-104652.7135180909,False,False,False,False,2069.001663559096,False,False,False,False
2025-08-21 15:00:00+00:00,13.435,13.5,13.405,13.475,0.0,,,,13.267255529800028,13.274362448316603,13.64942919937253,13.711439690102422,13.69824032393103,13.704079729009228,13.70172189463128,13.657626373091812,13.671947901072727,,13.272762659676282,13.252779878468301,13.25151220058204,13.278207878628512,13.703336320788798,13.708265446938816,13.706776094138382,13.695799414344666,13.699680941695187,13.699013005363451,13.672189278354683,13.632550912707972,13.892526441017454,13.788123314024796,13.736302630563635,13.72715804013966,13.712584365721831,13.65553566978687,13.55600642538441,13.470733553866852,13.466318336920397,,13.788123314024796,13.65553566978687,13.64942919937253,13.592900343258629,13.598960133767285,"rgba(38, 166, 154, 1.0)",0.14897396834095653,13.56571288108464,-0.6089176659174801,68.60413788015751,10.511719593032872,True,False,True,False,True,0.9471715881328713,0.0,0.0,0.0,0.0,0,0.9464800329353648,0.9880609304240429,False,False,False,False,-0.16821334835581211,-0.18395535864114032,False,False,False,False,-113379.0,-104788.0047813763,False,False,False,False,2036.924118387637,False,False,False,False
2025-08-21 16:00:00+00:00,13.475,13.535,13.455,13.525,0.0,,,,13.267255529800028,13.274362448316603,13.64942919937253,13.711439690102422,13.69824032393103,13.704079729009228,13.70172189463128,13.657626373091812,13.671947901072727,,13.272762659676282,13.252779878468301,13.25151220058204,13.278207878628512,13.703336320788798,13.708265446938816,13.706776094138382,13.695799414344666,13.699680941695187,13.699013005363451,13.672189278354683,13.632550912707972,13.892526441017454,13.788123314024796,13.736302630563635,13.72715804013966,13.712584365721831,13.65553566978687,13.55600642538441,13.470733553866852,13.466318336920397,,13.788123314024796,13.65553566978687,13.64942919937253,13.592900343258629,13.598960133767285,"rgba(38, 166, 154, 1.0)",0.14278384091077756,13.56571288108464,-0.2851364750026558,71.70516837198939,13.734248699165107,True,False,True,False,True,2.641737563031427,0.0,0.0,0.0,0.0,0,0.9566831683168322,0.9839108910891089,False,False,False,False,-0.14910183071447555,-0.16652859467780795,False,False,False,False,-113379.0,-104921.19850569604,False,False,False,False,2005.3438994979062,False,False,False,False
2025-08-21 17:00:00+00:00,13.525,13.545,13.495,13.53,300.0,,,,13.270238612977135,13.27708960128524,13.649257596789509,13.711267494609224,13.698118149757299,13.703961483077421,13.701613031948252,13.657552920013009,13.671878191266744,,13.28180744394979,13.254180427817937,13.252909235750623,13.279010971809662,13.703111496913579,13.708079352354373,13.706596201851674,13.695665321587867,13.699560620464624,13.698893679917521,13.672104719850589,13.632494587888793,13.892412591150462,13.788050364973328,13.736246409408261,13.72710467436481,13.71253554673527,13.655503414798915,13.555999150432994,13.470744325667443,13.466329984201998,,13.788050364973328,13.655503414798915,13.649257596789509,13.593441897969315,13.599492405804309,"rgba(38, 166, 154, 1.0)",0.14014365216895208,13.5665300423552,-0.2606614126993193,73.88652257583219,16.094063382688816,True,False,True,False,True,2.8103020101217133,0.0,0.0,0.0,0.0,0,0.960743801652893,0.9822314049586777,False,False,False,False,-0.13791093016105907,-0.15221976241943352,False,False,False,False,-113079.0,-105047.67604824339,False,False,False,False,1978.904459195613,False,False,False,False
2025-08-21 18:00:00+00:00,13.53,13.555,13.51,13.525,0.0,,,,13.270238612977135,13.27708960128524,13.649257596789509,13.711267494609224,13.698118149757299,13.703961483077421,13.701613031948252,13.657552920013009,13.671878191266744,,13.28180744394979,13.254180427817937,13.252909235750623,13.279010971809662,13.703111496913579,13.708079352354373,13.706596201851674,13.695665321587867,13.699560620464624,13.698893679917521,13.672104719850589,13.632494587888793,13.892412591150462,13.788050364973328,13.736246409408261,13.72710467436481,13.71253554673527,13.655503414798915,13.555999150432994,13.470744325667443,13.466329984201998,,13.788050364973328,13.655503414798915,13.649257596789509,13.593441897969315,13.599492405804309,"rgba(38, 166, 154, 1.0)",0.13763566607745803,13.5665300423552,-0.30173895719608007,74.89428994935949,17.42696709358492,True,False,True,False,True,2.625775941278622,0.0,0.0,0.0,0.0,0,0.9574380165289261,0.9838842975206611,False,False,False,False,-0.13232849693675344,-0.1422741296780935,False,False,False,False,-113079.0,-105172.19269865823,False,False,False,False,1948.2237699057584,False,False,False,False
2025-08-21 19:00:00+00:00,13.525,13.525,13.495,13.51,4488.0,,,,13.305821070731792,13.309882356631954,13.646479032181576,13.708548449565738,13.696172700822315,13.702081586788085,13.699879540132567,13.656355361533628,13.670750174544047,,13.361823710185693,13.272567677220623,13.271264973989398,13.289803413286696,13.699569383139881,13.705141682142926,13.70375374640125,13.693530597762457,13.697645297702127,13.696993608564743,13.670738743221213,13.631556771089219,13.89065651315318,13.786909098862957,13.735356421104726,13.726257624427141,13.711756953533468,13.654974263024673,13.555846437068668,13.470864223114189,13.466463037362496,,13.786909098862957,13.654974263024673,13.646479032181576,13.59955225254797,13.604451151255128,"rgba(38, 166, 154, 1.0)",0.13563248567795289,13.574726618895301,-0.4772206199109927,74.16598296775427,17.42696709358492,True,False,True,False,True,2.066301405865545,0.0,0.0,0.0,0.0,0,0.9557119205298017,0.9871688741721854,False,False,False,False,-0.14238301840092946,-0.1423285740395115,False,False,False,False,-117567.0,-105364.3602537178,False,False,False,False,1987.6001455661344,False,False,False,False
2025-08-22 14:00:00+00:00,13.555,13.61,13.535,13.575,6.0,,,,13.305874136277982,13.309931936515907,13.646477081091973,13.708546007493167,13.696171002503947,13.70207991857119,13.69987800961248,13.656354460717921,13.67074926702532,,13.361922816608098,13.272596575229121,13.27129380418356,13.289821122469519,13.699566287677538,13.705139068799152,13.703751225509935,13.69352875020815,13.697643618514162,13.696991945629822,13.6707376459242,13.63155617516243,13.890654565062576,13.78690792690659,13.735355569034034,13.726256826776988,13.711756242130416,13.65497386609707,13.55584651468202,13.470864641519404,13.466463472669336,,13.78690792690659,13.65497386609707,13.646477081091973,13.59956242442332,13.604458507656862,"rgba(38, 166, 154, 1.0)",0.13476115006772718,13.57473910459856,0.0019359837854457623,75.59321236044727,18.976178634812754,True,False,True,False,True,4.318849145688933,0.0,0.0,0.0,0.0,0,0.955445544554456,0.9822607260726073,False,False,False,False,-0.11451794554975853,-0.128423259794635,False,False,False,False,-117561.0,-105553.45544358264,False,False,False,False,1956.87766268914,False,False,False,False
2025-08-22 15:00:00+00:00,13.575,13.595,13.51,13.555,0.0,,,,13.305874136277982,13.309931936515907,13.646477081091973,13.708546007493167,13.696171002503947,13.70207991857119,13.69987800961248,13.656354460717921,13.67074926702532,,13.361922816608098,13.272596575229121,13.27129380418356,13.289821122469519,13.699566287677538,13.705139068799152,13.703751225509935,13.69352875020815,13.697643618514162,13.696991945629822,13.6707376459242,13.63155617516243,13.890654565062576,13.78690792690659,13.735355569034034,13.726256826776988,13.711756242130416,13.65497386609707,13.55584651468202,13.470864641519404,13.466463472669336,,13.78690792690659,13.65497386609707,13.646477081091973,13.59956242442332,13.604458507656862,"rgba(38, 166, 154, 1.0)",0.13454350580746688,13.57473910459856,-0.1467116861575414,74.77056919268662,18.976178634812754,True,False,True,False,True,3.5570829821129237,0.0,0.0,0.0,0.0,0,0.9503080082135528,0.984394250513347,False,False,False,False,-0.12341348321086205,-0.12591837150274854,False,False,False,False,-117561.0,-105739.61892507749,False,False,False,False,1926.538474120316,False,False,False,False
2025-08-22 16:00:00+00:00,13.555,13.565,13.51,13.55,340.0,,,,13.308495166791998,13.312377154325208,13.646318896356203,13.70837539166572,13.696050051421372,13.701962222946328,13.699769652445822,13.656283988079213,13.67068116065724,,13.366571953848105,13.274053625750547,13.272748226669822,13.290709355960805,13.69934718492459,13.704955610201566,13.70357388725309,13.693396589750483,13.697524318037637,13.696873673059864,13.670655304146162,13.631504070099831,13.890533199819433,13.786831693442501,13.735297865591585,13.726202283171292,13.711706721698446,13.654942657884225,13.55584294923706,13.4708810201275,13.466480826773562,,13.786831693442501,13.654942657884225,13.646318896356203,13.600034853854346,13.60479204844991,"rgba(38, 166, 154, 1.0)",0.13375138291786498,13.575316252131634,-0.18927843271108014,73.76572921205852,18.976178634812754,True,False,True,False,True,3.365091548269209,0.0,0.0,0.0,0.0,0,0.9486542443064188,0.996273291925466,False,False,False,False,-0.13009783669426928,-0.1280081040985089,False,False,False,False,-117901.0,-105928.16746887473,False,False,False,False,1901.9409783975204,False,False,False,False
2025-08-22 17:00:00+00:00,13.555,13.595,13.535,13.555,1072.0,,,,13.317067763774393,13.320403776456224,13.645917981002869,13.707903990296526,13.695719179498008,13.701638423309465,13.699472073535231,13.656101030981146,13.670500110770789,,13.381282619399311,13.278881781215901,13.277566755345347,13.293689291503378,13.698747450202761,13.704450381319507,13.703086038091634,13.693036125285149,13.697197477696635,13.696549844201956,13.670436519900205,13.631376666451114,13.890172999927797,13.786611226500451,13.735134923657156,13.726049136815012,13.711569117612667,13.654861725906947,13.555847562563175,13.470947188084423,13.46655003189899,,13.786611226500451,13.654861725906947,13.645917981002869,13.601636036624962,13.605906898265692,"rgba(38, 166, 154, 1.0)",0.12811112152919563,13.577244842831252,-0.17363709384265327,73.2900645421604,18.976178634812754,True,False,True,False,True,3.543293895698458,0.0,0.0,0.0,0.0,0,0.9489414694894152,0.9946035699460357,False,False,False,False,-0.11785158334650687,-0.1229298437225079,False,False,False,False,-116829.0,-106097.17262439604,False,False,False,False,1889.0736764068613,False,False,False,False
2025-08-22 18:00:00+00:00,13.555,13.59,13.545,13.58,600.0,,,,13.321803166041525,13.324851694498541,13.64572167878387,13.707659418078391,13.695548461898376,13.701470744861934,13.6993181229585,13.656009749107046,13.670408325942569,,13.388992036174665,13.281607093914989,13.280286670674244,13.295389909660056,13.698438374044375,13.704188851904371,13.70283365394156,13.692850524734704,13.69702867710448,13.69638266010394,13.670325671859736,13.631315761289033,13.889977866226644,13.786493496396584,13.735049107917547,13.725968751816978,13.711497340988002,13.654821343386415,13.555854573235973,13.470988257955725,13.466592789874579,,13.786493496396584,13.654821343386415,13.64572167878387,13.60253237357453,13.606518257771645,"rgba(38, 166, 154, 1.0)",0.128708694065074,13.578308937578683,0.013138680596526968,73.93169324920026,19.097115525773845,True,False,True,False,True,4.4388611808467715,0.0,0.0,0.0,0.0,0,0.9575986565911004,0.9941225860621328,False,False,False,False,-0.11674008462807152,-0.11983496417528972,False,False,False,False,-116229.0,-106254.25521936665,False,False,False,False,1869.0880380129563,False,False,False,False
2025-08-22 19:00:00+00:00,13.58,13.595,13.565,13.585,2428.0,,,,13.33999293683513,13.342018886625192,13.645043647022232,13.706750739136726,13.694917776713343,13.700848536444324,13.698747413580108,13.655685926266123,13.670076077542445,,13.41611955156084,13.2924992649294,13.291158829210303,13.302305990593888,13.697300308545337,13.703220038428968,13.701899276386486,13.692166723659716,13.696404328624137,13.695764549712687,13.669924845747117,13.631111668873265,13.889215391290882,13.786040511401444,13.734723957010047,13.725665339685062,13.711228353713167,13.654677932144988,13.555900781570084,13.471170586295619,13.466781895992757,,13.786040511401444,13.654677932144988,13.645043647022232,13.606009104462848,13.60882286311315,"rgba(38, 166, 154, 1.0)",0.12743968720097654,13.582360780140665,0.020709560085267743,74.5483130938547,20.127559845155645,True,False,True,False,True,4.618878930250251,0.0,0.0,0.0,0.0,0,0.9600840336134459,0.98109243697479,False,False,False,False,-0.11118684007681105,-0.11551090212605039,False,False,False,False,-113801.0,-106371.25901441522,False,False,False,False,1877.7533397491895,False,False,False,False
2025-08-25 14:00:00+00:00,13.735,13.785,13.735,13.775,0.0,,,,13.33999293683513,13.342018886625192,13.645043647022232,13.706750739136726,13.694917776713343,13.700848536444324,13.698747413580108,13.655685926266123,13.670076077542445,,13.41611955156084,13.2924992649294,13.291158829210303,13.302305990593888,13.697300308545337,13.703220038428968,13.701899276386486,13.692166723659716,13.696404328624137,13.695764549712687,13.669924845747117,13.631111668873265,13.889215391290882,13.786040511401444,13.734723957010047,13.725665339685062,13.711228353713167,13.654677932144988,13.555900781570084,13.471170586295619,13.466781895992757,,13.786040511401444,13.654677932144988,13.645043647022232,13.606009104462848,13.60882286311315,"rgba(38, 166, 154, 1.0)",0.13527659352883528,13.582360780140665,1.4240395535852495,78.94944601103218,24.53025726438885,True,False,True,False,True,10.954588855552224,0.0,0.0,0.0,0.0,0,0.9607187630589223,0.9853740075219389,False,False,False,False,-0.031804759368167346,-0.07365783074710887,False,False,False,False,-113801.0,-106486.44879713746,False,False,False,False,1848.640884869357,False,False,False,False
2025-08-25 15:00:00+00:00,13.775,13.835,13.765,13.825,300.0,,,,13.344008774687747,13.34583884004151,13.6452569321688,13.706841181090997,13.694995331114752,13.700917465970358,13.698813056034203,13.65576803611377,13.6701400061138,,13.422825971311866,13.29480254116619,13.293453812587819,13.303811994471012,13.697433854797278,13.703322634695468,13.702000592301143,13.692254932482886,13.696479126478154,13.695839443118745,13.670002118416704,13.631201636111557,13.889190683816729,13.786046601382413,13.734743232316704,13.725686810943122,13.711253205483656,13.654715141857965,13.555956605314178,13.471239200658818,13.466851233679847,,13.786046601382413,13.654715141857965,13.6452569321688,13.606953291481771,13.609481493971058,"rgba(38, 166, 154, 1.0)",0.14617486134797322,13.583460944677004,1.652398046391884,82.40469143109182,27.817746973623926,True,False,True,False,True,12.466214164541988,0.0,0.0,0.0,0.0,0,0.9521032902957107,0.9837567680133278,False,False,False,False,-0.014253477849084702,-0.04395565429809679,False,False,False,False,-113501.0,-106595.2015289648,False,False,False,False,1824.6309486698322,False,False,False,False
2025-08-25 16:00:00+00:00,13.825,13.855,13.81,13.85,28.0,,,13.838333333333335,13.34440406492456,13.34621509777172,13.645280467205902,13.706852106838554,13.695004478652889,13.700925690402443,13.698820855769785,13.655777201251947,13.670147264396226,,13.423488021396462,13.295028961789276,13.29367939220991,13.303960428443919,13.697449670079449,13.703334932831902,13.702012703730851,13.692265284446057,13.69648797352661,13.695848290844685,13.67001088927306,13.631211449756513,13.889189233862535,13.786047934498871,13.734745764018658,13.725689541581135,13.711256240911258,13.654719291887195,13.555962433458776,13.471246173044854,13.466858272172683,,13.786047934498871,13.654719291887195,13.645280467205902,13.630176056054736,13.60954728017927,"rgba(38, 166, 154, 1.0)",0.15717302682193793,13.592698383177481,1.6370596280112149,84.94678708436057,30.181747184936782,True,False,True,False,True,13.210288343633948,0.0,0.0,0.0,0.0,0,0.9634760705289678,0.9811083123425691,False,False,False,False,-2.192690888087215e-08,-0.021977838112502833,False,False,False,False,-113473.0,-106701.83406339944,False,True,False,False,1796.776205279602,False,True,False,False
2025-08-25 17:00:00+00:00,13.85,13.855,13.825,13.835,407.0,,13.838333333333333,13.838333333333333,13.350079329230427,13.351620071781316,13.645621919086127,13.707010715623024,13.69513731294569,13.701045127335526,13.698934132110827,13.655910319254787,13.670252698026404,,13.432878568780126,13.29829897567852,13.296937389770717,13.306108751411706,13.697679156277554,13.703513442388603,13.702188509352856,13.692415592131882,13.696616447206884,13.695976774912058,13.670138276811473,13.631353993169759,13.889168167073953,13.786067304626064,13.734782550147395,13.725729218412566,13.711300346652223,13.654779594351933,13.556047122547273,13.471347491758781,13.466960551586414,,13.786067304626064,13.654779594351933,13.645621919086127,13.650207117460072,13.61048991547851,"rgba(38, 166, 154, 1.0)",0.1665380675039114,13.602673959250358,1.3950326446785857,85.34317525214956,30.61511704907207,True,False,True,False,True,12.572328148221615,0.0,0.0,0.0,0.0,0,0.9679865206402701,0.9772535804549283,False,False,False,False,0.0032890262592427475,-0.009344405926630044,False,False,False,False,-113880.0,-106813.12345776534,False,False,False,False,1775.2292873682902,False,False,False,False
2025-08-25 18:00:00+00:00,13.835,13.835,13.78,13.79,5.0,,13.837888349514563,13.837916666666667,13.350143064141292,13.351680787149467,13.645625309623753,13.70701211837398,13.69513852582202,13.70104620179408,13.698935156831334,13.655911624943197,13.670253710078622,,13.432981095357242,13.298336192152043,13.29697447767408,13.306133225341265,13.697681237143104,13.703515036820447,13.70219008539426,13.69241697322125,13.696617616078356,13.695977945716168,13.67013949966933,13.631355433095372,13.889167721780948,13.786067375621839,13.734782841939232,13.72572954700642,13.711300731960371,13.654780186985969,13.55604802753864,13.471348611785496,13.466961683716523,,13.786067375621839,13.654780186985969,13.645625309623753,13.650141046812633,13.610500264095162,"rgba(38, 166, 154, 0.75)",0.17368432066036582,13.602648100811388,1.0786920688999433,81.94924770894127,30.61511704907207,True,False,True,False,False,10.675507770135987,0.0,0.0,0.0,0.0,0,0.963430012610341,0.976460697772173,False,False,False,False,-0.010963915641585128,-0.010154160784107587,False,False,False,False,-113885.0,-106922.76495454417,False,False,False,False,1747.7838720602547,False,False,False,False
2025-08-25 19:00:00+00:00,13.79,13.8,13.765,13.795,2200.0,,13.79474604389995,13.795208333333333,13.37566601110905,13.37605470938822,13.64696094003334,13.707528146355168,13.69559475635913,13.701446601040578,13.699318514207704,13.656424976369323,13.670646849183985,,13.471529931467261,13.31372174564757,13.312311125346993,13.3163531898713,13.698457890658261,13.704105145161293,13.702774891570568,13.6929383116475,13.69705632915971,13.696417836680219,13.670614247891791,13.631931053323772,13.888938719387108,13.786068573319808,13.734882245501215,13.72584534790947,13.71144186066306,13.655013901497117,13.556421299262997,13.471818342176759,13.467436787952561,,13.786068573319808,13.655013901497117,13.64696094003334,13.647235989207251,13.61457517981411,"rgba(38, 166, 154, 0.75)",0.18041276497458658,13.605177556663978,1.052156389060167,79.81642389568205,34.77120557682014,True,False,True,False,False,10.833088049147815,0.0,0.0,0.0,0.0,0,0.9654008438818571,0.980168776371308,False,False,False,False,-0.02193044586820124,-0.016042303326154413,False,False,False,False,-111685.0,-106996.5980560241,False,False,False,False,1754.7949748190103,False,False,False,False
2025-08-26 14:00:00+00:00,13.585,13.665,13.585,13.595,100.0,,13.788118239921339,13.788631386861313,13.37630039494262,13.376661754992131,13.646947188542477,13.707500907679668,13.695576499947142,13.70142822937188,13.699301770091342,13.656417585110306,13.670638308430977,,13.472237203187905,13.314152592465469,13.31274141730044,13.316641620469635,13.698424794249286,13.704076410835217,13.702747280286474,13.69291872054296,13.697038161679943,13.696399889637375,13.670603950692264,13.631928201508979,13.888910903153478,13.786053034514406,13.734871806370577,13.725835774044418,13.711433652495847,13.655010678657904,13.55642560865292,13.471828036893399,13.467446754978342,,13.786053034514406,13.655010678657904,13.646947188542477,13.646138387808291,13.614653642505584,"rgba(38, 166, 154, 0.75)",0.18216656569652775,13.604658731562157,-0.05302142863167936,67.97753301129613,23.98209016964296,True,False,True,False,False,3.0307429377181556,0.0,0.0,0.0,0.0,0,0.9567747298420622,0.9767248545303407,False,False,False,False,-0.0912491118415408,-0.05364570758384761,False,False,False,False,-111785.0,-107070.83684585319,False,False,False,False,1729.1392387753049,False,False,False,False
2025-08-26 15:00:00+00:00,13.595,13.595,13.475,13.505,0.0,,13.788118239921339,13.788631386861313,13.37630039494262,13.376661754992131,13.646947188542477,13.707500907679668,13.695576499947142,13.70142822937188,13.699301770091342,13.656417585110306,13.670638308430977,,13.472237203187905,13.314152592465469,13.31274141730044,13.316641620469635,13.698424794249286,13.704076410835217,13.702747280286474,13.69291872054296,13.697038161679943,13.696399889637375,13.670603950692264,13.631928201508979,13.888910903153478,13.786053034514406,13.734871806370577,13.725835774044418,13.711433652495847,13.655010678657904,13.55642560865292,13.471828036893399,13.467446754978342,,13.786053034514406,13.655010678657904,13.646947188542477,13.646138387808291,13.614653642505584,"rgba(38, 166, 154, 0.5)",0.18280465130994422,13.604658731562157,-0.5451651850651527,57.52813136632613,15.009302708249677,False,False,True,False,False,0.0,0.0,0.0,0.0,0.0,0,0.9500206526228838,0.9818256918628664,False,False,False,False,-0.13121300452187756,-0.0924293560528626,False,False,False,False,-111785.0,-107143.92464669267,False,False,False,False,1702.3308784842147,False,False,False,False
2025-08-26 16:00:00+00:00,13.505,13.515,13.465,13.48,294.0,,13.758634952317589,13.759370468029005,13.37715380973673,13.37747730482147,13.64674469587587,13.707309944272554,13.69543746444099,13.701294127974931,13.699177699714541,13.656328585550746,13.670555331403401,,13.472443348397235,13.314874871239839,13.313465295375067,13.317123027337987,13.69817819324513,13.703870483965543,13.702547626305964,13.69276640903851,13.696901315013129,13.696264056247017,13.670503878407684,13.631856302933176,13.888790855843506,13.785973104335906,13.7348082796561,13.725775056810736,13.711377424602887,13.654970824841412,13.556410524207367,13.471830990158399,13.467450570904534,,13.785973104335906,13.654970824841412,13.64674469587587,13.640862216739803,13.614675354231768,"rgba(239, 83, 80, 1.0)",0.18319479614154743,13.60180741993193,-0.6649065502811218,49.93511942469847,8.821378184596938,False,True,False,True,False,0.0,0.0,0.0,0.0,0.0,0,0.9477040816326538,1.000425170068027,False,False,False,False,-0.15134437823429917,-0.12188686714358088,False,False,False,False,-112079.0,-107220.43744286797,False,False,False,False,1680.4962912208937,False,False,False,False
2025-08-26 17:00:00+00:00,13.485,13.495,13.475,13.485,0.0,,13.758634952317589,13.759370468029005,13.37715380973673,13.37747730482147,13.64674469587587,13.707309944272554,13.69543746444099,13.701294127974931,13.699177699714541,13.656328585550746,13.670555331403401,,13.472443348397235,13.314874871239839,13.313465295375067,13.317123027337987,13.69817819324513,13.703870483965543,13.702547626305964,13.69276640903851,13.696901315013129,13.696264056247017,13.670503878407684,13.631856302933176,13.888790855843506,13.785973104335906,13.7348082796561,13.725775056810736,13.711377424602887,13.654970824841412,13.556410524207367,13.471830990158399,13.467450570904534,,13.785973104335906,13.654970824841412,13.64674469587587,13.640862216739803,13.614675354231768,"rgba(239, 83, 80, 1.0)",0.18343010549965197,13.60180741993193,-0.6367952502330775,45.121449503269055,5.032880852418479,False,True,False,True,False,0.0,0.0,0.0,0.0,0.0,0,0.9505119453924922,0.9965870307167235,False,False,False,False,-0.15358843748590778,-0.13773765231474433,False,False,False,False,-112079.0,-107295.76399414134,False,False,False,False,1654.4420851554535,False,False,False,False
2025-08-26 18:00:00+00:00,13.485,13.495,13.45,13.475,1148.0,,13.679788958433639,13.680850470269409,13.379972725029154,13.380174165931452,13.645893433393194,13.706522559917463,13.694861771528085,13.700739663336757,13.698664308311535,13.655954714442586,13.670208600375396,13.473333333333334,13.472490372961445,13.31742374140032,13.316021865611686,13.318831186974528,13.69716039451962,13.703020978444856,13.701723612776895,13.692135479933652,13.696334880425859,13.69570170600618,13.670085895042412,13.631550516744639,13.888307265103718,13.785647518855097,13.734547221992715,13.725525061254578,13.711145125661057,13.654803071563896,13.556340436914724,13.47183215679325,13.467455127997503,13.473333333333334,13.785647518855097,13.654803071563896,13.645893433393194,13.626693760997153,13.608246225014183,"rgba(239, 83, 80, 1.0)",0.18365471421682567,13.58286002374977,-0.5872978769411245,41.61600358462174,2.1376327287905283,False,True,False,True,False,0.0,1.0,13.495,13.45,0.0,0,0.9450596252129478,0.9970187393526405,False,False,False,False,-0.1592053581831861,-0.1484715052489652,False,False,False,False,-113227.0,-107387.72114151898,False,False,False,False,1646.5902698817256,False,False,False,False
2025-08-26 19:00:00+00:00,13.47,13.49,13.46,13.475,974.0,,13.640891835673429,13.641964054822862,13.382278396399544,13.382384907527095,13.645184633968388,13.705863406506692,13.694379327409756,13.700274780689234,13.698233765557879,13.655641590051085,13.669917859525764,13.474098334904179,13.472598050012483,13.319545291182278,13.31814999335724,13.320266740909924,13.696310435668398,13.702310319045003,13.701034192810535,13.691607073404947,13.695860119978331,13.695230369327652,13.669735643964048,13.631294724687287,13.887899497450107,13.785373284281729,13.734327551313896,13.725314744121807,13.710949769796871,13.654662292029908,13.556282257371626,13.471834242534861,13.46746008352833,13.474098334904179,13.785373284281729,13.654662292029908,13.645184633968388,13.619728596193793,13.60827931871279,"rgba(239, 83, 80, 1.0)",0.18396623759969233,13.579185182912251,-0.5663277363912671,39.27903963885686,0.004026600647783596,False,True,False,True,False,0.0,0.0,0.0,0.0,0.0,0,0.9462915601023026,0.9982949701619778,False,False,False,False,-0.1580811878935514,-0.15327634657125833,False,False,False,False,-113227.0,-107478.25259668923,False,False,False,False,1636.1625137595283,False,False,False,False
2025-08-27 14:00:00+00:00,13.555,13.62,13.535,13.575,628.0,,13.63388464211258,13.634874366067313,13.385272579366056,13.38526206983289,13.64500188990155,13.705626678882036,13.694213021705089,13.700110870160428,13.698083070971053,13.655553575875675,13.669828396138639,13.497521212121212,13.4753995027648,13.321758118521965,13.320362156908159,13.321777437937444,13.696016026017784,13.702058344829645,13.700790835641671,13.691427008158117,13.695695501894981,13.695067334501132,13.669628032932271,13.631237234766354,13.887701641258204,13.785254558756561,13.73424156221023,13.725234327014602,13.71087818217523,13.654622937551602,13.556291653790838,13.471878727045368,13.467506311403623,13.497521212121212,13.785254558756561,13.654622937551602,13.64500188990155,13.61888283281939,13.609652211281896,"rgba(239, 83, 80, 1.0)",0.18534003325762585,13.580266241482846,-0.028413944846587224,42.967792539927395,0.004026600647783596,False,True,False,True,False,2.40283165224848,0.0,0.0,0.0,0.0,0,0.947390750954604,0.9944845142129825,False,False,False,False,-0.11229693194165707,-0.1327866392564577,False,False,False,False,-112599.0,-107557.6440292987,False,False,False,False,1620.532087189613,False,False,False,False
2025-08-27 15:00:00+00:00,13.575,13.585,13.505,13.575,600.0,,13.626438011327881,13.627367376775274,13.387734121324925,13.387630175634413,13.644773131634905,13.705363451370577,13.694025362611882,13.699927257952382,13.69791381366876,13.655446623518525,13.66972324016428,13.507815920398011,13.477395419783528,13.323660296403016,13.322264908747691,13.323082958595343,13.69568527422696,13.701777112337876,13.700518786212566,13.691223116438222,13.695510095685725,13.694883559297326,13.6695015433376,13.631160657785047,13.88749968975308,13.78512948340026,13.734148210228195,13.725146383568598,13.710798827529521,13.654574934864094,13.556291085185729,13.471912412386049,13.467541682444413,13.507815920398011,13.78512948340026,13.654574934864094,13.644773131634905,13.617849324180344,13.61034192539131,"rgba(239, 83, 80, 0.75)",0.1865771583984654,13.580499247599132,-0.029474388217383764,45.42696114064108,0.004026600647783596,False,True,False,True,True,2.40283165224848,0.0,0.0,0.0,0.0,0,0.9385853451927157,1.0012706480304954,False,False,False,False,-0.12675425161846,-0.12977044543745886,False,False,False,False,-112599.0,-107635.80458698398,False,False,False,False,1604.7098842874484,False,False,False,False
2025-08-27 16:00:00+00:00,13.575,13.61,13.565,13.585,520.0,,13.623430288927674,13.624301853997684,13.390203504332677,13.3900080411708,13.644645415402126,13.705183951902638,13.693900085423284,13.699803190880548,13.697799879202078,13.655383279344514,13.66965737341818,13.518410852713178,13.479719484096146,13.325506179338015,13.324110174609773,13.324355529558865,13.695464115268074,13.701586643713568,13.700334959329405,13.691087865588369,13.695385929696013,13.69476064464928,13.669422400039203,13.631121958168446,13.88734151347853,13.785036095556617,13.734081670870356,13.725084410899441,13.710744084117392,13.654546588351577,13.55630266964237,13.471952702374237,13.467583405290576,13.518410852713178,13.785036095556617,13.654546588351577,13.644645415402126,13.617665169454744,13.611088176243156,#000000,0.18782186788035132,13.581245302421786,0.019990737077571957,47.55570988157653,0.004026600647783596,False,True,False,False,True,2.749871314414573,0.0,0.0,0.0,0.0,0,0.9390971039182289,1.0029812606473594,False,False,False,False,-0.10785819020019866,-0.11881431781882876,False,False,False,False,-112079.0,-107704.69133757339,False,False,False,False,1587.8926767791158,False,False,False,False
2025-08-27 17:00:00+00:00,13.585,13.61,13.575,13.595,6.0,,13.623404049210503,13.62427496382055,13.39023259421916,13.390036065423143,13.644644114099894,13.70518200024817,13.69389873138403,13.699801845185053,13.697798644715842,13.655382619974066,13.669656675029033,13.518526831785346,13.479747359094937,13.325527866625274,13.324131852647113,13.324370512725297,13.695461724715473,13.701584576956122,13.700332965912683,13.69108640654735,13.695384586415582,13.694759315402212,13.669421561224,13.631121578932117,13.887339729783836,13.78503505471388,13.734080938164185,13.725083730578445,13.71074348666802,13.654546293523886,13.556302832593943,13.47195319410104,13.467583913479233,13.518526831785346,13.78503505471388,13.654546293523886,13.644644114099894,13.617664754846315,13.611096650572271,#000000,0.1892023322333335,13.581254675754218,0.07264880978756087,49.491874383814384,0.004026600647783596,False,True,False,False,True,3.1005898204755695,0.0,0.0,0.0,0.0,0,0.9402220324508972,1.005123825789923,False,False,False,False,-0.1056404167625906,-0.11222736729070967,False,False,False,False,-112073.0,-107772.41705326992,False,False,False,False,1563.3672089220752,False,False,False,False
2025-08-27 18:00:00+00:00,13.595,13.655,13.595,13.605,1.0,,13.623403312509081,13.624274104085275,13.390238038410747,13.390041309657812,13.644644002891084,13.705181747681998,13.693898561814592,13.699801673569066,13.697798488208578,13.655382554357137,13.669656596758347,13.518552575015045,13.47975302584233,13.325531818222709,13.324135800812348,13.324373241855676,13.695461423828784,13.701584312053399,13.700332711307624,13.691086225567755,13.695384417383114,13.6947591484702,13.669421467357024,13.631121557542262,13.887339457781883,13.785034903863925,13.734080837738,13.72508363870763,13.71074340829595,13.654546264454542,13.556302878087592,13.471953292934751,13.46758401501553,13.518552575015045,13.785034903863925,13.654546264454542,13.644644002891084,13.617665489994884,13.611098473733547,"rgba(38, 166, 154, 0.5)",0.19072585391435953,13.581257116135173,0.12448697110297463,51.32588268741438,-8.130391159121672,False,True,True,False,True,3.454973270777188,0.0,0.0,0.0,0.0,0,0.9385665529010245,1.0034129692832763,False,False,False,False,-0.0912491118415408,-0.10173823956612524,False,False,False,False,-112072.0,-107839.07725399442,False,False,False,False,1539.1444614969266,False,False,False,False
2025-08-27 19:00:00+00:00,13.605,13.605,13.575,13.58,442.0,,13.621186575654153,13.62201346389229,13.392288615965992,13.392017623649807,13.644535890523457,13.705029605361892,13.693792309031627,13.699696433031114,13.697701829783437,13.6553288047069,13.669600693227336,13.525523269275293,13.48165100275792,13.327080270101058,13.325683849622449,13.32544516357697,13.695274152740938,13.701422915481725,13.700176931011535,13.690971540957866,13.695279101894528,13.694654893377761,13.669354315983242,13.631088716439338,13.887205140540653,13.784955594250086,13.734024327135616,13.725031006144734,13.710696914874404,13.654522188769034,13.55631271781262,13.471987516849287,13.467619456113855,13.525523269275293,13.784955594250086,13.654522188769034,13.644535890523457,13.617562894984365,13.611634590259591,#000000,0.19189601632418374,13.581812897434478,-0.009447290617098227,50.90812154827206,-7.904846793602182,False,True,False,False,True,2.4807558613029173,0.0,0.0,0.0,0.0,0,0.9354838709677425,1.0278988666085438,False,False,False,False,-0.10674917271571466,-0.10424370614091995,False,False,False,False,-112514.0,-107911.5566764131,False,False,False,False,1522.1344698458115,False,False,False,False
2025-08-28 14:00:00+00:00,13.565,13.58,13.495,13.555,0.0,,13.621186575654153,13.62201346389229,13.392288615965992,13.392017623649807,13.644535890523457,13.705029605361892,13.693792309031627,13.699696433031114,13.697701829783437,13.6553288047069,13.669600693227336,13.525523269275293,13.48165100275792,13.327080270101058,13.325683849622449,13.32544516357697,13.695274152740938,13.701422915481725,13.700176931011535,13.690971540957866,13.695279101894528,13.694654893377761,13.669354315983242,13.631088716439338,13.887205140540653,13.784955594250086,13.734024327135616,13.725031006144734,13.710696914874404,13.654522188769034,13.55631271781262,13.471987516849287,13.467619456113855,13.525523269275293,13.784955594250086,13.654522188769034,13.644535890523457,13.617562894984365,13.611634590259591,#000000,0.19274744246445122,13.581812897434478,-0.1391089660731737,49.10296941486564,-7.904846793602182,False,True,False,False,True,1.5112848514240618,0.0,0.0,0.0,0.0,0,0.9093708754949411,1.040915090189177,False,False,False,False,-0.13009783669426928,-0.1171707714175946,False,False,False,False,-112514.0,-107982.9123868563,False,False,False,False,1498.5354858171943,False,False,False,False
2025-08-28 15:00:00+00:00,13.555,13.585,13.485,13.545,400.0,,13.616896440129452,13.617696160625995,13.393655435969432,13.393336525821601,13.644356971077908,13.704836170042006,13.693653031650285,13.69956070718625,13.697576486873357,13.65524604519175,13.669520720180087,13.526609097972733,13.482547236935725,13.328207855173021,13.326812592337017,13.326229607111607,13.695030056886445,13.701215891865246,13.699976448400166,13.690819978088797,13.695141634860954,13.69451856712938,13.669258172140855,13.631026745970907,13.887064157883161,13.784866393893491,13.733956461702698,13.724966782880001,13.710638484709547,13.654484906509989,13.556307446579794,13.472005424955201,13.467638496865646,13.526609097972733,13.784866393893491,13.654484906509989,13.644356971077908,13.616939517704374,13.611787383675107,"rgba(239, 83, 80, 0.75)",0.1934699036119417,13.581670832932764,-0.18954282939178643,47.30005506029498,-7.904846793602182,False,True,False,True,True,1.1225190580877076,0.0,0.0,0.0,0.0,0,0.9001314060446787,1.036793692509855,False,False,False,False,-0.13121300452187756,-0.12419188796973608,False,False,False,False,-112914.0,-108059.36335760272,False,False,False,False,1481.5039278975478,False,False,False,False
2025-08-28 16:00:00+00:00,13.545,13.56,13.515,13.525,600.0,,13.610873873873874,13.61163633824175,13.39558914013229,13.395204187511586,13.644077116005894,13.704538169416402,13.693437872562194,13.699351245530172,13.69738294997486,13.655116825539277,13.669396378039979,13.527367612959829,13.483723839678738,13.329837128232278,13.328443920763222,13.327368008794837,13.694653695607473,13.70089683773976,13.699667380713926,13.690585761215688,13.694929324693822,13.694307990886966,13.669108723166165,13.630928939591902,13.886849868424017,13.784730003087738,13.733852152126298,13.724867952147317,13.710548372542025,13.654426622546003,13.556297347624566,13.472030245409218,13.467665020104832,13.527367612959829,13.784730003087738,13.654426622546003,13.644077116005894,13.616054917893479,13.611958488548032,"rgba(239, 83, 80, 1.0)",0.19398832044347133,13.581423484964427,-0.29086021692150504,44.90842599996235,-7.904846793602182,False,True,False,True,False,0.3412523734016979,0.0,0.0,0.0,0.0,0,0.9055775142731671,1.038208168642951,False,False,False,False,-0.13009783669426842,-0.12714486233200226,False,False,False,False,-113514.0,-108143.93136756236,False,False,False,False,1467.8372003332447,False,False,False,False
2025-08-28 17:00:00+00:00,13.525,13.685,13.52,13.675,300.0,,13.611423188405798,13.612157440579375,13.39717766575008,13.39673789803056,13.64405520054042,13.704470573994941,13.693393097035354,13.69930547976448,13.697341310031325,13.655101755854226,13.669376880348246,13.53266921753574,13.485360714558363,13.331011295710262,13.329617133065815,13.328188342241107,13.694574665121916,13.700826368957395,13.699599747381168,13.690538265739997,13.694884570023245,13.69426383560829,13.66908540352574,13.63092680705863,13.886771083044234,13.78468716072248,13.733824295002071,13.724842636099899,13.710527062269993,13.654419946730192,13.55631281069019,13.472061531081271,13.467697110812258,13.53266921753574,13.78468716072248,13.654419946730192,13.64405520054042,13.616412771848617,13.612395000135468,"rgba(38, 166, 154, 0.5)",0.19631600284486114,13.582108007740525,0.4731758537936622,51.4570386106507,-5.950769921097262,False,True,True,False,True,5.778305396014904,0.0,0.0,0.0,0.0,0,0.9017467248908303,1.0340611353711788,False,False,False,False,-0.10120795196889061,-0.11417640715044644,False,False,False,False,-113214.0,-108222.53708279393,False,False,False,False,1449.731197227303,False,False,False,False
2025-08-28 18:00:00+00:00,13.675,13.755,13.655,13.665,115.0,13.691666666666668,13.612479023646074,13.61320027372263,13.397951662667126,13.397485128883018,13.644078163050189,13.704466314938987,13.693392653359789,13.6993036364641,13.69734002944799,13.655109178733733,13.66938077850925,13.535858039762818,13.486262367144251,13.331557347552273,13.330162295575656,13.328569833591924,13.694573369894984,13.70082303687114,13.699596930957876,13.690538587060148,13.694883761494214,13.694263185869712,13.669090158616227,13.630938454261592,13.886748438704778,13.784677496823067,13.733820095384031,13.724839357895569,13.710525225702762,13.654423380017592,13.556324211163648,13.472078561255678,13.46771443726447,13.535858039762818,13.784677496823067,13.654423380017592,13.644078163050189,13.622987792507464,13.612648571493837,"rgba(38, 166, 154, 0.5)",0.1980689433160004,13.582185510042867,0.4181094146850118,55.18387312039943,-2.3671866860675124,False,True,True,False,True,5.38009367312322,0.0,0.0,0.0,0.0,0,0.9078661451542813,1.0291177748804865,False,False,False,False,-0.055972017276005544,-0.08507421221322599,False,False,False,False,-113329.0,-108301.70705050255,False,False,False,False,1429.0376902935463,False,False,False,False
2025-08-28 19:00:00+00:00,13.665,13.695,13.655,13.675,1909.0,13.675946969696971,13.623686887657685,13.62424978926665,13.409533768395237,13.40868570160046,13.644323757220219,13.7043045019959,13.69331452294222,13.699206671821878,13.697256654180709,13.655175983527922,13.66939704444801,13.57061167080989,13.499029008102426,13.339977567724915,13.33857157456375,13.334502208188692,13.694429713100831,13.700668035480149,13.699452821290322,13.690465482228504,13.694801172606212,13.69418351953633,13.669110744949776,13.631078263365204,13.886341260112028,13.784488675494432,13.733722988535563,13.72475774079945,13.71046789338288,13.654454816954908,13.556489908557047,13.472339449139675,13.46798028957621,13.57061167080989,13.784488675494432,13.654454816954908,13.644323757220219,13.625423521062821,13.615814763840872,"rgba(38, 166, 154, 0.5)",0.19967259237099852,13.58712356730273,0.4401026282765638,58.07098988259766,0.44157997634941637,False,False,True,False,True,5.728549322454956,0.0,0.0,0.0,0.0,0,0.9059643012625169,1.0374401393121462,False,False,False,False,-0.06654100507346172,-0.07580760864334385,False,False,False,False,-111420.0,-108350.05267762653,False,False,False,False,1436.4789664130262,False,False,False,False
2025-08-29 14:00:00+00:00,13.695,13.725,13.605,13.635,600.0,13.671157266260163,13.625357068776486,13.625885873902636,13.412717231540725,13.411771122570412,13.644350342041733,13.704219550623973,13.693263436571055,13.699151307366895,13.697207145107411,13.655175797955236,13.669383957851695,13.576754215698168,13.502275923484376,13.34238648722131,13.340978423467957,13.336217950433776,13.694338966819199,13.700582041633584,13.699371114555767,13.69041311687609,13.69474928093327,13.69413265309802,13.669095312913916,13.631102096482364,13.886201526546953,13.78441864685382,13.733682161698052,13.724721854972755,13.71043977246898,13.654455078619744,13.556533119033283,13.472413229471924,13.468055647523155,13.576754215698168,13.78441864685382,13.654455078619744,13.644350342041733,13.625803341714033,13.61651448276393,"rgba(38, 166, 154, 0.5)",0.20059427475148425,13.588128135583991,0.23366501598352132,57.293279621048974,0.44157997634941637,False,False,True,False,True,4.112359643144519,0.0,0.0,0.0,0.0,0,0.9053408597481553,1.0338688666956144,False,False,False,False,-0.0709915216139335,-0.07339956512863868,False,False,False,False,-112020.0,-108406.95108572535,False,False,False,False,1423.5103002670878,False,False,False,False
2025-08-29 15:00:00+00:00,13.64,13.685,13.605,13.655,500.0,13.667504268032436,13.626334865378615,13.62683889502137,13.415236435434666,13.414214997555048,13.644358589937388,13.704139422649561,13.693213569309744,13.699098325618248,13.69715947338577,13.655169790481414,13.669368024459231,13.580847725799687,13.504766500693451,13.344323742464914,13.342914346661285,13.337604156488634,13.69425090191664,13.700500182262374,13.699293058903182,13.690361404276313,13.694698905802653,13.694083160972827,13.669076408414801,13.631116390783513,13.886081856840661,13.784357344346445,13.7336452917239,13.724689121561472,13.710413544799614,13.654452631116012,13.556566662817797,13.472472424320125,13.468116161626334,13.580847725799687,13.784357344346445,13.654452631116012,13.644358589937388,13.626053054771958,13.617028723845118,"rgba(38, 166, 154, 0.5)",0.20164414288635152,13.588851921919215,0.3280436373401942,57.75841313440526,0.6712843630473699,False,False,True,False,True,4.829107020828314,0.0,0.0,0.0,0.0,1,0.903687635574838,1.0373101952277655,False,False,False,False,-0.053829731106212135,-0.06361464811742541,False,False,False,False,-111520.0,-108455.21540997767,False,False,False,False,1409.19231111566,False,False,False,False
2025-08-29 16:00:00+00:00,13.66,13.665,13.595,13.615,400.0,13.662679720015134,13.626290915576043,13.626778489502067,13.417015449636729,13.415942778882084,13.644326573084419,13.70404875247401,13.693153055649809,13.6990365744406,13.697103209566583,13.655148614834994,13.66934117469663,13.582779357614204,13.506384608483055,13.345738370041826,13.344328628846934,13.33862167600469,13.69414501490171,13.700405670287532,13.69920227271802,13.690297208349095,13.694638443037674,13.694023489882161,13.669044325311908,13.631112334357441,13.885976820453811,13.784299936326319,13.733607757615534,13.724654958871213,13.710384698301029,13.654443213883178,13.556586661396713,13.472513472121587,13.468158279478097,13.582779357614204,13.784299936326319,13.654443213883178,13.644326573084419,13.625905442363257,13.617333963558348,"rgba(38, 166, 154, 0.5)",0.20191832261837972,13.589112678894917,0.12820689459672915,55.516811622179645,0.6712843630473699,False,True,True,False,True,3.215155718087349,0.0,0.0,0.0,0.0,1,0.9186097668279813,1.0382754069511657,False,False,False,False,-0.04532515269580669,-0.05446990040661605,False,False,False,False,-111920.0,-108508.93300052066,False,False,False,False,1393.5459186952621,False,False,False,False
2025-08-29 17:00:00+00:00,13.615,13.645,13.595,13.615,1983.0,13.646711155499062,13.625174308897067,13.625595809792845,13.42513829260518,13.423845982172164,13.644115184398379,13.703564654214881,13.692825446770296,13.698704527111001,13.696799902004761,13.655020957230471,13.669188604727742,13.589116184313022,13.513386479524788,13.352383431472575,13.350973908966747,13.34344647216762,13.693574671391241,13.699899482665675,13.69871531309942,13.689948506803185,13.694311693724277,13.69370076073588,13.66886199006004,13.631070456696321,13.88544407817692,13.784004060837942,13.733410666202218,13.724474635744384,13.710230835798832,13.654386066003559,13.556675987618439,13.472707758301736,13.468357884240636,13.589116184313022,13.784004060837942,13.654386066003559,13.644115184398379,13.625557068785321,13.618594605661157,"rgba(38, 166, 154, 0.5)",0.19906533854244995,13.590367246887173,0.12374205018908804,54.022410614029226,0.6712843630473699,False,True,True,False,False,3.215155718087349,0.0,0.0,0.0,0.0,1,0.927876106194691,1.0283185840707962,False,False,False,False,-0.05051353007628374,-0.052491715241449896,False,False,False,False,-111920.0,-108561.81776020251,False,False,False,False,1402.684741661227,False,False,False,False
2025-08-29 18:00:00+00:00,13.615,13.635,13.605,13.615,400.0,13.644789515264376,13.624986007890634,13.625396291208792,13.42669798373262,13.425365948966437,13.64407296025461,13.703467666532022,13.692759710701255,13.698637879218207,13.696739003332745,13.654995314057194,13.669157939696339,13.590130140551798,13.514694024814412,13.353684763151342,13.352275482261296,13.344399600099402,13.693460663318,13.699798133076543,13.698617796177512,13.689878577792973,13.694246122500644,13.693635994838258,13.668825369186944,13.631062042606233,13.885336873241581,13.783944506254269,13.733370991648366,13.724438336050756,13.710199861809782,13.654374560360022,13.556693974703911,13.472746885923788,13.468398083136886,13.590130140551798,13.783944506254269,13.654374560360022,13.64407296025461,13.625588851737936,13.61882785379567,"rgba(38, 166, 154, 0.5)",0.19461738855492658,13.590658365919827,0.12507430225487318,53.026143275262285,0.6712843630473699,False,True,True,False,False,3.215155718087349,0.0,0.0,0.0,0.0,1,0.9267202859696163,1.0330652368185878,False,False,False,False,-0.05051353007628374,-0.05150262265886682,False,False,False,False,-111920.0,-108613.8826011296,False,False,False,False,1387.1392417905101,False,False,False,False
2025-08-29 19:00:00+00:00,13.615,13.625,13.595,13.61,3319.0,13.63227418888648,13.622199690026704,13.622538173275911,13.438205935762117,13.436609786976389,13.643616143622136,13.702593398396814,13.692158133650457,13.698032155470724,13.69618399812355,13.65473586310817,13.668863429550823,13.594572583361403,13.523623579117736,13.36368535411719,13.362281889008463,13.3518273073758,13.692424371660332,13.698881760797446,13.697734635702867,13.689236592051612,13.693647129600867,13.693043864233477,13.668473728604967,13.630947224717897,13.884422989034503,13.783427216438428,13.733019073247084,13.72411451379593,13.709920417716654,13.65425736631251,13.556822695747545,13.473052200908421,13.468712311612387,13.594572583361403,13.783427216438428,13.65425736631251,13.643616143622136,13.625667574737522,13.620369491143794,#000000,0.19106623539055187,13.592549810866291,0.09133057496024176,51.97601530405311,0.6712843630473699,False,True,False,False,False,3.00570237664288,0.0,0.0,0.0,0.0,1,0.9219030520646326,1.032315978456014,False,False,False,False,-0.05570462616795546,-0.05360362441341114,False,False,False,False,-115239.0,-108716.5975995617,False,False,False,False,1417.0905713751533,False,False,False,False
2025-09-01 14:00:00+00:00,13.61,13.61,13.61,13.61,0.0,13.63227418888648,13.622199690026704,13.622538173275911,13.438205935762117,13.436609786976389,13.643616143622136,13.702593398396814,13.692158133650457,13.698032155470724,13.69618399812355,13.65473586310817,13.668863429550823,13.594572583361403,13.523623579117736,13.36368535411719,13.362281889008463,13.3518273073758,13.692424371660332,13.698881760797446,13.697734635702867,13.689236592051612,13.693647129600867,13.693043864233477,13.668473728604967,13.630947224717897,13.884422989034503,13.783427216438428,13.733019073247084,13.72411451379593,13.709920417716654,13.65425736631251,13.556822695747545,13.473052200908421,13.468712311612387,13.594572583361403,13.783427216438428,13.65425736631251,13.643616143622136,13.625667574737522,13.620369491143794,#000000,0.18885661179802885,13.592549810866291,0.0923991432842709,51.27592998991366,0.6712843630473699,False,True,False,False,False,3.00570237664288,0.0,0.0,0.0,0.0,1,0.9233212341197828,1.0367513611615242,False,False,False,False,-0.05462120643061283,-0.054112415422011985,False,False,False,False,-115239.0,-108817.72011739796,False,False,False,False,1395.1201749197246,False,False,False,False
2025-09-01 15:00:00+00:00,13.61,13.61,13.61,13.61,0.0,13.63227418888648,13.622199690026704,13.622538173275911,13.438205935762117,13.436609786976389,13.643616143622136,13.702593398396814,13.692158133650457,13.698032155470724,13.69618399812355,13.65473586310817,13.668863429550823,13.594572583361403,13.523623579117736,13.36368535411719,13.362281889008463,13.3518273073758,13.692424371660332,13.698881760797446,13.697734635702867,13.689236592051612,13.693647129600867,13.693043864233477,13.668473728604967,13.630947224717897,13.884422989034503,13.783427216438428,13.733019073247084,13.72411451379593,13.709920417716654,13.65425736631251,13.556822695747545,13.473052200908421,13.468712311612387,13.594572583361403,13.783427216438428,13.65425736631251,13.643616143622136,13.625667574737522,13.620369491143794,#000000,0.18620740639998679,13.592549810866291,0.09371372208591823,50.80920644715402,0.6712843630473699,False,True,False,False,False,3.00570237664288,0.0,0.0,0.0,0.0,0,0.9194722474977257,1.0323020928116469,False,False,False,False,0.03249844530364505,-0.010806985059183469,False,False,False,False,-115239.0,-108917.27484426,False,False,False,False,1373.4904047659304,False,False,False,False
2025-09-01 16:00:00+00:00,13.61,13.61,13.61,13.61,0.0,13.63227418888648,13.622199690026704,13.622538173275911,13.438205935762117,13.436609786976389,13.643616143622136,13.702593398396814,13.692158133650457,13.698032155470724,13.69618399812355,13.65473586310817,13.668863429550823,13.594572583361403,13.523623579117736,13.36368535411719,13.362281889008463,13.3518273073758,13.692424371660332,13.698881760797446,13.697734635702867,13.689236592051612,13.693647129600867,13.693043864233477,13.668473728604967,13.630947224717897,13.884422989034503,13.783427216438428,13.733019073247084,13.72411451379593,13.709920417716654,13.65425736631251,13.556822695747545,13.473052200908421,13.468712311612387,13.594572583361403,13.783427216438428,13.65425736631251,13.643616143622136,13.625667574737522,13.620369491143794,#000000,0.18398369492977287,13.592549810866291,0.09484638918882884,50.4980574186476,5.000900643154964,False,True,False,False,False,3.00570237664288,0.0,0.0,0.0,0.0,0,0.9408143939393943,1.0326704545454544,False,False,False,False,0.06311734597148147,0.026155180456149,False,False,False,False,-115239.0,-109015.28608698465,False,False,False,False,1352.1959798858384,False,False,False,False
2025-09-01 17:00:00+00:00,13.61,13.61,13.61,13.61,0.0,13.63227418888648,13.622199690026704,13.622538173275911,13.438205935762117,13.436609786976389,13.643616143622136,13.702593398396814,13.692158133650457,13.698032155470724,13.69618399812355,13.65473586310817,13.668863429550823,13.594572583361403,13.523623579117736,13.36368535411719,13.362281889008463,13.3518273073758,13.692424371660332,13.698881760797446,13.697734635702867,13.689236592051612,13.693647129600867,13.693043864233477,13.668473728604967,13.630947224717897,13.884422989034503,13.783427216438428,13.733019073247084,13.72411451379593,13.709920417716654,13.65425736631251,13.556822695747545,13.473052200908421,13.468712311612387,13.594572583361403,13.783427216438428,13.65425736631251,13.643616143622136,13.625667574737522,13.620369491143794,#000000,0.18373507171084233,13.592549810866291,0.09497473166783675,50.290624732976646,4.354905173198581,False,True,False,False,False,3.00570237664288,0.0,0.0,0.0,0.0,0,0.9404761904761908,1.0157142857142856,False,False,False,False,0.06311734597148147,0.04463626321381524,False,False,False,False,-115239.0,-109111.77777555853,False,False,False,False,1331.2317011279183,False,False,False,False
2025-09-01 18:00:00+00:00,13.61,13.61,13.61,13.61,0.0,13.63227418888648,13.622199690026704,13.622538173275911,13.438205935762117,13.436609786976389,13.643616143622136,13.702593398396814,13.692158133650457,13.698032155470724,13.69618399812355,13.65473586310817,13.668863429550823,13.594572583361403,13.523623579117736,13.36368535411719,13.362281889008463,13.3518273073758,13.692424371660332,13.698881760797446,13.697734635702867,13.689236592051612,13.693647129600867,13.693043864233477,13.668473728604967,13.630947224717897,13.884422989034503,13.783427216438428,13.733019073247084,13.72411451379593,13.709920417716654,13.65425736631251,13.556822695747545,13.473052200908421,13.468712311612387,13.594572583361403,13.783427216438428,13.65425736631251,13.643616143622136,13.625667574737522,13.620369491143794,#000000,0.18382632324324222,13.592549810866291,0.09492758613584192,50.15233627586268,3.787194162244461,False,True,False,False,False,3.00570237664288,0.0,0.0,0.0,0.0,0,0.9426229508196726,1.01976856316297,False,False,False,False,0.06311734597148147,0.053876804592648354,False,False,False,False,-115239.0,-109206.77346896072,False,False,False,False,1310.5924499476405,False,False,False,False
2025-09-01 19:00:00+00:00,13.61,13.61,13.61,13.61,0.0,13.63227418888648,13.622199690026704,13.622538173275911,13.438205935762117,13.436609786976389,13.643616143622136,13.702593398396814,13.692158133650457,13.698032155470724,13.69618399812355,13.65473586310817,13.668863429550823,13.594572583361403,13.523623579117736,13.36368535411719,13.362281889008463,13.3518273073758,13.692424371660332,13.698881760797446,13.697734635702867,13.689236592051612,13.693647129600867,13.693043864233477,13.668473728604967,13.630947224717897,13.884422989034503,13.783427216438428,13.733019073247084,13.72411451379593,13.709920417716654,13.65425736631251,13.556822695747545,13.473052200908421,13.468712311612387,13.594572583361403,13.783427216438428,13.65425736631251,13.643616143622136,13.625667574737522,13.620369491143794,#000000,0.18385381482372654,13.592549810866291,0.09491339165542312,50.060143971120034,3.2839963380631048,False,True,False,False,False,3.00570237664288,0.0,0.0,0.0,0.0,0,0.9387755102040821,1.0184645286686103,False,False,False,False,0.08171073013254146,0.0677937673625949,False,False,False,False,-115239.0,-109300.29636091481,False,False,False,False,1290.2731871577546,False,False,False,False
2025-09-02 14:00:00+00:00,13.83,13.885,13.775,13.865,1100.0,13.654580185938409,13.63493852567147,13.63523859704586,13.446429758242846,13.444623358093084,13.644492272487799,13.703023200059196,13.692517451425497,13.69835673189778,13.696491862411264,13.655092416943825,13.669148077821564,13.611618898296229,13.533202141057934,13.369787290423904,13.368372197326673,13.35632571108941,13.69303600901622,13.699363049875538,13.698208473247265,13.689641536896072,13.69399510940611,13.693391782561351,13.668816173254488,13.631327252337558,13.884376006646319,13.783484561770663,13.733121691372606,13.724224653543772,13.710042078405131,13.654421262213003,13.557050477161166,13.473323759568466,13.468986404793132,13.611618898296229,13.783484561770663,13.654421262213003,13.644492272487799,13.63124436983655,13.62255075092105,"rgba(38, 166, 154, 1.0)",0.18853266976197935,13.598156332696481,1.4153709680152853,62.11532471234642,8.077951898399206,True,False,True,False,True,12.792230623615808,0.0,0.0,0.0,0.0,0,0.9424631478839758,1.002377555872563,False,False,False,False,0.2749095492135562,0.17135165828807555,False,False,False,False,-114139.0,-109375.3150219859,False,False,False,False,1287.323215263836,False,False,False,False
2025-09-02 15:00:00+00:00,13.865,13.945,13.855,13.925,1300.0,13.682954441195024,13.65248893058779,13.652745533145948,13.45729493118132,13.455217600159346,13.645864482024237,13.7037703403661,13.693128695995702,13.698916001819363,13.697020337996454,13.655661991910012,13.669612803972788,13.633986469508072,13.546095292230682,13.377791656186396,13.376359424544468,13.362252404038072,13.694073759601535,13.700192198323968,13.699022828137084,13.69032599519137,13.694588964311974,13.693984793981258,13.66937455839894,13.631916402310308,13.88440707799798,13.783629676221839,13.733317050222478,13.724428291061514,13.710258246966356,13.654683419743431,13.557382149025402,13.473702169749311,13.469367667009555,13.633986469508072,13.783629676221839,13.654683419743431,13.645864482024237,13.638723007529508,13.625506386125544,"rgba(38, 166, 154, 1.0)",0.194810302741067,13.605667091138665,1.6391992844740788,70.89155534814833,15.617401297096166,True,False,True,False,True,14.758361067263717,0.0,0.0,0.0,0.0,0,0.9517502365184488,0.9938505203405866,False,False,False,False,0.34282816409130834,0.25708991118969193,False,False,False,False,-112839.0,-109429.01556428068,False,False,False,False,1287.5197545620708,False,False,False,False
2025-09-02 16:00:00+00:00,13.92,13.985,13.915,13.965,200.0,13.687555245504258,13.655447329388947,13.655697381057019,13.459089562374551,13.456968120815167,13.646111635226406,13.703910914772846,13.693242751690075,13.699020893663905,13.697119311606016,13.65576553360614,13.66969808531704,13.637666762205027,13.548246063889472,13.379108491319318,13.377673262643226,13.363229882119489,13.69426710632753,13.700347645236432,13.699175361653868,13.690453375813757,13.694699917981273,13.694095535591169,13.669476964308126,13.63202208309551,13.884421160601327,13.783660314968648,13.73335507043799,13.724467519615262,13.71029928729674,13.654731115085056,13.557439897579352,13.4737665727981,13.469432493488526,13.637666762205027,13.783660314968648,13.654731115085056,13.646111635226406,13.639968897085197,13.62600163109342,"rgba(38, 166, 154, 1.0)",0.2017943159406582,13.619962780244023,1.7098460784070941,77.15750220024194,20.676179634275314,True,False,True,False,True,16.026329733575224,0.0,0.0,0.0,0.0,0,0.982625482625483,0.989864864864865,False,False,False,False,0.342828169282347,0.2999590402360195,False,False,False,False,-112639.0,-109478.78276483445,False,False,False,False,1270.6589831735116,False,False,False,False
2025-09-02 17:00:00+00:00,13.965,13.985,13.935,13.955,300.0,13.694254357028974,13.659826193115192,13.660066734042383,13.461775305144117,13.459588450840002,13.646485617624311,13.70412427704462,13.69341582535181,13.699180117155356,13.697269546851734,13.655922440527025,13.669827405274512,13.643088006011086,13.551456224124134,13.381083884682711,13.379644185222054,13.364698294415524,13.694560290643519,13.70058350780208,13.699406798160753,13.690646621651954,13.694868300316154,13.694263591939706,13.669632227258885,13.632182109406125,13.884443271127594,13.78370714624679,13.733412933630074,13.724527187887134,13.710361660222066,13.654803423593926,13.557527214988616,13.473863813982653,13.469530368072844,13.643088006011086,13.78370714624679,13.654803423593926,13.646485617624311,13.641811355833335,13.626740502790291,"rgba(38, 166, 154, 1.0)",0.20673800715789048,13.621909151704077,1.6111737404991706,80.45529340567197,23.13085677225577,True,False,True,False,True,15.540183365620969,0.0,0.0,0.0,0.0,0,0.96615087040619,0.9903288201160542,False,False,False,False,0.34282817024976775,0.3213936052428936,False,False,False,False,-112939.0,-109532.42954367422,False,False,False,False,1255.6100066902013,False,False,False,False
2025-09-02 18:00:00+00:00,13.955,13.975,13.935,13.945,604.0,13.70646779261587,13.668080543198313,13.668303480958393,13.46702445154042,13.46471240984973,13.647219819087788,13.704541525621607,13.69375484402405,13.69949186335395,13.697563786110674,13.656230900025678,13.670081409992413,13.653245590132071,13.5576658189478,13.384974953897098,13.383526748924941,13.367599869051032,13.695133728938103,13.701044823261128,13.699859540378801,13.691025176804304,13.695198096712302,13.694592772092818,13.669937110801685,13.632497244164576,13.884483734097088,13.783797760419683,13.733525890946519,13.72464380492233,13.710483769034612,13.654945705074892,13.55769997653554,13.474056782122753,13.469724617457233,13.653245590132071,13.783797760419683,13.654945705074892,13.647219819087788,13.64528940219824,13.628166523396244,"rgba(38, 166, 154, 1.0)",0.21024967997107738,13.625277564684847,1.5206797715893567,81.72424861297579,24.026300920998125,True,False,True,False,True,15.049439418821784,0.0,0.0,0.0,0.0,0,0.9713174526008755,0.9883325230918815,False,False,False,False,0.33862570039556195,0.3300096528192278,False,False,False,False,-113543.0,-109594.608930594,False,False,False,False,1245.5075259663222,False,False,False,False
2025-09-02 19:00:00+00:00,13.945,13.975,13.945,13.955,3133.0,13.756212149866569,13.705215547751278,13.705367583074997,13.492893243477923,13.490007878351712,13.65105436530104,13.70674123717045,13.695544265414023,13.701139068368269,13.699118931550636,13.65785650982851,13.671422662197273,13.697740511435931,13.58751036193465,13.404563536634562,13.403075701161145,13.38236844135187,13.698143871087064,13.703473697003297,13.70224360729451,13.69302106445568,13.696939392787288,13.6963307686483,13.671545223335775,13.63415588628745,13.884713589683471,13.784284823566292,13.734127788379281,13.725264498187325,13.711132633256621,13.655698081052815,13.558608803977696,13.47506916530992,13.470743602544559,13.697740511435931,13.784284823566292,13.655698081052815,13.65105436530104,13.661047786862722,13.63503432042616,"rgba(38, 166, 154, 1.0)",0.21373316276347376,13.641697860691508,1.4658564691488964,82.75270544290305,25.020782898132424,True,False,True,False,True,15.379189855275527,0.0,0.0,0.0,0.0,0,0.9727493917274943,0.9824817518248176,False,False,False,False,0.34282817024976775,0.33641891153449777,False,False,False,False,-110410.0,-109607.25065260028,False,False,False,False,1274.7709751761467,False,False,False,False
2025-09-03 14:00:00+00:00,13.68,13.685,13.605,13.625,200.0,13.754744443752726,13.704673728127025,13.70482514700329,13.493380455476835,13.490491511515431,13.651044364253869,13.706703408263527,13.695519575518514,13.701113564485157,13.69909579923394,13.657849805843862,13.671412836422318,13.697192525289797,13.58775088142732,13.405072268224824,13.40358535255611,13.382776295033384,13.698100236373845,13.70343446480123,13.702205998746587,13.692995010334265,13.696914645801398,13.69630638112378,13.671533405566718,13.634157243328412,13.88466464605731,13.784258827832035,13.734111418421593,13.725249761181653,13.711120468878885,13.655695332485452,13.558620347358021,13.475090950131657,13.470765910810277,13.697192525289797,13.784258827832035,13.655695332485452,13.651044364253869,13.660904553324706,13.635072835080205,"rgba(38, 166, 154, 0.75)",0.21095166177021787,13.640941758499261,-0.07557067038716278,67.50564269481885,26.47473851839456,True,False,True,False,False,1.2554178034455887,0.0,0.0,0.0,0.0,0,0.9677877783041218,0.9848413074372335,False,False,False,False,0.09402606717109022,0.21522248935279398,False,False,False,False,-110610.0,-109622.79715411035,False,False,False,False,1258.1078592819429,False,False,False,False
2025-09-03 15:00:00+00:00,13.625,13.795,13.595,13.775,4609.0,13.747369469169248,13.707347054874788,13.707472122762148,13.509740872620974,13.506648217508001,13.65230109947246,13.706891695492608,13.695777054912806,13.701304117517687,13.699292022851136,13.658350844797557,13.67175439320877,13.701483017002019,13.60091960031292,13.420191461510823,13.418710048488592,13.3947795358893,13.698489894804558,13.703684051858563,13.702466374438771,13.693306378266303,13.697153185949078,13.696549770497173,13.67194115920444,13.634807484481453,13.883921856909373,13.784002962609502,13.734062602306874,13.72523581756694,13.711160923318918,13.65593509904391,13.559162575497826,13.475846836923983,13.471533213810108,13.701483017002019,13.784002962609502,13.65593509904391,13.65230109947246,13.66368741376568,13.637970175031432,"rgba(38, 166, 154, 0.75)",0.2095163241613957,13.639985247087461,0.6444116154335264,62.03827060250932,21.987130700808223,True,False,True,False,False,6.239364415840644,0.0,0.0,0.0,0.0,0,0.9691588785046734,0.9714953271028037,False,False,False,False,0.13201149573404758,0.17361699254342078,False,False,False,False,-106001.0,-109566.64526024817,False,False,False,False,1310.0596754171063,False,False,False,False
2025-09-03 16:00:00+00:00,13.775,13.79,13.625,13.635,0.0,13.747369469169248,13.707347054874788,13.707472122762148,13.509740872620974,13.506648217508001,13.65230109947246,13.706891695492608,13.695777054912806,13.701304117517687,13.699292022851136,13.658350844797557,13.67175439320877,13.701483017002019,13.60091960031292,13.420191461510823,13.418710048488592,13.3947795358893,13.698489894804558,13.703684051858563,13.702466374438771,13.693306378266303,13.697153185949078,13.696549770497173,13.67194115920444,13.634807484481453,13.883921856909373,13.784002962609502,13.734062602306874,13.72523581756694,13.711160923318918,13.65593509904391,13.559162575497826,13.475846836923983,13.471533213810108,13.701483017002019,13.784002962609502,13.65593509904391,13.65230109947246,13.66368741376568,13.637970175031432,"rgba(38, 166, 154, 0.5)",0.20660832509851354,13.639985247087461,-0.02412897488561579,55.15297947498735,16.01946341792933,False,False,True,False,False,1.32655811158401,0.0,0.0,0.0,0.0,0,0.9841195702942556,0.9696403549743113,False,False,False,False,0.1415630733989264,0.15759003297117358,False,False,False,False,-106001.0,-109511.36393838386,False,False,False,False,1289.7486726974612,False,False,False,False
2025-09-03 17:00:00+00:00,13.635,13.65,13.585,13.605,1217.0,13.739917233922673,13.703597474383344,13.70372099622378,13.511664784548318,13.508581333253927,13.652118854558958,13.706581867557752,13.695563242566694,13.701089285535119,13.699095152243967,13.658257712137985,13.67164973619274,13.697583127332658,13.601233770734984,13.422596619222537,13.421123332008783,13.39680459962643,13.698119725587683,13.703358641460149,13.702152588345674,13.693077710452272,13.69694043189535,13.696339421091766,13.671815562086524,13.634765434263995,13.883596654085414,13.78381894350561,13.733937684652624,13.725120950725357,13.711061936847049,13.65589425504677,13.559210102304839,13.475958035434608,13.471647626668858,13.697583127332658,13.78381894350561,13.65589425504677,13.652118854558958,13.662653139427102,13.638007143335454,"rgba(239, 83, 80, 1.0)",0.20248205348127812,13.63818276554719,-0.16388003270748275,49.95795527225537,11.496561538324436,False,True,False,True,False,0.33046278273983987,0.0,0.0,0.0,0.0,0,0.9785247432306262,0.9808590102707752,False,False,False,False,0.0732557133238446,0.1154228731475091,False,False,False,False,-107218.0,-109475.8079083314,False,False,False,False,1288.620786299051,False,False,False,False
2025-09-03 18:00:00+00:00,13.605,13.635,13.595,13.595,0.0,13.739917233922673,13.703597474383344,13.70372099622378,13.511664784548318,13.508581333253927,13.652118854558958,13.706581867557752,13.695563242566694,13.701089285535119,13.699095152243967,13.658257712137985,13.67164973619274,13.697583127332658,13.601233770734984,13.422596619222537,13.421123332008783,13.39680459962643,13.698119725587683,13.703358641460149,13.702152588345674,13.693077710452272,13.69694043189535,13.696339421091766,13.671815562086524,13.634765434263995,13.883596654085414,13.78381894350561,13.733937684652624,13.725120950725357,13.711061936847049,13.65589425504677,13.559210102304839,13.475958035434608,13.471647626668858,13.697583127332658,13.78381894350561,13.65589425504677,13.652118854558958,13.662653139427102,13.638007143335454,"rgba(239, 83, 80, 1.0)",0.19924671202372587,13.63818276554719,-0.21673012873631664,46.281247645796896,8.156138710670383,False,True,False,True,False,0.0,0.0,0.0,0.0,0.0,0,0.9844559585492234,0.9839849269901085,False,False,False,False,0.07137089111077001,0.09339688212913955,False,False,False,False,-107218.0,-109440.80313455881,False,False,False,False,1268.6421694572052,False,False,False,False
2025-09-03 19:00:00+00:00,13.595,13.62,13.585,13.62,1931.0,13.729250209907642,13.697927723840346,13.698048789250556,13.514431860855817,13.511369105338062,13.651796331122137,13.706068321120735,13.695205764941326,13.700731259677989,13.69876651965858,13.658094368725212,13.671470273515357,13.691728942332736,13.601507857171415,13.426195431132511,13.42473553961243,13.39986940536485,13.69750469139656,13.702818688394986,13.701631442231355,13.692694975496506,13.696585008831896,13.695987862087607,13.671600435690088,13.634683563592855,13.883072742995488,13.783519236070259,13.7337318136317,13.724931045604126,13.710897272007099,13.65582201426459,13.559278390902247,13.4761276958772,13.471822392849203,13.691728942332736,13.783519236070259,13.65582201426459,13.651796331122137,13.661096710662813,13.638033929433533,"rgba(239, 83, 80, 1.0)",0.1961362598614694,13.635833189991095,-0.0807254609743168,44.71599835813795,6.4876409804172255,False,True,False,True,False,0.8336864679128446,0.0,0.0,0.0,0.0,0,0.9829545454545462,0.981534090909091,False,False,False,False,0.061954100316845916,0.07767549122299273,False,False,False,False,-105287.0,-109376.40308596099,False,False,False,False,1278.9112831090315,False,False,False,False
